AdaHT-ProcessRBF
Speed Change:,	0.0,	Centroids:,	100,	DriftCentroid:	100
GracePeriod:,	200,	TieThreshold:,	0.05,	BinarySplit:,	false
Count,	Time,	TP,	FN,	TN,	FP,	Accu,	Kappa,	Kpa_t,	Mem,	Depth,	TSize,	DcNod,	ActLf,	InacLf,	Reset,	Alter,	Switch,	Prune,	ClOp0,	ClOp1,	ClOp2,	ClOp3
50000,	7.902,	25718,	4084,	14247,	5947,	79.93,	57.7,	58.58,	257,	11,	57,	28,	29,	0,	0,	0,	0,	0,	0,	0,	0,	0,	
100000,	13.904,	26465,	3066,	16672,	3530,	86.8,	72.5,	72.75,	545,	13,	121,	60,	61,	0,	0,	0,	0,	0,	0,	0,	0,	0,	
150000,	19.349,	50821,	6972,	31649,	8779,	88.55,	76.26,	76.18,	787,	16,	175,	87,	88,	0,	0,	0,	0,	0,	0,	0,	0,	0,	
200000,	24.444,	51322,	5729,	34050,	6310,	89.1,	77.33,	77.36,	1049,	19,	233,	116,	117,	0,	0,	0,	0,	0,	0,	0,	0,	0,	
250000,	28.91,	74108,	9279,	49315,	11361,	90.22,	79.66,	79.62,	1319,	21,	293,	146,	147,	0,	0,	0,	0,	0,	0,	0,	0,	0,	
300000,	32.985,	73190,	7964,	51811,	8853,	90.44,	80.13,	80.28,	1535,	22,	341,	170,	171,	0,	0,	0,	0,	0,	0,	0,	0,	0,	
350000,	36.451,	95338,	11680,	67400,	13714,	90.49,	80.33,	80.46,	1724,	22,	383,	191,	192,	0,	0,	0,	0,	0,	0,	0,	0,	0,	
400000,	39.58,	95248,	10037,	69583,	11380,	90.79,	80.83,	80.94,	2011,	24,	447,	223,	224,	0,	0,	0,	0,	0,	0,	0,	0,	0,	
450000,	42.327,	118039,	13687,	85319,	16071,	91.26,	81.83,	81.67,	2308,	24,	513,	256,	257,	0,	0,	0,	0,	0,	0,	0,	0,	0,	
500000,	44.574,	117910,	12051,	87576,	13650,	91.43,	82.18,	82.31,	2570,	24,	571,	285,	286,	0,	0,	0,	0,	0,	0,	0,	0,	0,	
550000,	47.099,	138409,	15624,	103259,	18399,	91.46,	82.23,	82.36,	2847,	26,	633,	316,	317,	0,	0,	0,	0,	0,	0,	0,	0,	0,	
600000,	53.923,	137663,	13954,	105653,	15870,	91.75,	82.85,	82.73,	3009,	26,	669,	334,	335,	0,	0,	0,	0,	0,	0,	0,	0,	0,	
650000,	60.112,	158101,	17528,	121286,	20509,	91.97,	83.28,	83.35,	3288,	26,	731,	365,	366,	0,	0,	0,	0,	0,	0,	0,	0,	0,	
700000,	65.973,	158178,	15850,	123817,	18031,	91.88,	83.13,	83.15,	3513,	26,	781,	390,	391,	0,	0,	0,	0,	0,	0,	0,	0,	0,	
750000,	71.223,	178546,	19463,	139316,	22682,	91.78,	82.9,	82.96,	3729,	26,	829,	414,	415,	0,	0,	0,	0,	0,	0,	0,	0,	0,	
800000,	75.979,	179038,	17685,	141874,	20105,	92.18,	83.71,	83.76,	3942,	26,	877,	438,	439,	0,	0,	0,	0,	0,	0,	0,	0,	0,	
850000,	80.173,	199163,	21267,	157379,	24706,	92.34,	84.04,	84.05,	4213,	26,	937,	468,	469,	0,	0,	0,	0,	0,	0,	0,	0,	0,	
900000,	83.906,	198845,	19462,	160035,	22165,	92.32,	84.03,	84.04,	4419,	26,	983,	491,	492,	0,	0,	0,	0,	0,	0,	0,	0,	0,	
950000,	87.192,	217712,	23107,	175628,	26694,	92.34,	84.08,	84.18,	4604,	26,	1023,	511,	512,	0,	0,	0,	0,	0,	0,	0,	0,	0,	
1000000,	90.059,	216844,	21260,	178203,	24167,	92.4,	84.18,	84.22,	4818,	26,	1071,	535,	536,	0,	0,	0,	0,	0,	0,	0,	0,	0,	

1000000,	90.059,	434556,	44367,	353831,	50861,	90.47,	80.17,	80.24,	4818,	26,	1071,	535,	536,	0,	0,	0,	0,	0,	0,	0,	0,	0,	
Pool,	TP,	FN,	TN,	FP
1,	7139,	2634,	5597,	2744,	
2,	25107,	4605,	36695,	5578,	
3,	45417,	4745,	97404,	15319,	
4,	140188,	14839,	115082,	15678,	
5,	216705,	17544,	99053,	11542,	





AdaHT-ProcessRBF
Speed Change:,	0.001,	Centroids:,	100,	DriftCentroid:	100
GracePeriod:,	200,	TieThreshold:,	0.05,	BinarySplit:,	false
Count,	Time,	TP,	FN,	TN,	FP,	Accu,	Kappa,	Kpa_t,	Mem,	Depth,	TSize,	DcNod,	ActLf,	InacLf,	Reset,	Alter,	Switch,	Prune,	ClOp0,	ClOp1,	ClOp2,	ClOp3
50000,	6.75,	16448,	4484,	25583,	3484,	84.06,	67.04,	67.26,	248,	6,	55,	27,	28,	0,	0,	0,	0,	0,	0,	0,	0,	0,	
100000,	12.209,	17951,	3101,	26803,	2145,	89.51,	78.35,	78.38,	545,	10,	121,	60,	61,	0,	0,	0,	0,	0,	0,	0,	0,	0,	
150000,	17.259,	34680,	7176,	52619,	5524,	90.54,	80.47,	80.56,	822,	12,	183,	91,	92,	0,	0,	0,	0,	0,	0,	0,	0,	0,	
200000,	21.806,	35663,	5620,	54358,	3999,	91.25,	81.85,	81.9,	1049,	14,	233,	116,	117,	0,	0,	0,	0,	0,	0,	0,	0,	0,	
250000,	25.94,	53314,	9491,	79615,	7421,	91.57,	82.68,	82.79,	1319,	16,	293,	146,	147,	0,	0,	0,	0,	0,	0,	0,	0,	0,	
300000,	29.627,	52964,	8018,	81483,	5850,	91.49,	82.48,	82.6,	1605,	16,	357,	178,	179,	0,	0,	0,	0,	0,	0,	0,	0,	0,	
350000,	32.898,	71207,	11809,	106933,	9134,	91.93,	83.37,	83.47,	1832,	18,	407,	203,	204,	0,	0,	0,	0,	0,	0,	0,	0,	0,	
400000,	35.735,	68645,	10299,	108755,	7678,	91.78,	83.05,	83.05,	2057,	19,	457,	228,	229,	0,	0,	0,	0,	0,	0,	0,	0,	0,	
450000,	38.182,	86275,	14066,	134255,	11014,	91.72,	82.91,	82.76,	2380,	20,	529,	264,	265,	0,	0,	0,	0,	0,	0,	0,	0,	0,	
500000,	40.003,	83925,	12588,	135966,	9444,	91.89,	83.3,	83.41,	2587,	20,	575,	287,	288,	0,	0,	0,	0,	0,	0,	0,	0,	0,	
550000,	42.299,	100860,	16226,	161554,	12855,	91.99,	83.49,	83.6,	2867,	22,	637,	318,	319,	0,	0,	0,	0,	0,	0,	0,	0,	0,	
600000,	48.594,	98427,	14760,	163108,	11253,	92.03,	83.62,	83.65,	3082,	22,	685,	342,	343,	0,	0,	0,	0,	0,	0,	0,	0,	0,	
650000,	54.837,	115579,	18358,	188666,	14635,	92.17,	83.91,	83.93,	3334,	23,	741,	370,	371,	0,	0,	0,	0,	0,	0,	0,	0,	0,	
700000,	60.271,	111879,	16881,	190466,	13010,	92.24,	84.0,	84.0,	3575,	23,	795,	397,	398,	0,	0,	0,	0,	0,	0,	0,	0,	0,	
750000,	65.253,	129566,	20447,	216091,	16330,	92.43,	84.39,	84.5,	3757,	24,	835,	417,	418,	0,	0,	0,	0,	0,	0,	0,	0,	0,	
800000,	69.706,	125999,	18990,	217866,	14700,	92.39,	84.33,	84.32,	3972,	25,	883,	441,	442,	0,	0,	0,	0,	0,	0,	0,	0,	0,	
850000,	73.722,	144524,	22531,	243378,	18026,	92.43,	84.43,	84.46,	4143,	25,	921,	460,	461,	0,	0,	0,	0,	0,	0,	0,	0,	0,	
900000,	77.262,	140491,	21107,	245218,	16307,	92.55,	84.66,	84.79,	4315,	26,	959,	479,	480,	0,	0,	0,	0,	0,	0,	0,	0,	0,	
950000,	80.362,	158850,	24629,	270891,	19682,	92.49,	84.49,	84.47,	4634,	27,	1031,	515,	516,	0,	0,	0,	0,	0,	0,	0,	0,	0,	
1000000,	82.926,	155287,	23110,	272491,	17932,	92.74,	85.08,	85.06,	4819,	27,	1071,	535,	536,	0,	0,	0,	0,	0,	0,	0,	0,	0,	

1000000,	82.926,	314137,	47739,	543382,	37614,	91.46,	82.4,	82.45,	4819,	27,	1071,	535,	536,	0,	0,	0,	0,	0,	0,	0,	0,	0,	
Pool,	TP,	FN,	TN,	FP
1,	6713,	2815,	7097,	1562,	
2,	30784,	10025,	28799,	3037,	
3,	53301,	8871,	92152,	7982,	
4,	66206,	10055,	187214,	8136,	
5,	157133,	15973,	228120,	16897,	





AdaHT-ProcessRBF
Speed Change:,	0.01,	Centroids:,	100,	DriftCentroid:	100
GracePeriod:,	200,	TieThreshold:,	0.05,	BinarySplit:,	false
Count,	Time,	TP,	FN,	TN,	FP,	Accu,	Kappa,	Kpa_t,	Mem,	Depth,	TSize,	DcNod,	ActLf,	InacLf,	Reset,	Alter,	Switch,	Prune,	ClOp0,	ClOp1,	ClOp2,	ClOp3
50000,	6.672,	20652,	4705,	20448,	4194,	82.2,	64.4,	64.47,	230,	7,	51,	25,	26,	0,	0,	0,	0,	0,	0,	0,	0,	0,	
100000,	12.093,	22193,	2958,	22245,	2597,	88.88,	77.77,	77.83,	563,	10,	125,	62,	63,	0,	0,	0,	0,	0,	0,	0,	0,	0,	
150000,	17.205,	43512,	7389,	42709,	6376,	90.27,	80.53,	80.78,	822,	11,	183,	91,	92,	0,	0,	0,	0,	0,	0,	0,	0,	0,	
200000,	22.044,	45253,	5295,	44825,	4569,	91.38,	82.76,	82.77,	1148,	12,	255,	127,	128,	0,	0,	0,	0,	0,	0,	0,	0,	0,	
250000,	26.069,	65488,	9498,	65523,	8256,	92.01,	84.02,	84.0,	1445,	14,	321,	160,	161,	0,	0,	0,	0,	0,	0,	0,	0,	0,	
300000,	29.703,	67104,	7263,	67831,	6460,	92.27,	84.55,	84.48,	1724,	16,	383,	191,	192,	0,	0,	0,	0,	0,	0,	0,	0,	0,	
350000,	33.013,	86662,	11518,	88166,	10110,	92.24,	84.48,	84.64,	1940,	17,	431,	215,	216,	0,	0,	0,	0,	0,	0,	0,	0,	0,	
400000,	35.805,	87384,	9161,	90676,	8357,	92.4,	84.8,	84.75,	2237,	18,	497,	248,	249,	0,	0,	0,	0,	0,	0,	0,	0,	0,	
450000,	38.149,	106602,	13317,	111081,	11933,	92.75,	85.49,	85.53,	2486,	19,	553,	276,	277,	0,	0,	0,	0,	0,	0,	0,	0,	0,	
500000,	40.021,	106819,	11067,	113596,	10090,	92.71,	85.43,	85.48,	2748,	21,	611,	305,	306,	0,	0,	0,	0,	0,	0,	0,	0,	0,	
550000,	42.27,	124490,	15261,	134264,	13519,	92.93,	85.85,	85.78,	3001,	21,	667,	333,	334,	0,	0,	0,	0,	0,	0,	0,	0,	0,	
600000,	48.536,	123449,	13053,	136753,	11672,	92.85,	85.7,	85.63,	3289,	23,	731,	365,	366,	0,	0,	0,	0,	0,	0,	0,	0,	0,	
650000,	54.404,	141528,	17161,	157370,	15016,	93.2,	86.4,	86.37,	3434,	23,	763,	381,	382,	0,	0,	0,	0,	0,	0,	0,	0,	0,	
700000,	59.736,	138703,	14919,	159732,	13204,	93.2,	86.4,	86.31,	3629,	24,	807,	403,	404,	0,	0,	0,	0,	0,	0,	0,	0,	0,	
750000,	64.637,	156592,	18827,	180429,	16620,	93.45,	86.89,	86.96,	3863,	24,	859,	429,	430,	0,	0,	0,	0,	0,	0,	0,	0,	0,	
800000,	69.065,	152617,	16656,	182935,	14807,	93.32,	86.64,	86.68,	4034,	25,	897,	448,	449,	0,	0,	0,	0,	0,	0,	0,	0,	0,	
850000,	73.068,	171089,	20530,	203385,	18151,	93.52,	87.04,	86.99,	4197,	25,	933,	466,	467,	0,	0,	0,	0,	0,	0,	0,	0,	0,	
900000,	76.619,	168104,	18300,	206003,	16362,	93.59,	87.18,	87.17,	4385,	26,	975,	487,	488,	0,	0,	0,	0,	0,	0,	0,	0,	0,	
950000,	79.69,	186565,	22195,	226455,	19716,	93.53,	87.06,	87.04,	4664,	27,	1037,	518,	519,	0,	0,	0,	0,	0,	0,	0,	0,	0,	
1000000,	82.318,	182920,	19917,	229343,	17876,	93.73,	87.46,	87.45,	4916,	27,	1093,	546,	547,	0,	0,	0,	0,	0,	0,	0,	0,	0,	

1000000,	82.318,	369485,	42112,	455798,	37592,	92.02,	84.04,	84.05,	4916,	27,	1093,	546,	547,	0,	0,	0,	0,	0,	0,	0,	0,	0,	
Pool,	TP,	FN,	TN,	FP
1,	4052,	2462,	10083,	1495,	
2,	26437,	5954,	35344,	4830,	
3,	61582,	7868,	80230,	7294,	
4,	78209,	8763,	157154,	10855,	
5,	199205,	17065,	172987,	13118,	





AdaHT-ProcessRBF
Speed Change:,	0.1,	Centroids:,	100,	DriftCentroid:	100
GracePeriod:,	200,	TieThreshold:,	0.05,	BinarySplit:,	false
Count,	Time,	TP,	FN,	TN,	FP,	Accu,	Kappa,	Kpa_t,	Mem,	Depth,	TSize,	DcNod,	ActLf,	InacLf,	Reset,	Alter,	Switch,	Prune,	ClOp0,	ClOp1,	ClOp2,	ClOp3
50000,	6.575,	17783,	5870,	20040,	6305,	75.65,	51.2,	50.8,	257,	9,	57,	28,	29,	0,	0,	0,	0,	0,	0,	0,	0,	0,	
100000,	12.029,	19297,	4292,	22334,	4055,	83.3,	66.49,	66.41,	527,	11,	117,	58,	59,	0,	0,	0,	0,	0,	0,	0,	0,	0,	
150000,	17.298,	37673,	9594,	42490,	10166,	84.82,	69.57,	69.7,	832,	13,	185,	92,	93,	0,	0,	0,	0,	0,	0,	0,	0,	0,	
200000,	22.011,	39328,	7907,	44911,	7763,	85.35,	70.63,	70.51,	1120,	15,	249,	124,	125,	0,	0,	0,	0,	0,	0,	0,	0,	0,	
250000,	26.236,	57209,	13115,	65880,	13487,	86.31,	72.48,	72.45,	1328,	17,	295,	147,	148,	0,	0,	0,	0,	0,	0,	0,	0,	0,	
300000,	30.027,	59304,	11246,	68004,	11239,	86.36,	72.63,	72.85,	1606,	18,	357,	178,	179,	0,	0,	0,	0,	0,	0,	0,	0,	0,	
350000,	33.58,	76344,	16409,	88960,	16697,	86.99,	73.9,	73.97,	1840,	20,	409,	204,	205,	0,	0,	0,	0,	0,	0,	0,	0,	0,	
400000,	36.534,	79103,	14237,	91291,	14448,	87.59,	75.11,	75.38,	2093,	21,	465,	232,	233,	0,	0,	0,	0,	0,	0,	0,	0,	0,	
450000,	38.976,	95350,	19443,	112336,	19820,	87.69,	75.29,	75.37,	2341,	22,	521,	260,	261,	0,	0,	0,	0,	0,	0,	0,	0,	0,	
500000,	40.916,	96114,	17279,	114651,	17591,	87.62,	75.15,	75.13,	2605,	23,	579,	289,	290,	0,	0,	0,	0,	0,	0,	0,	0,	0,	
550000,	43.437,	113853,	22430,	135748,	22764,	88.13,	76.2,	76.15,	2849,	24,	633,	316,	317,	0,	0,	0,	0,	0,	0,	0,	0,	0,	
600000,	49.917,	113645,	20495,	138023,	20547,	87.64,	75.2,	75.11,	3134,	24,	697,	348,	349,	0,	0,	0,	0,	0,	0,	0,	0,	0,	
650000,	55.915,	132703,	25624,	159306,	25618,	87.89,	75.69,	75.59,	3152,	25,	735,	367,	368,	0,	0,	4,	0,	2,	0,	0,	0,	0,	
700000,	61.298,	132179,	23573,	161698,	23306,	88.32,	76.55,	76.65,	3393,	25,	787,	393,	394,	0,	0,	5,	0,	2,	0,	0,	0,	0,	
750000,	66.269,	150346,	28578,	183033,	28454,	88.42,	76.74,	76.75,	3623,	25,	839,	419,	420,	0,	0,	5,	0,	2,	0,	0,	0,	0,	
800000,	70.729,	149637,	26493,	185000,	26235,	88.3,	76.54,	76.64,	3830,	25,	905,	452,	453,	0,	0,	6,	0,	3,	0,	0,	0,	0,	
850000,	74.827,	167897,	31491,	206483,	31417,	88.24,	76.41,	76.48,	4080,	25,	961,	480,	481,	0,	0,	6,	0,	3,	0,	0,	0,	0,	
900000,	78.619,	167366,	29329,	208543,	29087,	88.62,	77.17,	77.12,	4268,	25,	1003,	501,	502,	0,	0,	6,	0,	3,	0,	0,	0,	0,	
950000,	81.817,	184982,	34301,	230090,	34131,	88.95,	77.83,	77.8,	4559,	25,	1067,	533,	534,	0,	0,	6,	0,	3,	0,	0,	0,	0,	
1000000,	84.498,	183455,	32097,	232133,	31756,	89.12,	78.18,	78.18,	4763,	25,	1113,	556,	557,	0,	0,	6,	0,	3,	0,	0,	0,	0,	

1000000,	84.498,	368437,	66398,	462223,	65887,	86.77,	73.45,	73.46,	4763,	25,	1113,	556,	557,	0,	0,	6,	0,	3,	0,	0,	0,	0,	
Pool,	TP,	FN,	TN,	FP
1,	7416,	2429,	6376,	1918,	
2,	30228,	10182,	26766,	5445,	
3,	95207,	18082,	38447,	8187,	
4,	66773,	5307,	184742,	26047,	
5,	168813,	30398,	205892,	24290,	





AdaHT-ProcessRBF
Speed Change:,	1.0,	Centroids:,	100,	DriftCentroid:	100
GracePeriod:,	200,	TieThreshold:,	0.05,	BinarySplit:,	false
Count,	Time,	TP,	FN,	TN,	FP,	Accu,	Kappa,	Kpa_t,	Mem,	Depth,	TSize,	DcNod,	ActLf,	InacLf,	Reset,	Alter,	Switch,	Prune,	ClOp0,	ClOp1,	ClOp2,	ClOp3
50000,	6.917,	10883,	7178,	28655,	3283,	79.08,	52.43,	54.82,	257,	9,	57,	28,	29,	0,	0,	0,	0,	0,	0,	0,	0,	0,	
100000,	12.534,	14225,	4160,	28764,	2851,	85.98,	69.39,	69.74,	554,	12,	123,	61,	62,	0,	0,	0,	0,	0,	0,	0,	0,	0,	
150000,	17.787,	25637,	10792,	57649,	5921,	87.5,	72.8,	73.02,	824,	13,	183,	91,	92,	0,	0,	4,	0,	3,	0,	0,	0,	0,	
200000,	22.472,	29198,	7536,	57940,	5326,	88.3,	74.55,	74.67,	1102,	15,	245,	122,	123,	0,	0,	4,	0,	3,	0,	0,	0,	0,	
250000,	26.689,	40686,	14151,	86891,	8269,	88.58,	75.17,	75.51,	1328,	17,	295,	147,	148,	0,	0,	4,	0,	3,	0,	0,	0,	0,	
300000,	30.5,	44295,	10722,	87392,	7537,	89.2,	76.49,	76.63,	1669,	18,	371,	185,	186,	0,	0,	4,	0,	3,	0,	0,	0,	0,	
350000,	33.845,	55577,	17268,	116427,	10339,	89.62,	77.41,	77.83,	1886,	20,	419,	209,	210,	0,	0,	4,	0,	3,	0,	0,	0,	0,	
400000,	36.66,	59560,	13744,	117158,	9484,	90.06,	78.31,	78.79,	2182,	21,	485,	242,	243,	0,	0,	4,	0,	3,	0,	0,	0,	0,	
450000,	39.117,	70603,	20179,	146253,	12218,	90.42,	79.1,	79.26,	2354,	22,	523,	261,	262,	0,	0,	4,	0,	3,	0,	0,	0,	0,	
500000,	41.013,	73497,	16812,	147073,	11257,	90.32,	78.83,	79.15,	2657,	23,	591,	295,	296,	0,	0,	4,	0,	3,	0,	0,	0,	0,	
550000,	43.338,	83918,	23283,	175975,	14051,	90.12,	78.47,	78.8,	2965,	24,	659,	329,	330,	0,	0,	4,	0,	3,	0,	0,	0,	0,	
600000,	50.508,	85166,	23481,	174662,	15330,	78.52,	52.33,	53.86,	230,	9,	50,	355,	-305,	0,	0,	35,	1,	15,	0,	0,	0,	0,	
650000,	56.543,	97719,	27675,	204458,	17369,	84.58,	66.26,	66.79,	545,	13,	120,	390,	-270,	0,	0,	35,	1,	15,	0,	0,	0,	0,	
700000,	61.772,	99246,	27647,	203563,	18096,	86.13,	69.66,	70.03,	842,	17,	186,	423,	-237,	0,	0,	35,	1,	15,	0,	0,	0,	0,	
750000,	66.503,	111921,	31735,	233565,	19927,	86.76,	70.99,	71.58,	1040,	19,	230,	445,	-215,	0,	0,	35,	1,	15,	0,	0,	0,	0,	
800000,	70.716,	113480,	31514,	232903,	20527,	87.4,	72.34,	72.62,	1256,	21,	278,	469,	-191,	0,	0,	35,	1,	15,	0,	0,	0,	0,	
850000,	74.633,	126545,	35478,	262827,	22298,	87.77,	73.27,	73.42,	1571,	23,	348,	504,	-156,	0,	0,	35,	1,	15,	0,	0,	0,	0,	
900000,	78.053,	127596,	35228,	262266,	22825,	87.97,	73.68,	74.16,	1778,	25,	394,	527,	-133,	0,	0,	35,	1,	15,	0,	0,	0,	0,	
950000,	81.153,	141165,	39094,	292215,	24591,	88.18,	74.14,	74.7,	2037,	26,	452,	556,	-104,	0,	0,	35,	1,	15,	0,	0,	0,	0,	
1000000,	83.785,	141860,	38816,	291721,	25094,	88.28,	74.35,	74.82,	2246,	26,	498,	579,	-81,	0,	0,	35,	1,	15,	0,	0,	0,	0,	

1000000,	83.785,	283025,	77910,	583936,	49685,	87.24,	72.06,	72.51,	2246,	26,	498,	579,	-81,	0,	0,	35,	1,	15,	0,	0,	0,	0,	
Pool,	TP,	FN,	TN,	FP
1,	4706,	2794,	8741,	1892,	
2,	17198,	11054,	38451,	5978,	
3,	21547,	11078,	118785,	12289,	
4,	123059,	23712,	129861,	11680,	
5,	116515,	29272,	288098,	17846,	





AdaHT-ProcessRBF
Speed Change:,	0.01,	Centroids:,	50,	DriftCentroid:	50
GracePeriod:,	200,	TieThreshold:,	0.05,	BinarySplit:,	false
Count,	Time,	TP,	FN,	TN,	FP,	Accu,	Kappa,	Kpa_t,	Mem,	Depth,	TSize,	DcNod,	ActLf,	InacLf,	Reset,	Alter,	Switch,	Prune,	ClOp0,	ClOp1,	ClOp2,	ClOp3
50000,	6.626,	14505,	6328,	24304,	4857,	77.63,	53.51,	53.94,	248,	7,	63,	31,	32,	0,	0,	1,	0,	0,	0,	0,	0,	0,	
100000,	12.157,	16613,	3911,	26381,	3094,	85.99,	70.87,	71.12,	509,	11,	121,	60,	61,	0,	0,	1,	0,	0,	0,	0,	0,	0,	
150000,	17.501,	31789,	9746,	51579,	6880,	89.12,	77.35,	77.56,	734,	12,	171,	85,	86,	0,	0,	1,	0,	0,	0,	0,	0,	0,	
200000,	22.248,	34306,	7030,	53399,	5153,	89.64,	78.57,	78.81,	985,	15,	227,	113,	114,	0,	0,	1,	0,	0,	0,	0,	0,	0,	
250000,	26.678,	49743,	12644,	78437,	8997,	89.97,	79.31,	79.44,	1327,	17,	303,	151,	152,	0,	0,	1,	0,	0,	0,	0,	0,	0,	
300000,	30.537,	51693,	9914,	80653,	7075,	90.38,	80.07,	80.21,	1587,	19,	361,	180,	181,	0,	0,	1,	0,	0,	0,	0,	0,	0,	
350000,	34.008,	66510,	15234,	105670,	10952,	90.9,	81.2,	81.29,	1839,	19,	417,	208,	209,	0,	0,	1,	0,	0,	0,	0,	0,	0,	
400000,	36.863,	67813,	12351,	108020,	8966,	91.34,	82.09,	82.19,	2110,	21,	477,	238,	239,	0,	0,	1,	0,	0,	0,	0,	0,	0,	
450000,	39.184,	82132,	17661,	132560,	12868,	91.31,	82.15,	82.26,	2405,	21,	543,	271,	272,	0,	0,	1,	0,	0,	0,	0,	0,	0,	
500000,	41.127,	82781,	14603,	135301,	10847,	91.73,	82.94,	82.84,	2659,	23,	599,	299,	300,	0,	0,	1,	0,	0,	0,	0,	0,	0,	
550000,	43.429,	97617,	19899,	159853,	14678,	91.9,	83.3,	83.38,	2902,	23,	653,	326,	327,	0,	0,	1,	0,	0,	0,	0,	0,	0,	
600000,	49.999,	98280,	16884,	162752,	12585,	91.96,	83.38,	83.41,	3117,	24,	701,	350,	351,	0,	0,	1,	0,	0,	0,	0,	0,	0,	
650000,	56.01,	112659,	22110,	187457,	16357,	92.22,	83.9,	84.0,	3305,	24,	743,	371,	372,	0,	0,	1,	0,	0,	0,	0,	0,	0,	
700000,	61.281,	113850,	19030,	190030,	14416,	92.04,	83.6,	83.7,	3566,	24,	801,	400,	401,	0,	0,	1,	0,	0,	0,	0,	0,	0,	
750000,	66.205,	127297,	24202,	214826,	18067,	92.39,	84.33,	84.45,	3846,	24,	863,	431,	432,	0,	0,	1,	0,	0,	0,	0,	0,	0,	
800000,	70.838,	128254,	21198,	217408,	16086,	92.32,	84.17,	84.24,	4064,	25,	911,	455,	456,	0,	0,	1,	0,	0,	0,	0,	0,	0,	
850000,	74.932,	141127,	26277,	242351,	19699,	92.58,	84.7,	84.73,	4304,	25,	965,	482,	483,	0,	0,	1,	0,	0,	0,	0,	0,	0,	
900000,	78.492,	141747,	23279,	244761,	17706,	92.59,	84.76,	84.79,	4537,	26,	1017,	508,	509,	0,	0,	1,	0,	0,	0,	0,	0,	0,	
950000,	81.677,	154539,	28318,	269822,	21352,	92.61,	84.77,	84.94,	4724,	26,	1059,	529,	530,	0,	0,	1,	0,	0,	0,	0,	0,	0,	
1000000,	84.236,	155367,	25212,	272171,	19394,	92.75,	85.07,	85.07,	4949,	26,	1109,	554,	555,	0,	0,	1,	0,	0,	0,	0,	0,	0,	

1000000,	84.236,	309906,	53530,	541993,	40746,	90.57,	80.52,	80.62,	4949,	26,	1109,	554,	555,	0,	0,	1,	0,	0,	0,	0,	0,	0,	
Pool,	TP,	FN,	TN,	FP
1,	7971,	3163,	5668,	1398,	
2,	20211,	5946,	41223,	5272,	
3,	62232,	12755,	77026,	10583,	
4,	131597,	18836,	114725,	10922,	
5,	87895,	12830,	303351,	12571,	





AdaHT-ProcessRBF
Speed Change:,	0.01,	Centroids:,	100,	DriftCentroid:	100
GracePeriod:,	200,	TieThreshold:,	0.05,	BinarySplit:,	false
Count,	Time,	TP,	FN,	TN,	FP,	Accu,	Kappa,	Kpa_t,	Mem,	Depth,	TSize,	DcNod,	ActLf,	InacLf,	Reset,	Alter,	Switch,	Prune,	ClOp0,	ClOp1,	ClOp2,	ClOp3
50000,	7.084,	14938,	5889,	25518,	3652,	80.91,	60.12,	60.87,	248,	9,	55,	27,	28,	0,	0,	0,	0,	0,	0,	0,	0,	0,	
100000,	12.519,	17020,	3711,	26539,	2730,	87.12,	73.28,	73.48,	508,	13,	113,	56,	57,	0,	0,	0,	0,	0,	0,	0,	0,	0,	
150000,	17.538,	32111,	9407,	52303,	6157,	87.95,	74.99,	75.06,	787,	15,	175,	87,	88,	0,	0,	0,	0,	0,	0,	0,	0,	0,	
200000,	22.165,	34403,	6963,	53504,	5105,	88.75,	76.65,	76.89,	1102,	19,	245,	122,	123,	0,	0,	0,	0,	0,	0,	0,	0,	0,	
250000,	26.449,	49194,	12192,	79269,	8607,	89.53,	78.33,	78.29,	1292,	20,	287,	143,	144,	0,	0,	0,	0,	0,	0,	0,	0,	0,	
300000,	30.418,	50608,	9691,	80128,	7554,	89.64,	78.68,	78.62,	1551,	21,	345,	172,	173,	0,	0,	0,	0,	0,	0,	0,	0,	0,	
350000,	33.947,	66580,	14914,	106024,	10902,	89.96,	79.32,	79.43,	1821,	22,	405,	202,	203,	0,	0,	0,	0,	0,	0,	0,	0,	0,	
400000,	36.962,	67406,	12346,	106999,	9825,	90.14,	79.67,	79.59,	2093,	24,	465,	232,	233,	0,	0,	0,	0,	0,	0,	0,	0,	0,	
450000,	39.493,	83634,	17502,	132938,	13175,	90.28,	79.95,	80.02,	2245,	24,	499,	249,	250,	0,	0,	0,	0,	0,	0,	0,	0,	0,	
500000,	41.536,	83663,	14857,	134027,	12030,	90.56,	80.52,	80.66,	2525,	24,	561,	280,	281,	0,	0,	0,	0,	0,	0,	0,	0,	0,	
550000,	43.851,	100061,	19943,	160194,	15264,	90.94,	81.26,	81.41,	2741,	24,	609,	304,	305,	0,	0,	0,	0,	0,	0,	0,	0,	0,	
600000,	51.077,	100158,	17380,	161238,	14144,	90.73,	80.82,	80.94,	2894,	24,	643,	321,	322,	0,	0,	0,	0,	0,	0,	0,	0,	0,	
650000,	57.629,	116639,	22471,	187180,	17324,	90.82,	81.08,	81.12,	3089,	24,	687,	343,	344,	0,	0,	0,	0,	0,	0,	0,	0,	0,	
700000,	63.049,	116100,	19804,	188320,	16305,	90.83,	81.08,	81.1,	3370,	24,	749,	374,	375,	0,	0,	0,	0,	0,	0,	0,	0,	0,	
750000,	67.966,	132538,	24837,	214203,	19441,	91.03,	81.52,	81.52,	3550,	25,	789,	394,	395,	0,	0,	0,	0,	0,	0,	0,	0,	0,	
800000,	72.451,	131964,	22138,	215516,	18351,	91.24,	81.92,	82.01,	3795,	25,	845,	422,	423,	0,	0,	0,	0,	0,	0,	0,	0,	0,	
850000,	76.424,	148176,	27171,	241427,	21535,	91.14,	81.7,	81.78,	4081,	26,	907,	453,	454,	0,	0,	0,	0,	0,	0,	0,	0,	0,	
900000,	79.965,	148058,	24378,	242635,	20406,	91.4,	82.29,	82.15,	4288,	26,	953,	476,	477,	0,	0,	0,	0,	0,	0,	0,	0,	0,	
950000,	82.98,	163963,	29469,	268695,	23599,	91.27,	81.97,	81.89,	4495,	27,	999,	499,	500,	0,	0,	0,	0,	0,	0,	0,	0,	0,	
1000000,	85.567,	163996,	26549,	269835,	22466,	91.54,	82.55,	82.58,	4682,	27,	1041,	520,	521,	0,	0,	0,	0,	0,	0,	0,	0,	0,	

1000000,	85.567,	327959,	56018,	538530,	46065,	89.79,	78.9,	78.97,	4682,	27,	1041,	520,	521,	0,	0,	0,	0,	0,	0,	0,	0,	0,	
Pool,	TP,	FN,	TN,	FP
1,	9906,	3673,	2657,	1958,	
2,	12798,	3420,	51500,	5236,	
3,	77682,	17432,	57889,	7352,	
4,	108777,	19155,	142048,	17728,	
5,	118796,	12338,	284436,	13791,	





AdaHT-ProcessRBF
Speed Change:,	0.01,	Centroids:,	150,	DriftCentroid:	100
GracePeriod:,	200,	TieThreshold:,	0.05,	BinarySplit:,	false
Count,	Time,	TP,	FN,	TN,	FP,	Accu,	Kappa,	Kpa_t,	Mem,	Depth,	TSize,	DcNod,	ActLf,	InacLf,	Reset,	Alter,	Switch,	Prune,	ClOp0,	ClOp1,	ClOp2,	ClOp3
50000,	6.836,	15830,	7122,	22246,	4799,	76.15,	51.62,	52.15,	221,	11,	49,	24,	25,	0,	0,	0,	0,	0,	0,	0,	0,	0,	
100000,	12.46,	18587,	4366,	23202,	3845,	83.58,	66.88,	66.85,	500,	14,	111,	55,	56,	0,	0,	0,	0,	0,	0,	0,	0,	0,	
150000,	17.66,	34841,	11064,	45897,	8195,	85.32,	70.4,	70.26,	797,	17,	177,	88,	89,	0,	0,	0,	0,	0,	0,	0,	0,	0,	
200000,	22.416,	37686,	7754,	47455,	7089,	86.73,	73.18,	73.31,	1138,	19,	253,	126,	127,	0,	0,	0,	0,	0,	0,	0,	0,	0,	
250000,	26.67,	54322,	14291,	70094,	11252,	87.43,	74.63,	74.52,	1399,	21,	311,	155,	156,	0,	0,	0,	0,	0,	0,	0,	0,	0,	
300000,	30.537,	57061,	10896,	71645,	9997,	87.89,	75.6,	75.7,	1633,	22,	363,	181,	182,	0,	0,	0,	0,	0,	0,	0,	0,	0,	
350000,	33.935,	74233,	17130,	94197,	14248,	88.33,	76.5,	76.55,	1885,	24,	419,	209,	210,	0,	0,	0,	0,	0,	0,	0,	0,	0,	
400000,	36.921,	77318,	13591,	95824,	12850,	88.9,	77.66,	77.54,	2219,	25,	493,	246,	247,	0,	0,	0,	0,	0,	0,	0,	0,	0,	
450000,	39.465,	93669,	19711,	118563,	17021,	89.29,	78.43,	78.22,	2468,	26,	549,	274,	275,	0,	0,	0,	0,	0,	0,	0,	0,	0,	
500000,	41.496,	97086,	16110,	120295,	15637,	89.39,	78.62,	78.78,	2713,	27,	603,	301,	302,	0,	0,	0,	0,	0,	0,	0,	0,	0,	
550000,	43.944,	113466,	22362,	143163,	19629,	89.48,	78.78,	78.78,	2966,	27,	659,	329,	330,	0,	0,	0,	0,	0,	0,	0,	0,	0,	
600000,	50.417,	116161,	18480,	144722,	18309,	89.91,	79.7,	79.67,	3170,	28,	705,	352,	353,	0,	0,	0,	0,	0,	0,	0,	0,	0,	
650000,	56.326,	132285,	24653,	167604,	22307,	90.06,	80.0,	79.93,	3353,	28,	745,	372,	373,	0,	0,	0,	0,	0,	0,	0,	0,	0,	
700000,	61.84,	134878,	20805,	169312,	20936,	90.09,	80.05,	80.01,	3559,	29,	791,	395,	396,	0,	0,	0,	0,	0,	0,	0,	0,	0,	
750000,	66.917,	150428,	26992,	192182,	24917,	90.1,	80.06,	79.97,	3776,	29,	839,	419,	420,	0,	0,	0,	0,	0,	0,	0,	0,	0,	
800000,	71.488,	152123,	23008,	194024,	23455,	90.55,	80.97,	81.02,	4027,	30,	895,	447,	448,	0,	0,	1,	0,	1,	0,	0,	0,	0,	
850000,	75.646,	168328,	29224,	216825,	27491,	90.38,	80.63,	80.63,	4261,	31,	947,	473,	474,	0,	0,	3,	0,	3,	0,	0,	0,	0,	
900000,	79.328,	169857,	25266,	218701,	25936,	90.52,	80.91,	80.89,	4513,	31,	1003,	501,	502,	0,	0,	4,	0,	4,	0,	0,	0,	0,	
950000,	82.533,	185420,	31475,	241511,	29994,	90.49,	80.85,	80.88,	4718,	31,	1049,	524,	525,	0,	0,	4,	0,	4,	0,	0,	0,	0,	
1000000,	85.306,	187024,	27298,	243454,	28501,	90.8,	81.48,	81.49,	4989,	32,	1109,	554,	555,	0,	0,	6,	0,	4,	0,	0,	0,	0,	

1000000,	85.306,	372444,	58773,	484965,	58495,	88.27,	76.36,	76.36,	4989,	32,	1109,	554,	555,	0,	0,	6,	0,	4,	0,	0,	0,	0,	
Pool,	TP,	FN,	TN,	FP
1,	5108,	2264,	8403,	2365,	
2,	36587,	7931,	21012,	5771,	
3,	69985,	15574,	70180,	8037,	
4,	129303,	18067,	132555,	7958,	
5,	131461,	14937,	252815,	34364,	





AdaHT-ProcessRBF
Speed Change:,	0.01,	Centroids:,	200,	DriftCentroid:	100
GracePeriod:,	200,	TieThreshold:,	0.05,	BinarySplit:,	false
Count,	Time,	TP,	FN,	TN,	FP,	Accu,	Kappa,	Kpa_t,	Mem,	Depth,	TSize,	DcNod,	ActLf,	InacLf,	Reset,	Alter,	Switch,	Prune,	ClOp0,	ClOp1,	ClOp2,	ClOp3
50000,	6.757,	30512,	3839,	10611,	5037,	82.25,	57.84,	58.95,	239,	10,	53,	26,	27,	0,	0,	0,	0,	0,	0,	0,	0,	0,	
100000,	12.255,	31905,	2306,	12536,	2990,	89.41,	74.96,	75.3,	527,	15,	117,	58,	59,	0,	0,	0,	0,	0,	0,	0,	0,	0,	
150000,	17.331,	58421,	5584,	23428,	7888,	90.8,	78.2,	78.71,	794,	18,	177,	88,	89,	0,	0,	0,	0,	0,	0,	0,	0,	0,	
200000,	21.944,	58898,	3865,	25380,	5486,	91.88,	80.59,	80.97,	1013,	18,	225,	112,	113,	0,	0,	0,	0,	0,	0,	0,	0,	0,	
250000,	26.162,	83797,	7118,	36473,	10177,	92.35,	81.76,	81.78,	1319,	19,	293,	146,	147,	0,	0,	0,	0,	0,	0,	0,	0,	0,	
300000,	29.96,	82579,	5343,	38811,	7611,	92.79,	82.99,	83.24,	1553,	19,	345,	172,	173,	0,	0,	0,	0,	0,	0,	0,	0,	0,	
350000,	33.183,	106438,	8570,	49759,	12422,	92.6,	82.49,	82.74,	1749,	19,	389,	194,	195,	0,	0,	0,	0,	0,	0,	0,	0,	0,	
400000,	36.052,	105526,	6607,	52076,	9911,	92.85,	83.03,	83.26,	2008,	20,	447,	223,	224,	0,	0,	0,	0,	0,	0,	0,	0,	0,	
450000,	38.447,	128858,	9794,	63078,	14680,	93.03,	83.45,	83.69,	2164,	20,	481,	240,	241,	0,	0,	0,	0,	0,	0,	0,	0,	0,	
500000,	40.351,	128032,	7827,	65508,	12051,	93.27,	84.06,	84.36,	2300,	20,	511,	255,	256,	0,	0,	0,	0,	0,	0,	0,	0,	0,	
550000,	42.929,	150303,	11131,	76466,	16799,	93.07,	83.59,	83.75,	2551,	21,	567,	283,	284,	0,	0,	0,	0,	0,	0,	0,	0,	0,	
600000,	49.27,	149284,	9158,	79081,	14054,	93.33,	84.26,	84.42,	2783,	21,	619,	309,	310,	0,	0,	0,	0,	0,	0,	0,	0,	0,	
650000,	55.214,	171475,	12460,	90001,	18803,	93.32,	84.22,	84.35,	2963,	21,	659,	329,	330,	0,	0,	0,	0,	0,	0,	0,	0,	0,	
700000,	60.732,	169212,	10445,	92559,	16093,	93.34,	84.24,	84.5,	3128,	22,	695,	347,	348,	0,	0,	0,	0,	0,	0,	0,	0,	0,	
750000,	65.95,	191724,	13743,	103546,	20683,	93.66,	84.99,	85.19,	3333,	22,	741,	370,	371,	0,	0,	0,	0,	0,	0,	0,	0,	0,	
800000,	70.496,	189335,	11721,	105907,	18092,	93.45,	84.39,	84.57,	3504,	22,	779,	389,	390,	0,	0,	0,	0,	0,	0,	0,	0,	0,	
850000,	74.461,	210968,	14958,	116957,	22566,	93.8,	85.21,	85.37,	3641,	22,	809,	404,	405,	0,	0,	0,	0,	0,	0,	0,	0,	0,	
900000,	78.052,	208535,	12967,	119364,	19973,	93.74,	85.1,	85.32,	3846,	23,	855,	427,	428,	0,	0,	0,	0,	0,	0,	0,	0,	0,	
950000,	81.197,	229485,	16145,	130687,	24489,	93.78,	85.34,	85.56,	3965,	23,	881,	440,	441,	0,	0,	0,	0,	0,	0,	0,	0,	0,	
1000000,	83.822,	226552,	14155,	132992,	21830,	93.9,	85.56,	85.87,	4081,	23,	907,	453,	454,	0,	0,	0,	0,	0,	0,	0,	0,	0,	

1000000,	83.822,	456037,	30300,	263679,	46319,	92.33,	81.82,	82.08,	4081,	23,	907,	453,	454,	0,	0,	0,	0,	0,	0,	0,	0,	0,	
Pool,	TP,	FN,	TN,	FP
1,	6331,	1723,	6262,	3810,	
2,	34661,	3887,	26042,	8040,	
3,	89670,	7715,	50684,	11271,	
4,	109348,	9077,	133422,	22388,	
5,	216027,	7898,	47269,	810,	





AdaHT-ProcessRBF
Speed Change:,	0.01,	Centroids:,	250,	DriftCentroid:	100
GracePeriod:,	200,	TieThreshold:,	0.05,	BinarySplit:,	false
Count,	Time,	TP,	FN,	TN,	FP,	Accu,	Kappa,	Kpa_t,	Mem,	Depth,	TSize,	DcNod,	ActLf,	InacLf,	Reset,	Alter,	Switch,	Prune,	ClOp0,	ClOp1,	ClOp2,	ClOp3
50000,	6.623,	19325,	4570,	21010,	5094,	80.67,	61.3,	61.1,	257,	9,	57,	28,	29,	0,	0,	0,	0,	0,	0,	0,	0,	0,	
100000,	12.144,	20557,	3154,	22726,	3563,	86.57,	73.08,	73.18,	563,	13,	125,	62,	63,	0,	0,	0,	0,	0,	0,	0,	0,	0,	
150000,	17.154,	40173,	7662,	44195,	7969,	88.07,	76.08,	76.06,	851,	16,	189,	94,	95,	0,	0,	0,	0,	0,	0,	0,	0,	0,	
200000,	21.805,	41457,	6044,	46293,	6206,	88.93,	77.81,	77.88,	1003,	18,	223,	111,	112,	0,	0,	0,	0,	0,	0,	0,	0,	0,	
250000,	26.13,	61194,	10345,	67891,	10429,	89.71,	79.37,	79.33,	1265,	20,	281,	140,	141,	0,	0,	0,	0,	0,	0,	0,	0,	0,	
300000,	29.964,	61750,	8678,	70086,	8547,	90.04,	80.04,	80.16,	1508,	22,	335,	167,	168,	0,	0,	0,	0,	0,	0,	0,	0,	0,	
350000,	33.287,	79790,	13000,	91877,	12651,	90.24,	80.43,	80.36,	1651,	23,	367,	183,	184,	0,	0,	0,	0,	0,	0,	0,	0,	0,	
400000,	36.241,	81370,	11248,	94050,	10760,	90.42,	80.79,	80.76,	1948,	25,	433,	216,	217,	0,	0,	0,	0,	0,	0,	0,	0,	0,	
450000,	38.737,	97034,	15551,	116045,	14731,	90.73,	81.4,	81.43,	2171,	25,	483,	241,	242,	0,	0,	0,	0,	0,	0,	0,	0,	0,	
500000,	40.708,	97644,	13618,	118051,	12935,	90.91,	81.76,	81.83,	2435,	25,	541,	270,	271,	0,	0,	0,	0,	0,	0,	0,	0,	0,	
550000,	43.14,	113809,	18007,	140071,	16902,	90.74,	81.43,	81.55,	2696,	25,	599,	299,	300,	0,	0,	0,	0,	0,	0,	0,	0,	0,	
600000,	49.434,	113930,	15937,	141984,	15010,	91.21,	82.38,	82.48,	2954,	25,	657,	328,	329,	0,	0,	0,	0,	0,	0,	0,	0,	0,	
650000,	55.287,	130342,	20236,	164253,	18945,	91.45,	82.85,	82.86,	3152,	26,	701,	350,	351,	0,	0,	0,	0,	0,	0,	0,	0,	0,	
700000,	60.729,	130219,	18147,	166251,	16961,	91.68,	83.3,	83.31,	3313,	26,	737,	368,	369,	0,	0,	0,	0,	0,	0,	0,	0,	0,	
750000,	65.733,	146828,	22563,	188316,	20919,	91.4,	82.76,	82.82,	3477,	26,	773,	386,	387,	0,	0,	0,	0,	0,	0,	0,	0,	0,	
800000,	70.205,	146284,	20417,	190799,	18864,	91.65,	83.23,	83.28,	3730,	27,	829,	414,	415,	0,	0,	0,	0,	0,	0,	0,	0,	0,	
850000,	74.289,	164175,	24898,	212540,	22770,	91.62,	83.19,	83.23,	4026,	29,	895,	447,	448,	0,	0,	0,	0,	0,	0,	0,	0,	0,	
900000,	77.887,	162065,	22575,	215274,	20650,	92.11,	84.16,	84.02,	4117,	29,	915,	457,	458,	0,	0,	0,	0,	0,	0,	0,	0,	0,	
950000,	80.997,	179282,	27131,	236726,	24678,	91.72,	83.39,	83.34,	4277,	29,	951,	475,	476,	0,	0,	0,	0,	0,	0,	0,	0,	0,	
1000000,	83.673,	176849,	24786,	239594,	22431,	92.01,	83.98,	83.98,	4473,	30,	995,	497,	498,	0,	0,	0,	0,	0,	0,	0,	0,	0,	

1000000,	83.673,	356131,	51917,	476320,	47109,	90.09,	80.13,	80.15,	4473,	30,	995,	497,	498,	0,	0,	0,	0,	0,	0,	0,	0,	0,	
Pool,	TP,	FN,	TN,	FP
1,	3523,	2946,	10137,	1490,	
2,	25436,	6867,	34357,	5925,	
3,	74345,	9776,	68553,	10185,	
4,	88971,	20761,	158268,	9355,	
5,	163856,	11567,	205005,	20154,	





AdaHT-ProcessRBF
Speed Change:,	0.01,	Centroids:,	100,	DriftCentroid:	20
GracePeriod:,	200,	TieThreshold:,	0.05,	BinarySplit:,	false
Count,	Time,	TP,	FN,	TN,	FP,	Accu,	Kappa,	Kpa_t,	Mem,	Depth,	TSize,	DcNod,	ActLf,	InacLf,	Reset,	Alter,	Switch,	Prune,	ClOp0,	ClOp1,	ClOp2,	ClOp3
50000,	6.659,	25607,	4249,	13888,	6254,	78.99,	55.62,	56.26,	257,	10,	57,	28,	29,	0,	0,	0,	0,	0,	0,	0,	0,	0,	
100000,	12.094,	26525,	3151,	16008,	4316,	85.07,	68.77,	68.86,	545,	15,	121,	60,	61,	0,	0,	2,	0,	2,	0,	0,	0,	0,	
150000,	17.162,	52561,	7116,	30283,	10038,	86.7,	72.16,	72.37,	761,	19,	169,	84,	85,	0,	0,	2,	0,	2,	0,	0,	0,	0,	
200000,	21.88,	53473,	5922,	32570,	8027,	87.03,	72.91,	73.19,	1039,	23,	231,	115,	116,	0,	0,	2,	0,	2,	0,	0,	0,	0,	
250000,	26.127,	78925,	9803,	47049,	13616,	87.47,	73.85,	74.09,	1264,	24,	281,	140,	141,	0,	0,	2,	0,	2,	0,	0,	0,	0,	
300000,	30.021,	79020,	8657,	49791,	11239,	88.1,	75.29,	75.51,	1532,	26,	341,	170,	171,	0,	0,	2,	0,	2,	0,	0,	0,	0,	
350000,	33.448,	104475,	12548,	64011,	16807,	88.12,	75.23,	75.37,	1794,	27,	399,	199,	200,	0,	0,	2,	0,	2,	0,	0,	0,	0,	
400000,	36.422,	104541,	11336,	66819,	14336,	88.44,	75.89,	75.78,	2057,	27,	457,	228,	229,	0,	0,	2,	0,	2,	0,	0,	0,	0,	
450000,	38.944,	128313,	15036,	80983,	19976,	88.68,	76.33,	76.41,	2318,	28,	515,	257,	258,	0,	0,	2,	0,	2,	0,	0,	0,	0,	
500000,	40.998,	128875,	13650,	83980,	17404,	89.23,	77.51,	77.74,	2525,	28,	561,	280,	281,	0,	0,	2,	0,	2,	0,	0,	0,	0,	
550000,	43.431,	151753,	17289,	97841,	23198,	89.05,	77.03,	77.07,	2749,	29,	611,	305,	306,	0,	0,	2,	0,	2,	0,	0,	0,	0,	
600000,	49.887,	151412,	15939,	101132,	20598,	89.03,	77.12,	77.39,	3010,	30,	669,	334,	335,	0,	0,	2,	0,	2,	0,	0,	0,	0,	
650000,	55.945,	173649,	19605,	115053,	26266,	89.22,	77.51,	77.64,	3235,	30,	719,	359,	360,	0,	0,	2,	0,	2,	0,	0,	0,	0,	
700000,	61.45,	173215,	18238,	118232,	23729,	89.14,	77.3,	77.39,	3460,	30,	769,	384,	385,	0,	0,	2,	0,	2,	0,	0,	0,	0,	
750000,	66.523,	195805,	21796,	132247,	29327,	89.49,	78.04,	78.16,	3639,	30,	809,	404,	405,	0,	0,	2,	0,	2,	0,	0,	0,	0,	
800000,	71.192,	193612,	20414,	135436,	26870,	89.35,	77.78,	77.95,	3856,	30,	857,	428,	429,	0,	0,	2,	0,	2,	0,	0,	0,	0,	
850000,	75.327,	215794,	24003,	149217,	32438,	89.36,	77.69,	77.77,	4114,	31,	915,	457,	458,	0,	0,	2,	0,	2,	0,	0,	0,	0,	
900000,	79.024,	214575,	22543,	152515,	29998,	89.47,	77.97,	78.14,	4414,	32,	981,	490,	491,	0,	0,	2,	0,	2,	0,	0,	0,	0,	
950000,	82.294,	236111,	26141,	166182,	35519,	89.56,	78.09,	78.25,	4636,	32,	1031,	515,	516,	0,	0,	2,	0,	2,	0,	0,	0,	0,	
1000000,	85.046,	234928,	24581,	169785,	32925,	90.05,	79.2,	79.35,	4854,	32,	1079,	539,	540,	0,	0,	2,	0,	2,	0,	0,	0,	0,	

1000000,	85.046,	471039,	50722,	335967,	68444,	88.08,	75.07,	75.24,	4854,	32,	1079,	539,	540,	0,	0,	2,	0,	2,	0,	0,	0,	0,	
Pool,	TP,	FN,	TN,	FP
1,	5513,	2139,	7761,	2792,	
2,	34565,	3593,	23320,	11113,	
3,	72094,	8348,	65249,	15168,	
4,	163425,	22101,	68909,	5935,	
5,	195442,	14541,	170728,	33436,	





AdaHT-ProcessRBF
Speed Change:,	0.01,	Centroids:,	100,	DriftCentroid:	40
GracePeriod:,	200,	TieThreshold:,	0.05,	BinarySplit:,	false
Count,	Time,	TP,	FN,	TN,	FP,	Accu,	Kappa,	Kpa_t,	Mem,	Depth,	TSize,	DcNod,	ActLf,	InacLf,	Reset,	Alter,	Switch,	Prune,	ClOp0,	ClOp1,	ClOp2,	ClOp3
50000,	6.713,	23393,	4227,	16294,	6083,	79.38,	57.97,	58.42,	239,	8,	53,	26,	27,	0,	0,	0,	0,	0,	0,	0,	0,	0,	
100000,	12.118,	24802,	2575,	18116,	4456,	85.93,	71.39,	71.72,	527,	12,	117,	58,	59,	0,	0,	2,	0,	1,	0,	0,	0,	0,	
150000,	17.146,	48263,	6620,	34838,	10056,	87.26,	74.11,	74.28,	752,	14,	167,	83,	84,	0,	0,	2,	0,	1,	0,	0,	0,	0,	
200000,	21.699,	50228,	4672,	36678,	8288,	88.14,	75.84,	75.91,	1013,	16,	225,	112,	113,	0,	0,	2,	0,	1,	0,	0,	0,	0,	
250000,	25.865,	73306,	8810,	53584,	13611,	88.51,	76.61,	76.7,	1310,	19,	291,	145,	146,	0,	0,	2,	0,	1,	0,	0,	0,	0,	
300000,	29.544,	75490,	6969,	55745,	11638,	88.7,	77.06,	77.18,	1580,	20,	351,	175,	176,	0,	0,	2,	0,	1,	0,	0,	0,	0,	
350000,	32.795,	98586,	10971,	73017,	16695,	89.51,	78.73,	78.69,	1829,	21,	407,	203,	204,	0,	0,	2,	0,	1,	0,	0,	0,	0,	
400000,	35.612,	100137,	9146,	75289,	14642,	89.63,	78.99,	79.13,	2046,	22,	455,	227,	228,	0,	0,	2,	0,	1,	0,	0,	0,	0,	
450000,	37.962,	123170,	13019,	92467,	19702,	89.89,	79.48,	79.61,	2255,	23,	501,	250,	251,	0,	0,	2,	0,	1,	0,	0,	0,	0,	
500000,	39.815,	123891,	11264,	94911,	17567,	89.91,	79.56,	79.47,	2534,	25,	563,	281,	282,	0,	0,	2,	0,	1,	0,	0,	0,	0,	
550000,	42.09,	147189,	15091,	112160,	22497,	90.26,	80.26,	80.2,	2741,	25,	609,	304,	305,	0,	0,	2,	0,	1,	0,	0,	0,	0,	
600000,	48.42,	147921,	13199,	114514,	20468,	90.33,	80.38,	80.41,	2948,	25,	655,	327,	328,	0,	0,	2,	0,	1,	0,	0,	0,	0,	
650000,	54.263,	169604,	16999,	131804,	25362,	90.45,	80.63,	80.77,	3261,	26,	725,	362,	363,	0,	0,	2,	0,	1,	0,	0,	0,	0,	
700000,	59.745,	168851,	15204,	134241,	23302,	90.32,	80.39,	80.28,	3487,	26,	775,	387,	388,	0,	0,	2,	0,	1,	0,	0,	0,	0,	
750000,	64.593,	191402,	18956,	151555,	28078,	90.64,	81.04,	81.17,	3695,	27,	821,	410,	411,	0,	0,	2,	0,	1,	0,	0,	0,	0,	
800000,	69.0,	189500,	17039,	154163,	26015,	90.9,	81.58,	81.56,	3881,	27,	863,	431,	432,	0,	0,	2,	0,	1,	0,	0,	0,	0,	
850000,	72.98,	211282,	20871,	171353,	30776,	90.76,	81.28,	81.37,	4079,	27,	907,	453,	454,	0,	0,	2,	0,	1,	0,	0,	0,	0,	
900000,	76.522,	209587,	18897,	173972,	28698,	90.91,	81.57,	81.72,	4306,	27,	957,	478,	479,	0,	0,	2,	0,	1,	0,	0,	0,	0,	
950000,	79.676,	231786,	22652,	191104,	33404,	91.17,	82.08,	82.02,	4468,	28,	993,	496,	497,	0,	0,	2,	0,	1,	0,	0,	0,	0,	
1000000,	82.369,	230188,	20712,	193970,	31338,	91.09,	81.95,	82.02,	4763,	28,	1059,	529,	530,	0,	0,	2,	0,	1,	0,	0,	0,	0,	

1000000,	82.369,	461974,	43364,	385074,	64742,	89.18,	78.05,	78.13,	4763,	28,	1059,	529,	530,	0,	0,	2,	0,	1,	0,	0,	0,	0,	
Pool,	TP,	FN,	TN,	FP
1,	11557,	2624,	3235,	842,	
2,	34416,	6678,	22291,	8614,	
3,	46324,	5164,	85084,	26908,	
4,	97759,	6522,	160198,	14209,	
5,	271918,	22376,	114266,	14169,	





AdaHT-ProcessRBF
Speed Change:,	0.01,	Centroids:,	100,	DriftCentroid:	60
GracePeriod:,	200,	TieThreshold:,	0.05,	BinarySplit:,	false
Count,	Time,	TP,	FN,	TN,	FP,	Accu,	Kappa,	Kpa_t,	Mem,	Depth,	TSize,	DcNod,	ActLf,	InacLf,	Reset,	Alter,	Switch,	Prune,	ClOp0,	ClOp1,	ClOp2,	ClOp3
50000,	6.553,	16186,	5895,	22636,	5281,	77.65,	54.54,	54.52,	275,	8,	61,	30,	31,	0,	0,	0,	0,	0,	0,	0,	0,	0,	
100000,	12.014,	17630,	4315,	24888,	3153,	85.06,	69.5,	69.99,	527,	11,	117,	58,	59,	0,	0,	0,	0,	0,	0,	0,	0,	0,	
150000,	17.114,	34815,	9433,	47615,	8135,	87.22,	74.02,	74.25,	761,	14,	169,	84,	85,	0,	0,	0,	0,	0,	0,	0,	0,	0,	
200000,	21.76,	36131,	7689,	50255,	5702,	88.15,	75.88,	75.91,	1019,	16,	227,	113,	114,	0,	0,	0,	0,	0,	0,	0,	0,	0,	
250000,	26.107,	53433,	12656,	73168,	10568,	88.69,	76.96,	77.06,	1337,	18,	297,	148,	149,	0,	0,	0,	0,	0,	0,	0,	0,	0,	
300000,	30.03,	54381,	10703,	75947,	7984,	89.4,	78.43,	78.48,	1633,	20,	363,	181,	182,	0,	0,	0,	0,	0,	0,	0,	0,	0,	
350000,	33.381,	72371,	15382,	98570,	13020,	89.64,	78.98,	78.98,	1823,	22,	405,	202,	203,	0,	0,	0,	0,	0,	0,	0,	0,	0,	
400000,	36.616,	73122,	13337,	101608,	10419,	89.86,	79.38,	79.38,	2145,	24,	477,	238,	239,	0,	0,	0,	0,	0,	0,	0,	0,	0,	
450000,	39.293,	90781,	18000,	124278,	15473,	89.85,	79.36,	79.43,	2395,	25,	533,	266,	267,	0,	0,	0,	0,	0,	0,	0,	0,	0,	
500000,	41.29,	90147,	15972,	127548,	12664,	90.23,	80.11,	80.36,	2631,	25,	585,	292,	293,	0,	0,	0,	0,	0,	0,	0,	0,	0,	
550000,	43.662,	108030,	20590,	150035,	17713,	90.34,	80.36,	80.45,	2845,	25,	633,	316,	317,	0,	0,	0,	0,	0,	0,	0,	0,	0,	
600000,	50.39,	107480,	18661,	153234,	14920,	90.11,	79.9,	79.98,	3063,	25,	681,	340,	341,	0,	0,	0,	0,	0,	0,	0,	0,	0,	
650000,	57.997,	124136,	23245,	175825,	19853,	90.41,	80.5,	80.6,	3341,	25,	743,	371,	372,	0,	0,	0,	0,	0,	0,	0,	0,	0,	
700000,	64.89,	122864,	21334,	179265,	16986,	90.52,	80.68,	80.63,	3551,	25,	789,	394,	395,	0,	0,	0,	0,	0,	0,	0,	0,	0,	
750000,	70.117,	139856,	25833,	201707,	21987,	90.55,	80.79,	80.9,	3766,	26,	837,	418,	419,	0,	0,	0,	0,	0,	0,	0,	0,	0,	
800000,	75.313,	138245,	23820,	205201,	19059,	90.88,	81.45,	81.52,	3983,	27,	885,	442,	443,	0,	0,	0,	0,	0,	0,	0,	0,	0,	
850000,	80.544,	155305,	28371,	227691,	24022,	90.84,	81.37,	81.38,	4113,	27,	915,	457,	458,	0,	0,	0,	0,	0,	0,	0,	0,	0,	
900000,	84.439,	153033,	26242,	231261,	21154,	90.96,	81.6,	81.56,	4395,	29,	977,	488,	489,	0,	0,	0,	0,	0,	0,	0,	0,	0,	
950000,	87.973,	169535,	30899,	253765,	26063,	90.85,	81.37,	81.44,	4655,	29,	1035,	517,	518,	0,	0,	0,	0,	0,	0,	0,	0,	0,	
1000000,	91.401,	167837,	28657,	257232,	23232,	91.0,	81.7,	81.8,	4891,	30,	1087,	543,	544,	0,	0,	0,	0,	0,	0,	0,	0,	0,	

1000000,	91.401,	337372,	59556,	510997,	49295,	89.11,	77.84,	77.93,	4891,	30,	1087,	543,	544,	0,	0,	0,	0,	0,	0,	0,	0,	0,	
Pool,	TP,	FN,	TN,	FP
1,	7851,	2682,	6425,	1206,	
2,	24347,	7442,	32432,	7096,	
3,	73210,	15347,	69637,	5110,	
4,	97180,	14316,	149079,	15918,	
5,	134784,	19769,	253424,	19965,	





AdaHT-ProcessRBF
Speed Change:,	0.01,	Centroids:,	100,	DriftCentroid:	80
GracePeriod:,	200,	TieThreshold:,	0.05,	BinarySplit:,	false
Count,	Time,	TP,	FN,	TN,	FP,	Accu,	Kappa,	Kpa_t,	Mem,	Depth,	TSize,	DcNod,	ActLf,	InacLf,	Reset,	Alter,	Switch,	Prune,	ClOp0,	ClOp1,	ClOp2,	ClOp3
50000,	8.597,	23616,	5067,	15014,	6302,	77.26,	53.16,	53.59,	212,	9,	53,	26,	27,	0,	0,	1,	0,	0,	0,	0,	0,	0,	
100000,	14.736,	24836,	3590,	16771,	4539,	83.74,	66.56,	66.66,	517,	14,	121,	60,	61,	0,	0,	1,	0,	0,	0,	0,	0,	0,	
150000,	20.388,	49168,	8315,	32366,	10138,	85.83,	70.88,	70.98,	734,	18,	169,	84,	85,	0,	0,	1,	0,	0,	0,	0,	0,	0,	
200000,	25.917,	49650,	6530,	34608,	8059,	87.07,	73.49,	73.49,	1013,	21,	231,	115,	116,	0,	0,	1,	0,	0,	0,	0,	0,	0,	
250000,	31.641,	74520,	11250,	50233,	13697,	87.01,	73.37,	73.44,	1274,	22,	289,	144,	145,	0,	0,	1,	0,	0,	0,	0,	0,	0,	
300000,	35.534,	74434,	9341,	52675,	11360,	87.77,	74.94,	74.95,	1543,	24,	349,	174,	175,	0,	0,	1,	0,	0,	0,	0,	0,	0,	
350000,	38.93,	98169,	13957,	68414,	16814,	88.35,	76.11,	76.45,	1714,	25,	387,	193,	194,	0,	0,	1,	0,	0,	0,	0,	0,	0,	
400000,	41.982,	98345,	12160,	70952,	14460,	88.16,	75.77,	75.84,	2028,	26,	457,	228,	229,	0,	0,	3,	0,	1,	0,	0,	0,	0,	
450000,	44.796,	122900,	16414,	86544,	20016,	88.67,	76.75,	76.75,	2245,	28,	505,	252,	253,	0,	0,	3,	0,	1,	0,	0,	0,	0,	
500000,	46.904,	122357,	14592,	89157,	17578,	88.9,	77.21,	77.2,	2495,	29,	561,	280,	281,	0,	0,	3,	0,	1,	0,	0,	0,	0,	
550000,	49.243,	146028,	18795,	104790,	23128,	89.01,	77.45,	77.62,	2722,	29,	611,	305,	306,	0,	0,	3,	0,	1,	0,	0,	0,	0,	
600000,	55.893,	146308,	16997,	107413,	20596,	89.15,	77.72,	77.99,	2945,	30,	661,	330,	331,	0,	0,	3,	0,	1,	0,	0,	0,	0,	
650000,	61.856,	169277,	21276,	123093,	25975,	89.34,	78.12,	78.17,	3163,	30,	709,	354,	355,	0,	0,	3,	0,	1,	0,	0,	0,	0,	
700000,	67.383,	169115,	19328,	125911,	23443,	89.64,	78.77,	78.74,	3369,	31,	755,	377,	378,	0,	0,	3,	0,	1,	0,	0,	0,	0,	
750000,	72.482,	191680,	23733,	141337,	28768,	89.5,	78.4,	78.48,	3630,	31,	813,	406,	407,	0,	0,	3,	0,	1,	0,	0,	0,	0,	
800000,	77.355,	190606,	21615,	144353,	26280,	89.74,	78.95,	79.13,	3855,	32,	863,	431,	432,	0,	0,	3,	0,	1,	0,	0,	0,	0,	
850000,	81.481,	213480,	25971,	159870,	31583,	89.89,	79.27,	79.09,	4017,	33,	899,	449,	450,	0,	0,	3,	0,	1,	0,	0,	0,	0,	
900000,	85.151,	211746,	24026,	162919,	29063,	89.6,	78.7,	78.57,	4339,	33,	971,	485,	486,	0,	0,	3,	0,	1,	0,	0,	0,	0,	
950000,	88.467,	234722,	28388,	178500,	34347,	89.63,	78.77,	78.7,	4575,	33,	1023,	511,	512,	0,	0,	3,	0,	1,	0,	0,	0,	0,	
1000000,	91.37,	233123,	26350,	181480,	31781,	89.91,	79.31,	79.43,	4792,	33,	1071,	535,	536,	0,	0,	3,	0,	1,	0,	0,	0,	0,	

1000000,	91.37,	467845,	54738,	359980,	66128,	87.91,	75.19,	75.26,	4792,	33,	1071,	535,	536,	0,	0,	3,	0,	1,	0,	0,	0,	0,	
Pool,	TP,	FN,	TN,	FP
1,	7695,	1903,	4562,	4011,	
2,	43179,	9762,	13184,	4590,	
3,	77291,	11693,	62621,	10600,	
4,	98856,	9148,	150373,	26093,	
5,	240824,	22232,	129240,	20834,	





AdaHT-ProcessRBF
Speed Change:,	0.01,	Centroids:,	100,	DriftCentroid:	100
GracePeriod:,	200,	TieThreshold:,	0.05,	BinarySplit:,	false
Count,	Time,	TP,	FN,	TN,	FP,	Accu,	Kappa,	Kpa_t,	Mem,	Depth,	TSize,	DcNod,	ActLf,	InacLf,	Reset,	Alter,	Switch,	Prune,	ClOp0,	ClOp1,	ClOp2,	ClOp3
50000,	6.68,	13170,	4909,	29239,	2680,	84.82,	66.21,	66.98,	257,	8,	57,	28,	29,	0,	0,	0,	0,	0,	0,	0,	0,	0,	
100000,	12.207,	14906,	3162,	29885,	2037,	89.6,	77.16,	77.44,	554,	12,	123,	61,	62,	0,	0,	0,	0,	0,	0,	0,	0,	0,	
150000,	17.357,	28204,	7797,	59352,	4566,	90.45,	79.02,	79.17,	841,	15,	187,	93,	94,	0,	0,	0,	0,	0,	0,	0,	0,	0,	
200000,	22.273,	30330,	5747,	60090,	3823,	91.26,	80.85,	81.1,	1128,	18,	251,	125,	126,	0,	0,	0,	0,	0,	0,	0,	0,	0,	
250000,	26.584,	43420,	10405,	89858,	6118,	91.68,	81.68,	81.92,	1355,	20,	301,	150,	151,	0,	0,	0,	0,	0,	0,	0,	0,	0,	
300000,	30.627,	46172,	8231,	90105,	5482,	91.71,	81.99,	82.19,	1578,	21,	351,	175,	176,	0,	0,	0,	0,	0,	0,	0,	0,	0,	
350000,	33.972,	59111,	12710,	119965,	7810,	92.0,	82.6,	82.58,	1822,	22,	405,	202,	203,	0,	0,	0,	0,	0,	0,	0,	0,	0,	
400000,	37.208,	60486,	10510,	120327,	7162,	92.08,	82.73,	82.88,	2025,	23,	451,	225,	226,	0,	0,	0,	0,	0,	0,	0,	0,	0,	
450000,	40.244,	73463,	14948,	150228,	9438,	92.26,	83.11,	83.21,	2272,	24,	505,	252,	253,	0,	0,	0,	0,	0,	0,	0,	0,	0,	
500000,	42.67,	74657,	12664,	150390,	8814,	92.39,	83.49,	83.71,	2487,	25,	553,	276,	277,	0,	0,	0,	0,	0,	0,	0,	0,	0,	
550000,	45.463,	86935,	17124,	180360,	11034,	92.46,	83.62,	83.73,	2660,	26,	591,	295,	296,	0,	0,	0,	0,	0,	0,	0,	0,	0,	
600000,	52.916,	86957,	14779,	180549,	10420,	92.55,	83.83,	83.85,	2893,	26,	643,	321,	322,	0,	0,	0,	0,	0,	0,	0,	0,	0,	
650000,	59.582,	100170,	19106,	210414,	12598,	92.9,	84.67,	84.64,	3144,	27,	699,	349,	350,	0,	0,	0,	0,	0,	0,	0,	0,	0,	
700000,	65.622,	99926,	16763,	210661,	12024,	92.82,	84.46,	84.55,	3405,	28,	757,	378,	379,	0,	0,	0,	0,	0,	0,	0,	0,	0,	
750000,	71.697,	112591,	21059,	240736,	14171,	92.94,	84.66,	84.72,	3650,	28,	811,	405,	406,	0,	0,	0,	0,	0,	0,	0,	0,	0,	
800000,	77.934,	112347,	18716,	241012,	13518,	93.1,	85.0,	85.08,	3882,	30,	863,	431,	432,	0,	0,	0,	0,	0,	0,	0,	0,	0,	
850000,	83.236,	125080,	23080,	271085,	15654,	92.98,	84.74,	84.78,	4089,	30,	909,	454,	455,	0,	0,	0,	0,	0,	0,	0,	0,	0,	
900000,	87.887,	124640,	20694,	271326,	15009,	93.06,	84.92,	85.04,	4331,	31,	963,	481,	482,	0,	0,	0,	0,	0,	0,	0,	0,	0,	
950000,	91.655,	137773,	24957,	301609,	17189,	93.17,	85.08,	85.13,	4572,	31,	1017,	508,	509,	0,	0,	0,	0,	0,	0,	0,	0,	0,	
1000000,	95.007,	137285,	22655,	301867,	16440,	93.21,	85.17,	85.1,	4846,	32,	1077,	538,	539,	0,	0,	0,	0,	0,	0,	0,	0,	0,	

1000000,	95.007,	275058,	47612,	603476,	33629,	91.87,	82.27,	82.39,	4846,	32,	1077,	538,	539,	0,	0,	0,	0,	0,	0,	0,	0,	0,	
Pool,	TP,	FN,	TN,	FP
1,	3489,	3188,	8710,	2830,	
2,	32582,	7664,	27939,	3702,	
3,	67631,	9884,	74872,	8899,	
4,	100582,	20149,	150931,	5112,	
5,	70774,	6727,	341024,	13086,	





AdaHT-ProcessRBF
Speed Change:,	0.01,	Centroids:,	100,	DriftCentroid:	100
GracePeriod:,	200,	TieThreshold:,	0.05,	BinarySplit:,	false
Count,	Time,	TP,	FN,	TN,	FP,	Accu,	Kappa,	Kpa_t,	Mem,	Depth,	TSize,	DcNod,	ActLf,	InacLf,	Reset,	Alter,	Switch,	Prune,	ClOp0,	ClOp1,	ClOp2,	ClOp3
50000,	8.626,	18573,	4322,	23122,	3982,	83.39,	66.5,	66.66,	266,	10,	59,	29,	30,	0,	0,	0,	0,	0,	0,	0,	0,	0,	
100000,	15.662,	19604,	3307,	24086,	3002,	87.38,	74.56,	74.57,	518,	14,	115,	57,	58,	0,	0,	0,	0,	0,	0,	0,	0,	0,	
150000,	22.352,	38649,	7305,	47339,	6706,	88.59,	77.01,	76.95,	806,	18,	179,	89,	90,	0,	0,	0,	0,	0,	0,	0,	0,	0,	
200000,	28.431,	39771,	6064,	48636,	5527,	89.43,	78.7,	78.69,	1013,	21,	225,	112,	113,	0,	0,	0,	0,	0,	0,	0,	0,	0,	
250000,	33.877,	58634,	9997,	72165,	8961,	90.1,	80.04,	80.08,	1256,	23,	279,	139,	140,	0,	0,	0,	0,	0,	0,	0,	0,	0,	
300000,	38.035,	60011,	8680,	73229,	7876,	90.07,	80.0,	80.03,	1561,	25,	347,	173,	174,	0,	0,	0,	0,	0,	0,	0,	0,	0,	
350000,	41.855,	78339,	12543,	96840,	11281,	90.26,	80.39,	80.49,	1796,	26,	399,	199,	200,	0,	0,	0,	0,	0,	0,	0,	0,	0,	
400000,	45.553,	79454,	11227,	97990,	10170,	90.31,	80.48,	80.46,	2091,	27,	465,	232,	233,	0,	0,	0,	0,	0,	0,	0,	0,	0,	
450000,	49.013,	96234,	15026,	121548,	13519,	90.55,	80.97,	80.91,	2308,	27,	513,	256,	257,	0,	0,	0,	0,	0,	0,	0,	0,	0,	
500000,	51.205,	96912,	13592,	122959,	12268,	91.07,	82.01,	82.1,	2513,	29,	559,	279,	280,	0,	0,	0,	0,	0,	0,	0,	0,	0,	
550000,	53.961,	113287,	17405,	146441,	15623,	91.03,	81.92,	81.93,	2759,	29,	613,	306,	307,	0,	0,	0,	0,	0,	0,	0,	0,	0,	
600000,	63.147,	114162,	15843,	148001,	14345,	91.34,	82.55,	82.54,	2911,	29,	647,	323,	324,	0,	0,	0,	0,	0,	0,	0,	0,	0,	
650000,	70.358,	130039,	19737,	171394,	17691,	91.2,	82.26,	82.3,	3198,	29,	711,	355,	356,	0,	0,	0,	0,	0,	0,	0,	0,	0,	
700000,	76.817,	131143,	18225,	172910,	16459,	91.0,	81.87,	81.95,	3459,	29,	769,	384,	385,	0,	0,	0,	0,	0,	0,	0,	0,	0,	
750000,	82.75,	147044,	21929,	196434,	19769,	91.45,	82.77,	82.89,	3664,	30,	815,	407,	408,	0,	0,	0,	0,	0,	0,	0,	0,	0,	
800000,	87.771,	148120,	20494,	197932,	18511,	91.36,	82.58,	82.62,	3900,	30,	867,	433,	434,	0,	0,	0,	0,	0,	0,	0,	0,	0,	
850000,	92.354,	163237,	24146,	221529,	21742,	91.62,	83.1,	83.1,	4079,	31,	907,	453,	454,	0,	0,	0,	0,	0,	0,	0,	0,	0,	
900000,	96.838,	164120,	22724,	222891,	20492,	91.57,	83.03,	82.92,	4287,	31,	953,	476,	477,	0,	0,	0,	0,	0,	0,	0,	0,	0,	
950000,	100.474,	178792,	26274,	246514,	23675,	91.87,	83.64,	83.68,	4477,	31,	995,	497,	498,	0,	0,	0,	0,	0,	0,	0,	0,	0,	
1000000,	103.753,	180059,	24891,	247835,	22527,	91.59,	83.06,	83.09,	4719,	31,	1049,	524,	525,	0,	0,	0,	0,	0,	0,	0,	0,	0,	

1000000,	103.753,	358851,	51165,	494349,	46202,	90.26,	80.37,	80.4,	4719,	31,	1049,	524,	525,	0,	0,	0,	0,	0,	0,	0,	0,	0,	
Pool,	TP,	FN,	TN,	FP
1,	6849,	3674,	5976,	1723,	
2,	16774,	3558,	41554,	10602,	
3,	69165,	10916,	74221,	7821,	
4,	72334,	15793,	183417,	18312,	
5,	193729,	17224,	189181,	7744,	





AdaHT-ProcessRBF
Speed Change:,	0.01,	Centroids:,	100,	DriftCentroid:	100
GracePeriod:,	400,	TieThreshold:,	0.05,	BinarySplit:,	false
Count,	Time,	TP,	FN,	TN,	FP,	Accu,	Kappa,	Kpa_t,	Mem,	Depth,	TSize,	DcNod,	ActLf,	InacLf,	Reset,	Alter,	Switch,	Prune,	ClOp0,	ClOp1,	ClOp2,	ClOp3
50000,	8.174,	24382,	4010,	16151,	5454,	81.07,	61.12,	61.33,	230,	8,	51,	25,	26,	0,	0,	0,	0,	0,	0,	0,	0,	0,	
100000,	14.035,	25143,	3498,	17863,	3496,	86.01,	71.42,	71.29,	536,	12,	119,	59,	60,	0,	0,	0,	0,	0,	0,	0,	0,	0,	
150000,	20.141,	50421,	6514,	34216,	8842,	88.21,	75.82,	75.97,	751,	14,	167,	83,	84,	0,	0,	0,	0,	0,	0,	0,	0,	0,	
200000,	25.445,	51281,	5858,	35980,	6881,	88.51,	76.42,	76.56,	1011,	16,	225,	112,	113,	0,	0,	0,	0,	0,	0,	0,	0,	0,	
250000,	30.3,	76391,	8632,	52724,	12010,	89.43,	78.35,	78.44,	1237,	18,	275,	137,	138,	0,	0,	0,	0,	0,	0,	0,	0,	0,	
300000,	34.709,	76383,	8073,	54327,	9893,	89.54,	78.53,	78.92,	1513,	20,	337,	168,	169,	0,	0,	0,	0,	0,	0,	0,	0,	0,	
350000,	38.443,	101696,	10752,	71366,	15063,	89.65,	78.83,	79.04,	1679,	21,	373,	186,	187,	0,	0,	0,	0,	0,	0,	0,	0,	0,	
400000,	41.796,	100463,	9975,	72688,	12929,	90.12,	79.69,	79.75,	1949,	23,	433,	216,	217,	0,	0,	0,	0,	0,	0,	0,	0,	0,	
450000,	44.98,	125135,	12689,	90092,	17975,	90.3,	80.14,	80.11,	2138,	24,	475,	237,	238,	0,	0,	0,	0,	0,	0,	0,	0,	0,	
500000,	47.122,	124015,	11930,	91308,	15838,	90.27,	80.05,	80.28,	2389,	26,	531,	265,	266,	0,	0,	0,	0,	0,	0,	0,	0,	0,	
550000,	49.738,	148058,	14614,	108705,	20835,	90.42,	80.35,	80.42,	2649,	27,	589,	294,	295,	0,	0,	0,	0,	0,	0,	0,	0,	0,	
600000,	57.537,	147339,	13895,	109914,	18659,	90.43,	80.36,	80.51,	2811,	27,	625,	312,	313,	0,	0,	0,	0,	0,	0,	0,	0,	0,	
650000,	65.257,	169851,	16546,	127690,	23543,	90.71,	81.02,	81.0,	3036,	28,	675,	337,	338,	0,	0,	0,	0,	0,	0,	0,	0,	0,	
700000,	71.689,	170420,	15734,	128663,	21424,	90.78,	81.1,	81.09,	3188,	29,	709,	354,	355,	0,	0,	0,	0,	0,	0,	0,	0,	0,	
750000,	77.34,	192800,	18417,	146638,	26203,	90.94,	81.45,	81.51,	3375,	29,	751,	375,	376,	0,	0,	0,	0,	0,	0,	0,	0,	0,	
800000,	83.185,	193284,	17754,	147429,	24059,	90.69,	80.91,	80.84,	3594,	30,	799,	399,	400,	0,	0,	0,	0,	0,	0,	0,	0,	0,	
850000,	88.592,	214488,	20340,	165528,	28798,	90.96,	81.48,	81.53,	3839,	31,	853,	426,	427,	0,	0,	0,	0,	0,	0,	0,	0,	0,	
900000,	93.152,	215392,	19649,	166274,	26642,	91.04,	81.63,	81.79,	4010,	31,	891,	445,	446,	0,	0,	0,	0,	0,	0,	0,	0,	0,	
950000,	97.154,	236735,	22275,	184631,	31285,	91.15,	81.91,	81.95,	4178,	32,	929,	464,	465,	0,	0,	0,	0,	0,	0,	0,	0,	0,	
1000000,	100.498,	237003,	21490,	185276,	29206,	91.19,	81.96,	81.91,	4395,	33,	977,	488,	489,	0,	0,	0,	0,	0,	0,	0,	0,	0,	

1000000,	100.498,	473738,	43765,	369907,	60491,	89.57,	78.63,	78.71,	4395,	33,	977,	488,	489,	0,	0,	0,	0,	0,	0,	0,	0,	0,	
Pool,	TP,	FN,	TN,	FP
1,	5517,	2111,	6030,	4501,	
2,	32545,	4102,	29386,	5677,	
3,	63793,	7627,	79711,	12325,	
4,	148780,	13135,	98367,	11276,	
5,	223103,	16790,	156413,	26712,	





AdaHT-ProcessRBF
Speed Change:,	0.01,	Centroids:,	100,	DriftCentroid:	100
GracePeriod:,	800,	TieThreshold:,	0.05,	BinarySplit:,	false
Count,	Time,	TP,	FN,	TN,	FP,	Accu,	Kappa,	Kpa_t,	Mem,	Depth,	TSize,	DcNod,	ActLf,	InacLf,	Reset,	Alter,	Switch,	Prune,	ClOp0,	ClOp1,	ClOp2,	ClOp3
50000,	8.629,	23166,	5125,	16252,	5455,	78.84,	56.85,	56.87,	203,	10,	45,	22,	23,	0,	0,	0,	0,	0,	0,	0,	0,	0,	
100000,	15.779,	24880,	3257,	17405,	4458,	84.57,	68.45,	68.52,	410,	15,	91,	45,	46,	0,	0,	0,	0,	0,	0,	0,	0,	0,	
150000,	22.246,	48703,	7851,	33933,	9511,	86.44,	72.21,	72.56,	689,	18,	153,	76,	77,	0,	0,	0,	0,	0,	0,	0,	0,	0,	
200000,	28.232,	50240,	5924,	35724,	8112,	87.36,	74.21,	74.5,	896,	22,	199,	99,	100,	0,	0,	0,	0,	0,	0,	0,	0,	0,	
250000,	33.772,	74345,	10505,	52347,	12801,	88.11,	75.72,	75.67,	1103,	24,	245,	122,	123,	0,	0,	0,	0,	0,	0,	0,	0,	0,	
300000,	38.917,	75986,	8625,	54269,	11120,	88.58,	76.68,	76.64,	1327,	25,	295,	147,	148,	0,	0,	0,	0,	0,	0,	0,	0,	0,	
350000,	44.232,	99613,	13199,	70930,	15868,	88.48,	76.48,	76.6,	1589,	26,	353,	176,	177,	0,	0,	0,	0,	0,	0,	0,	0,	0,	
400000,	48.218,	101112,	11122,	72900,	14116,	89.01,	77.56,	77.66,	1795,	28,	399,	199,	200,	0,	0,	0,	0,	0,	0,	0,	0,	0,	
450000,	51.477,	124093,	15706,	89794,	18608,	89.5,	78.58,	78.73,	1985,	28,	441,	220,	221,	0,	0,	0,	0,	0,	0,	0,	0,	0,	
500000,	54.265,	125821,	13548,	91942,	16856,	89.67,	78.95,	78.87,	2192,	29,	487,	243,	244,	0,	0,	0,	0,	0,	0,	0,	0,	0,	
550000,	57.211,	148002,	18160,	108801,	21396,	89.51,	78.63,	78.56,	2398,	29,	533,	266,	267,	0,	0,	0,	0,	0,	0,	0,	0,	0,	
600000,	65.23,	149395,	15886,	110719,	19633,	89.77,	79.09,	79.21,	2570,	29,	571,	285,	286,	0,	0,	0,	0,	0,	0,	0,	0,	0,	
650000,	73.432,	169977,	20353,	127534,	24174,	90.05,	79.64,	79.61,	2767,	29,	615,	307,	308,	0,	0,	0,	0,	0,	0,	0,	0,	0,	
700000,	80.65,	171738,	18029,	129654,	22497,	89.98,	79.55,	79.43,	2983,	30,	663,	331,	332,	0,	0,	0,	0,	0,	0,	0,	0,	0,	
750000,	87.041,	192162,	22557,	146376,	26948,	90.04,	79.64,	79.78,	3226,	30,	717,	358,	359,	0,	0,	0,	0,	0,	0,	0,	0,	0,	
800000,	93.073,	192983,	20261,	148774,	25144,	90.24,	80.1,	80.12,	3425,	30,	761,	380,	381,	0,	0,	0,	0,	0,	0,	0,	0,	0,	
850000,	98.389,	213064,	24737,	165436,	29633,	90.26,	80.13,	80.26,	3568,	30,	793,	396,	397,	0,	0,	0,	0,	0,	0,	0,	0,	0,	
900000,	102.927,	214202,	22377,	167850,	27747,	90.56,	80.73,	80.86,	3811,	30,	847,	423,	424,	0,	0,	0,	0,	0,	0,	0,	0,	0,	
950000,	107.167,	233735,	26802,	184589,	32243,	90.65,	80.93,	80.96,	4000,	31,	889,	444,	445,	0,	0,	0,	0,	0,	0,	0,	0,	0,	
1000000,	110.942,	234632,	24444,	186973,	30353,	90.65,	80.91,	80.9,	4126,	31,	917,	458,	459,	0,	0,	0,	0,	0,	0,	0,	0,	0,	

1000000,	110.942,	468367,	51246,	371562,	62596,	88.61,	76.75,	76.81,	4126,	31,	917,	458,	459,	0,	0,	0,	0,	0,	0,	0,	0,	0,	
Pool,	TP,	FN,	TN,	FP
1,	7048,	2069,	4949,	4087,	
2,	15057,	4063,	43068,	10512,	
3,	88726,	11618,	51726,	11436,	
4,	101615,	12638,	149839,	12217,	
5,	255921,	20858,	121980,	24344,	





AdaHT-ProcessRBF
Speed Change:,	0.01,	Centroids:,	100,	DriftCentroid:	100
GracePeriod:,	1600,	TieThreshold:,	0.05,	BinarySplit:,	false
Count,	Time,	TP,	FN,	TN,	FP,	Accu,	Kappa,	Kpa_t,	Mem,	Depth,	TSize,	DcNod,	ActLf,	InacLf,	Reset,	Alter,	Switch,	Prune,	ClOp0,	ClOp1,	ClOp2,	ClOp3
50000,	8.582,	13266,	5806,	25965,	4961,	78.46,	53.97,	54.21,	176,	7,	39,	19,	20,	0,	0,	0,	0,	0,	0,	0,	0,	0,	
100000,	15.56,	15395,	3739,	26903,	3963,	84.6,	67.47,	67.36,	365,	10,	81,	40,	41,	0,	0,	0,	0,	0,	0,	0,	0,	0,	
150000,	21.821,	28844,	9194,	53638,	8322,	86.5,	71.33,	71.5,	562,	12,	125,	62,	63,	0,	0,	0,	0,	0,	0,	0,	0,	0,	
200000,	27.493,	31159,	6982,	54664,	7195,	87.05,	72.52,	72.6,	761,	14,	169,	84,	85,	0,	0,	0,	0,	0,	0,	0,	0,	0,	
250000,	32.646,	45132,	12181,	81337,	11348,	87.97,	74.63,	74.63,	995,	16,	221,	110,	111,	0,	0,	0,	0,	0,	0,	0,	0,	0,	
300000,	37.638,	47094,	10094,	82954,	9858,	88.45,	75.4,	75.45,	1184,	18,	263,	131,	132,	0,	0,	0,	0,	0,	0,	0,	0,	0,	
350000,	41.743,	61207,	15067,	109747,	13977,	88.97,	76.51,	76.61,	1391,	20,	309,	154,	155,	0,	0,	0,	0,	0,	0,	0,	0,	0,	
400000,	45.549,	63477,	12747,	111285,	12491,	89.43,	77.58,	77.59,	1553,	21,	345,	172,	173,	0,	0,	0,	0,	0,	0,	0,	0,	0,	
450000,	48.328,	77607,	17827,	138080,	16484,	89.47,	77.66,	77.65,	1733,	22,	385,	192,	193,	0,	0,	0,	0,	0,	0,	0,	0,	0,	
500000,	50.817,	79808,	15492,	139750,	14950,	89.59,	77.88,	78.05,	1858,	23,	413,	206,	207,	0,	0,	0,	0,	0,	0,	0,	0,	0,	
550000,	53.77,	93748,	20538,	166857,	18855,	89.84,	78.29,	78.36,	2083,	23,	463,	231,	232,	0,	0,	0,	0,	0,	0,	0,	0,	0,	
600000,	61.976,	95961,	18220,	168508,	17311,	89.82,	78.26,	78.34,	2299,	24,	511,	255,	256,	0,	0,	0,	0,	0,	0,	0,	0,	0,	
650000,	69.726,	110189,	23080,	195501,	21228,	90.17,	79.1,	79.25,	2489,	25,	553,	276,	277,	0,	0,	0,	0,	0,	0,	0,	0,	0,	
700000,	77.334,	112355,	20793,	197090,	19762,	89.95,	78.63,	78.51,	2677,	25,	595,	297,	298,	0,	0,	0,	0,	0,	0,	0,	0,	0,	
750000,	83.07,	126665,	25658,	224106,	23569,	90.16,	79.09,	79.1,	2848,	25,	633,	316,	317,	0,	0,	0,	0,	0,	0,	0,	0,	0,	
800000,	88.243,	128858,	23322,	225790,	22030,	90.41,	79.6,	79.51,	3009,	26,	669,	334,	335,	0,	0,	0,	0,	0,	0,	0,	0,	0,	
850000,	93.392,	143052,	28219,	253034,	25693,	90.63,	80.0,	80.1,	3191,	27,	709,	354,	355,	0,	0,	0,	0,	0,	0,	0,	0,	0,	
900000,	97.402,	145369,	25788,	254596,	24247,	90.63,	80.06,	80.1,	3342,	27,	743,	371,	372,	0,	0,	0,	0,	0,	0,	0,	0,	0,	
950000,	101.072,	159612,	30722,	281756,	27908,	90.56,	79.94,	79.99,	3515,	27,	781,	390,	391,	0,	0,	0,	0,	0,	0,	0,	0,	0,	
1000000,	104.13,	162131,	28184,	283145,	26540,	90.62,	80.14,	80.2,	3659,	27,	813,	406,	407,	0,	0,	0,	0,	0,	0,	0,	0,	0,	

1000000,	104.13,	321743,	58906,	564901,	54448,	88.66,	75.9,	75.95,	3659,	27,	813,	406,	407,	0,	0,	0,	0,	0,	0,	0,	0,	0,	
Pool,	TP,	FN,	TN,	FP
1,	7523,	1678,	7029,	1992,	
2,	25753,	2946,	36974,	6991,	
3,	63727,	14727,	79529,	5649,	
4,	91514,	14772,	171324,	13279,	
5,	133226,	24783,	270045,	26537,	





AdaHT-ProcessRBF
Speed Change:,	0.01,	Centroids:,	100,	DriftCentroid:	100
GracePeriod:,	3200,	TieThreshold:,	0.05,	BinarySplit:,	false
Count,	Time,	TP,	FN,	TN,	FP,	Accu,	Kappa,	Kpa_t,	Mem,	Depth,	TSize,	DcNod,	ActLf,	InacLf,	Reset,	Alter,	Switch,	Prune,	ClOp0,	ClOp1,	ClOp2,	ClOp3
50000,	9.087,	17211,	5331,	23459,	3996,	81.34,	62.12,	62.3,	149,	6,	33,	16,	17,	0,	0,	0,	0,	0,	0,	0,	0,	0,	
100000,	16.042,	18786,	3628,	24948,	2638,	87.47,	74.56,	74.55,	293,	7,	65,	32,	33,	0,	0,	0,	0,	0,	0,	0,	0,	0,	
150000,	23.069,	36635,	8218,	48842,	6302,	89.61,	78.93,	78.99,	445,	10,	99,	49,	50,	0,	0,	0,	0,	0,	0,	0,	0,	0,	
200000,	29.186,	38251,	6500,	50633,	4616,	90.3,	80.3,	80.3,	581,	12,	129,	64,	65,	0,	0,	0,	0,	0,	0,	0,	0,	0,	
250000,	33.841,	56444,	10902,	74576,	8075,	91.09,	81.92,	82.0,	743,	13,	165,	82,	83,	0,	0,	0,	0,	0,	0,	0,	0,	0,	
300000,	37.903,	57914,	9299,	76460,	6327,	90.98,	81.69,	81.79,	878,	15,	195,	97,	98,	0,	0,	0,	0,	0,	0,	0,	0,	0,	
350000,	41.676,	76407,	13498,	100432,	9660,	91.64,	83.05,	83.14,	1049,	16,	233,	116,	117,	0,	0,	0,	0,	0,	0,	0,	0,	0,	
400000,	45.208,	78010,	11731,	102353,	7906,	91.98,	83.74,	83.61,	1165,	17,	259,	129,	130,	0,	0,	0,	0,	0,	0,	0,	0,	0,	
450000,	47.859,	96302,	15933,	126458,	11304,	91.84,	83.44,	83.44,	1355,	19,	301,	150,	151,	0,	0,	0,	0,	0,	0,	0,	0,	0,	
500000,	49.913,	97015,	14165,	128280,	9437,	92.07,	83.93,	84.07,	1498,	20,	333,	166,	167,	0,	0,	0,	0,	0,	0,	0,	0,	0,	
550000,	52.589,	114859,	18282,	152287,	12766,	92.38,	84.58,	84.6,	1652,	21,	367,	183,	184,	0,	0,	1,	0,	1,	0,	0,	0,	0,	
600000,	60.559,	116523,	16554,	154090,	10979,	92.13,	84.07,	84.14,	1832,	22,	407,	203,	204,	0,	0,	1,	0,	1,	0,	0,	0,	0,	
650000,	67.586,	132098,	20557,	178037,	14426,	92.13,	84.07,	84.14,	1994,	23,	443,	221,	222,	0,	0,	1,	0,	1,	0,	0,	0,	0,	
700000,	73.953,	131388,	18724,	180163,	12532,	92.55,	84.89,	84.99,	2120,	24,	471,	235,	236,	0,	0,	1,	0,	1,	0,	0,	0,	0,	
750000,	79.549,	146729,	22703,	203940,	15953,	92.65,	85.13,	85.11,	2210,	24,	491,	245,	246,	0,	0,	1,	0,	1,	0,	0,	0,	0,	
800000,	84.64,	148730,	20902,	206078,	14126,	92.45,	84.71,	84.78,	2308,	25,	513,	256,	257,	0,	0,	1,	0,	1,	0,	0,	0,	0,	
850000,	89.178,	164855,	24958,	229968,	17467,	92.46,	84.72,	84.74,	2516,	26,	559,	279,	280,	0,	0,	1,	0,	1,	0,	0,	0,	0,	
900000,	94.125,	163130,	23011,	232445,	15617,	92.8,	85.37,	85.38,	2632,	26,	585,	292,	293,	0,	0,	1,	0,	1,	0,	0,	0,	0,	
950000,	98.164,	178743,	27110,	256066,	18854,	92.92,	85.65,	85.68,	2741,	27,	609,	304,	305,	0,	0,	1,	0,	1,	0,	0,	0,	0,	
1000000,	101.23,	178583,	25087,	258488,	17058,	92.97,	85.76,	85.77,	2884,	28,	641,	320,	321,	0,	0,	1,	0,	1,	0,	0,	0,	0,	

1000000,	101.23,	357326,	52197,	514554,	35912,	91.19,	82.14,	82.18,	2884,	28,	641,	320,	321,	0,	0,	1,	0,	1,	0,	0,	0,	0,	
Pool,	TP,	FN,	TN,	FP
1,	4062,	4183,	7651,	2326,	
2,	28548,	9946,	32571,	1764,	
3,	80702,	15164,	63619,	4181,	
4,	76769,	15928,	174129,	13272,	
5,	167245,	6976,	236584,	14369,	





AdaHT-ProcessRBF
Speed Change:,	0.01,	Centroids:,	100,	DriftCentroid:	100
GracePeriod:,	200,	TieThreshold:,	0.001,	BinarySplit:,	false
Count,	Time,	TP,	FN,	TN,	FP,	Accu,	Kappa,	Kpa_t,	Mem,	Depth,	TSize,	DcNod,	ActLf,	InacLf,	Reset,	Alter,	Switch,	Prune,	ClOp0,	ClOp1,	ClOp2,	ClOp3
50000,	7.145,	10732,	9506,	23471,	6289,	68.41,	32.73,	33.76,	5,	0,	1,	0,	1,	0,	0,	0,	0,	0,	0,	0,	0,	0,	
100000,	12.907,	12765,	7332,	24167,	5736,	73.86,	44.92,	45.44,	50,	4,	11,	5,	6,	0,	0,	0,	0,	0,	0,	0,	0,	0,	
150000,	18.267,	25167,	15196,	48050,	11585,	78.03,	54.17,	54.39,	50,	4,	11,	5,	6,	0,	0,	0,	0,	0,	0,	0,	0,	0,	
200000,	23.085,	27507,	12934,	48380,	11179,	77.91,	54.18,	54.18,	50,	4,	11,	5,	6,	0,	0,	0,	0,	0,	0,	0,	0,	0,	
250000,	27.384,	39790,	20668,	72699,	16841,	78.54,	55.29,	55.25,	95,	6,	21,	10,	11,	0,	0,	0,	0,	0,	0,	0,	0,	0,	
300000,	31.223,	42035,	18585,	73254,	16126,	78.8,	55.72,	55.79,	95,	6,	21,	10,	11,	0,	0,	0,	0,	0,	0,	0,	0,	0,	
350000,	34.392,	54252,	26376,	97566,	21804,	78.66,	55.39,	55.48,	95,	6,	21,	10,	11,	0,	0,	0,	0,	0,	0,	0,	0,	0,	
400000,	37.125,	56428,	24300,	98389,	20883,	79.06,	56.1,	56.71,	113,	7,	25,	12,	13,	0,	0,	0,	0,	0,	0,	0,	0,	0,	
450000,	39.332,	68773,	31970,	122803,	26452,	79.52,	57.08,	57.3,	131,	8,	29,	14,	15,	0,	0,	0,	0,	0,	0,	0,	0,	0,	
500000,	41.067,	70855,	29944,	123642,	25559,	79.36,	56.71,	57.19,	140,	8,	31,	15,	16,	0,	0,	0,	0,	0,	0,	0,	0,	0,	
550000,	43.083,	83356,	37632,	148020,	30990,	79.6,	57.29,	57.9,	149,	9,	33,	16,	17,	0,	0,	0,	0,	0,	0,	0,	0,	0,	
600000,	51.207,	85453,	35610,	148655,	30282,	79.22,	56.58,	57.26,	176,	9,	39,	19,	20,	0,	0,	0,	0,	0,	0,	0,	0,	0,	
650000,	57.155,	97770,	43306,	173301,	35621,	79.39,	56.76,	57.17,	176,	9,	39,	19,	20,	0,	0,	0,	0,	0,	0,	0,	0,	0,	
700000,	62.52,	99983,	41216,	173969,	34832,	79.69,	57.41,	57.69,	176,	9,	39,	19,	20,	0,	0,	0,	0,	0,	0,	0,	0,	0,	
750000,	67.297,	112106,	48944,	198653,	40295,	79.38,	56.66,	56.97,	176,	9,	39,	19,	20,	0,	0,	0,	0,	0,	0,	0,	0,	0,	
800000,	71.642,	114487,	46832,	199227,	39454,	79.52,	57.08,	57.38,	176,	9,	39,	19,	20,	0,	0,	0,	0,	0,	0,	0,	0,	0,	
850000,	75.326,	126505,	54628,	223943,	44922,	79.38,	56.72,	57.0,	176,	9,	39,	19,	20,	0,	0,	0,	0,	0,	0,	0,	0,	0,	
900000,	78.459,	128900,	52508,	224473,	44119,	79.32,	56.62,	57.11,	176,	9,	39,	19,	20,	0,	0,	0,	0,	0,	0,	0,	0,	0,	
950000,	81.405,	140922,	60393,	249160,	49523,	79.27,	56.53,	56.58,	221,	9,	49,	24,	25,	0,	0,	0,	0,	0,	0,	0,	0,	0,	
1000000,	84.04,	144511,	57179,	249097,	49213,	80.47,	59.63,	59.5,	221,	9,	49,	24,	25,	0,	0,	0,	0,	0,	0,	0,	0,	0,	

1000000,	84.04,	285433,	117572,	498257,	98736,	78.37,	54.7,	55.02,	221,	9,	49,	24,	25,	0,	0,	0,	0,	0,	0,	0,	0,	0,	
Pool,	TP,	FN,	TN,	FP
1,	3858,	2448,	6007,	5837,	
2,	24385,	14091,	27368,	6943,	
3,	39589,	41494,	61051,	21493,	
4,	77500,	28357,	163230,	21968,	
5,	140101,	31182,	240601,	42495,	





AdaHT-ProcessRBF
Speed Change:,	0.01,	Centroids:,	100,	DriftCentroid:	100
GracePeriod:,	200,	TieThreshold:,	0.005,	BinarySplit:,	false
Count,	Time,	TP,	FN,	TN,	FP,	Accu,	Kappa,	Kpa_t,	Mem,	Depth,	TSize,	DcNod,	ActLf,	InacLf,	Reset,	Alter,	Switch,	Prune,	ClOp0,	ClOp1,	ClOp2,	ClOp3
50000,	9.296,	10570,	10136,	21737,	7555,	64.62,	25.73,	26.74,	5,	0,	1,	0,	1,	0,	0,	0,	0,	0,	0,	0,	0,	0,	
100000,	14.999,	13045,	7734,	23495,	5726,	73.08,	43.8,	44.64,	59,	3,	13,	6,	7,	0,	0,	0,	0,	0,	0,	0,	0,	0,	
150000,	20.285,	26730,	14938,	46549,	11781,	81.94,	62.78,	62.64,	86,	5,	19,	9,	10,	0,	0,	0,	0,	0,	0,	0,	0,	0,	
200000,	25.064,	29549,	11980,	48823,	9648,	83.66,	66.28,	66.47,	104,	5,	23,	11,	12,	0,	0,	0,	0,	0,	0,	0,	0,	0,	
250000,	29.272,	43921,	18639,	71946,	15492,	85.18,	69.53,	69.34,	167,	6,	37,	18,	19,	0,	0,	0,	0,	0,	0,	0,	0,	0,	
300000,	32.933,	47056,	15533,	74318,	13093,	86.0,	71.27,	71.28,	176,	6,	39,	19,	20,	0,	0,	0,	0,	0,	0,	0,	0,	0,	
350000,	36.12,	61133,	22227,	97556,	19082,	85.64,	70.45,	70.47,	176,	6,	39,	19,	20,	0,	0,	0,	0,	0,	0,	0,	0,	0,	
400000,	38.691,	64582,	18951,	99801,	16666,	86.02,	71.31,	71.17,	176,	6,	39,	19,	20,	0,	0,	0,	0,	0,	0,	0,	0,	0,	
450000,	40.733,	78354,	25707,	123295,	22642,	85.92,	71.0,	71.05,	194,	7,	43,	21,	22,	0,	0,	0,	0,	0,	0,	0,	0,	0,	
500000,	42.194,	81946,	22480,	125313,	20261,	85.75,	70.73,	70.6,	221,	7,	49,	24,	25,	0,	0,	0,	0,	0,	0,	0,	0,	0,	
550000,	44.509,	95813,	29199,	148704,	26282,	85.74,	70.73,	70.84,	221,	7,	49,	24,	25,	0,	0,	0,	0,	0,	0,	0,	0,	0,	
600000,	51.034,	99188,	25965,	150961,	23886,	85.78,	70.73,	70.65,	221,	7,	49,	24,	25,	0,	0,	0,	0,	0,	0,	0,	0,	0,	
650000,	56.901,	113370,	32562,	174173,	29893,	86.05,	71.39,	71.16,	239,	7,	53,	26,	27,	0,	0,	0,	0,	0,	0,	0,	0,	0,	
700000,	62.225,	116714,	29368,	176442,	27476,	86.01,	71.3,	71.22,	266,	9,	59,	29,	30,	0,	0,	0,	0,	0,	0,	0,	0,	0,	
750000,	66.996,	130753,	36026,	199631,	33588,	85.68,	70.6,	70.56,	275,	9,	61,	30,	31,	0,	0,	0,	0,	0,	0,	0,	0,	0,	
800000,	71.273,	134082,	32792,	202149,	30977,	86.15,	71.51,	71.41,	275,	9,	61,	30,	31,	0,	0,	0,	0,	0,	0,	0,	0,	0,	
850000,	74.969,	148247,	39353,	225112,	37286,	85.95,	71.17,	71.3,	275,	9,	61,	30,	31,	0,	0,	0,	0,	0,	0,	0,	0,	0,	
900000,	78.158,	151589,	36064,	227670,	34677,	86.06,	71.38,	71.19,	311,	10,	69,	34,	35,	0,	0,	0,	0,	0,	0,	0,	0,	0,	
950000,	80.794,	165799,	42703,	250678,	40818,	86.24,	71.75,	71.9,	365,	10,	81,	40,	41,	0,	0,	0,	0,	0,	0,	0,	0,	0,	
1000000,	82.873,	169034,	39430,	253437,	38099,	86.42,	72.07,	72.3,	383,	10,	85,	42,	43,	0,	0,	0,	0,	0,	0,	0,	0,	0,	

1000000,	82.873,	334833,	82133,	504115,	78917,	83.89,	66.84,	66.86,	383,	10,	85,	42,	43,	0,	0,	0,	0,	0,	0,	0,	0,	0,	
Pool,	TP,	FN,	TN,	FP
1,	2984,	5606,	8095,	1532,	
2,	28770,	20534,	20135,	3376,	
3,	74831,	21492,	49062,	18119,	
4,	118120,	19582,	131508,	21872,	
5,	110128,	14919,	295315,	34018,	





AdaHT-ProcessRBF
Speed Change:,	0.01,	Centroids:,	100,	DriftCentroid:	100
GracePeriod:,	200,	TieThreshold:,	0.01,	BinarySplit:,	false
Count,	Time,	TP,	FN,	TN,	FP,	Accu,	Kappa,	Kpa_t,	Mem,	Depth,	TSize,	DcNod,	ActLf,	InacLf,	Reset,	Alter,	Switch,	Prune,	ClOp0,	ClOp1,	ClOp2,	ClOp3
50000,	7.306,	25795,	4378,	10878,	8948,	73.35,	42.02,	44.61,	5,	0,	1,	0,	1,	0,	0,	0,	0,	0,	0,	0,	0,	0,	
100000,	13.277,	25933,	4319,	12759,	6989,	77.38,	51.54,	52.38,	50,	3,	11,	5,	6,	0,	0,	0,	0,	0,	0,	0,	0,	0,	
150000,	18.602,	52022,	8397,	24070,	15510,	78.84,	54.72,	55.72,	50,	3,	11,	5,	6,	0,	0,	0,	0,	0,	0,	0,	0,	0,	
200000,	23.392,	52456,	8195,	25761,	13588,	79.05,	54.94,	55.89,	86,	5,	19,	9,	10,	0,	0,	0,	0,	0,	0,	0,	0,	0,	
250000,	27.783,	78294,	12252,	37510,	21943,	79.42,	56.07,	57.15,	86,	5,	19,	9,	10,	0,	0,	0,	0,	0,	0,	0,	0,	0,	
300000,	31.611,	78665,	12282,	39759,	19294,	80.41,	58.39,	58.5,	113,	6,	25,	12,	13,	0,	0,	0,	0,	0,	0,	0,	0,	0,	
350000,	35.038,	104130,	16587,	52169,	27113,	80.99,	59.99,	60.62,	131,	7,	29,	14,	15,	0,	0,	0,	0,	0,	0,	0,	0,	0,	
400000,	37.927,	104685,	16521,	54443,	24351,	81.41,	60.81,	61.1,	140,	7,	31,	15,	16,	0,	0,	0,	0,	0,	0,	0,	0,	0,	
450000,	40.321,	130012,	20897,	66922,	32168,	81.27,	60.6,	60.69,	185,	9,	41,	20,	21,	0,	0,	0,	0,	0,	0,	0,	0,	0,	
500000,	42.073,	130554,	20867,	69402,	29177,	81.66,	61.48,	61.83,	212,	9,	47,	23,	24,	0,	0,	0,	0,	0,	0,	0,	0,	0,	
550000,	44.361,	156181,	24944,	81777,	37097,	82.05,	62.17,	62.54,	212,	9,	47,	23,	24,	0,	0,	0,	0,	0,	0,	0,	0,	0,	
600000,	51.161,	156539,	24983,	84139,	34339,	81.44,	60.93,	61.1,	239,	9,	53,	26,	27,	0,	0,	0,	0,	0,	0,	0,	0,	0,	
650000,	57.32,	182029,	29206,	97459,	41305,	83.06,	64.66,	64.82,	275,	11,	61,	30,	31,	0,	0,	1,	0,	1,	0,	0,	0,	0,	
700000,	62.833,	182621,	29160,	100042,	38177,	83.97,	66.56,	66.43,	275,	11,	61,	30,	31,	0,	0,	1,	0,	1,	0,	0,	0,	0,	
750000,	67.839,	208203,	33336,	113260,	45200,	83.95,	66.46,	66.69,	293,	12,	65,	32,	33,	0,	0,	1,	0,	1,	0,	0,	0,	0,	
800000,	72.337,	208770,	33194,	116093,	41943,	84.4,	67.47,	67.5,	347,	13,	77,	38,	39,	0,	0,	1,	0,	1,	0,	0,	0,	0,	
850000,	76.3,	234957,	37067,	129001,	48974,	84.99,	68.45,	68.36,	365,	13,	81,	40,	41,	0,	0,	1,	0,	1,	0,	0,	0,	0,	
900000,	79.686,	235096,	37110,	132184,	45610,	84.83,	68.34,	68.17,	392,	13,	87,	43,	44,	0,	0,	1,	0,	1,	0,	0,	0,	0,	
950000,	82.574,	261231,	41063,	145375,	52330,	85.3,	69.4,	69.39,	410,	13,	91,	45,	46,	0,	0,	1,	0,	1,	0,	0,	0,	0,	
1000000,	84.9,	262138,	40356,	148790,	48716,	87.3,	73.43,	73.52,	455,	13,	101,	50,	51,	0,	0,	1,	0,	1,	0,	0,	0,	0,	

1000000,	84.9,	523369,	81419,	294165,	101046,	81.75,	61.5,	61.85,	455,	13,	101,	50,	51,	0,	0,	1,	0,	1,	0,	0,	0,	0,	
Pool,	TP,	FN,	TN,	FP
1,	4567,	3540,	3708,	6420,	
2,	23061,	12458,	28077,	9146,	
3,	47424,	23567,	53732,	39037,	
4,	122544,	14644,	117214,	36525,	
5,	325773,	27210,	91434,	9918,	





AdaHT-ProcessRBF
Speed Change:,	0.01,	Centroids:,	100,	DriftCentroid:	100
GracePeriod:,	200,	TieThreshold:,	0.05,	BinarySplit:,	false
Count,	Time,	TP,	FN,	TN,	FP,	Accu,	Kappa,	Kpa_t,	Mem,	Depth,	TSize,	DcNod,	ActLf,	InacLf,	Reset,	Alter,	Switch,	Prune,	ClOp0,	ClOp1,	ClOp2,	ClOp3
50000,	7.629,	18399,	5033,	21234,	5330,	79.27,	58.41,	58.48,	257,	11,	57,	28,	29,	0,	0,	0,	0,	0,	0,	0,	0,	0,	
100000,	13.935,	18902,	4136,	23251,	3697,	84.33,	68.43,	68.69,	500,	15,	111,	55,	56,	0,	0,	0,	0,	0,	0,	0,	0,	0,	
150000,	19.831,	38053,	8695,	44745,	8404,	86.53,	72.9,	72.84,	770,	17,	171,	85,	86,	0,	0,	0,	0,	0,	0,	0,	0,	0,	
200000,	25.218,	38813,	7414,	47156,	6576,	87.68,	75.21,	75.15,	1030,	20,	229,	114,	115,	0,	0,	0,	0,	0,	0,	0,	0,	0,	
250000,	29.945,	56931,	12057,	69003,	10926,	88.23,	76.28,	76.11,	1325,	22,	295,	147,	148,	0,	0,	0,	0,	0,	0,	0,	0,	0,	
300000,	34.277,	56786,	10491,	71517,	8974,	89.05,	77.94,	78.04,	1562,	23,	347,	173,	174,	0,	0,	0,	0,	0,	0,	0,	0,	0,	
350000,	38.142,	74524,	14948,	93532,	13259,	89.54,	78.93,	78.98,	1767,	25,	393,	196,	197,	0,	0,	0,	0,	0,	0,	0,	0,	0,	
400000,	41.507,	76056,	13459,	96358,	11184,	89.64,	79.09,	79.17,	2119,	26,	471,	235,	236,	0,	0,	0,	0,	0,	0,	0,	0,	0,	
450000,	44.323,	92172,	17945,	118155,	15426,	89.67,	79.18,	79.35,	2406,	27,	535,	267,	268,	0,	0,	0,	0,	0,	0,	0,	0,	0,	
500000,	46.583,	93743,	16338,	121023,	13264,	90.07,	80.0,	80.07,	2568,	27,	571,	285,	286,	0,	0,	0,	0,	0,	0,	0,	0,	0,	
550000,	49.255,	109361,	20818,	142733,	17604,	89.89,	79.65,	79.94,	2839,	27,	631,	315,	316,	0,	0,	0,	0,	0,	0,	0,	0,	0,	
600000,	56.582,	110573,	19179,	145808,	15216,	90.4,	80.65,	80.76,	3115,	29,	693,	346,	347,	0,	0,	0,	0,	0,	0,	0,	0,	0,	
650000,	63.464,	125827,	23559,	167597,	19547,	90.63,	81.12,	81.24,	3298,	29,	733,	366,	367,	0,	0,	0,	0,	0,	0,	0,	0,	0,	
700000,	69.665,	127177,	21988,	170560,	17243,	90.33,	80.51,	80.64,	3559,	29,	791,	395,	396,	0,	0,	0,	0,	0,	0,	0,	0,	0,	
750000,	75.418,	141767,	26291,	192386,	21622,	90.38,	80.62,	80.67,	3820,	29,	849,	424,	425,	0,	0,	0,	0,	0,	0,	0,	0,	0,	
800000,	80.745,	142828,	24754,	195274,	19320,	90.31,	80.48,	80.58,	4022,	30,	895,	447,	448,	0,	0,	0,	0,	0,	0,	0,	0,	0,	
850000,	85.389,	157713,	28840,	217179,	23636,	90.86,	81.6,	81.7,	4242,	30,	943,	471,	472,	0,	0,	0,	0,	0,	0,	0,	0,	0,	
900000,	89.512,	158630,	27357,	219939,	21297,	90.84,	81.57,	81.52,	4458,	30,	991,	495,	496,	0,	0,	0,	0,	0,	0,	0,	0,	0,	
950000,	93.089,	172648,	31453,	242102,	25624,	90.8,	81.45,	81.55,	4630,	30,	1029,	514,	515,	0,	0,	0,	0,	0,	0,	0,	0,	0,	
1000000,	96.191,	172376,	30021,	244847,	23203,	90.86,	81.57,	81.53,	4890,	31,	1087,	543,	544,	0,	0,	0,	0,	0,	0,	0,	0,	0,	

1000000,	96.191,	345024,	61474,	486949,	48827,	88.97,	77.78,	77.85,	4890,	31,	1087,	543,	544,	0,	0,	0,	0,	0,	0,	0,	0,	0,	
Pool,	TP,	FN,	TN,	FP
1,	6001,	2550,	6766,	2831,	
2,	26951,	4369,	36149,	5274,	
3,	40622,	9739,	103295,	9470,	
4,	91990,	14672,	137563,	16553,	
5,	179460,	30144,	203176,	14699,	





AdaHT-ProcessRBF
Speed Change:,	0.01,	Centroids:,	100,	DriftCentroid:	100
GracePeriod:,	200,	TieThreshold:,	0.1,	BinarySplit:,	false
Count,	Time,	TP,	FN,	TN,	FP,	Accu,	Kappa,	Kpa_t,	Mem,	Depth,	TSize,	DcNod,	ActLf,	InacLf,	Reset,	Alter,	Switch,	Prune,	ClOp0,	ClOp1,	ClOp2,	ClOp3
50000,	8.033,	24817,	3486,	17533,	4044,	84.93,	69.19,	69.32,	868,	18,	193,	96,	97,	0,	0,	0,	0,	0,	0,	0,	0,	0,	
100000,	14.883,	21851,	2690,	18951,	2746,	89.1,	77.8,	77.67,	1703,	24,	379,	189,	190,	0,	0,	0,	0,	0,	0,	0,	0,	0,	
150000,	22.412,	42650,	5996,	36580,	6697,	89.65,	78.91,	78.99,	2442,	27,	543,	271,	272,	0,	0,	0,	0,	0,	0,	0,	0,	0,	
200000,	29.05,	39338,	5033,	37974,	5310,	90.15,	79.91,	79.93,	3213,	30,	715,	357,	358,	0,	0,	0,	0,	0,	0,	0,	0,	0,	
250000,	34.757,	58973,	8229,	55700,	9168,	90.57,	80.75,	80.69,	3834,	31,	853,	426,	427,	0,	0,	0,	0,	0,	0,	0,	0,	0,	
300000,	39.72,	55872,	7211,	57362,	7668,	90.9,	81.47,	81.51,	4621,	32,	1029,	514,	515,	0,	0,	0,	0,	0,	0,	0,	0,	0,	
350000,	46.18,	74523,	10357,	74988,	11553,	90.95,	81.55,	81.49,	5285,	32,	1177,	588,	589,	0,	0,	0,	0,	0,	0,	0,	0,	0,	
400000,	50.226,	71350,	9325,	76558,	9983,	91.13,	81.88,	81.8,	5845,	32,	1301,	650,	651,	0,	0,	0,	0,	0,	0,	0,	0,	0,	
450000,	53.605,	89908,	12419,	94417,	13848,	91.26,	82.2,	82.21,	6483,	32,	1443,	721,	722,	0,	0,	0,	0,	0,	0,	0,	0,	0,	
500000,	56.36,	86516,	11390,	96003,	12264,	91.29,	82.26,	82.38,	7048,	32,	1569,	784,	785,	0,	0,	0,	0,	0,	0,	0,	0,	0,	
550000,	59.617,	105485,	14484,	113780,	16080,	91.39,	82.43,	82.52,	7561,	32,	1681,	840,	841,	0,	0,	0,	0,	0,	0,	0,	0,	0,	
600000,	67.422,	101851,	13475,	115443,	14489,	91.38,	82.43,	82.51,	8194,	33,	1825,	912,	913,	0,	0,	0,	0,	0,	0,	0,	0,	0,	
650000,	74.838,	120373,	16461,	133205,	18340,	91.5,	82.67,	82.67,	8483,	33,	1961,	980,	981,	0,	0,	2,	0,	0,	0,	0,	0,	0,	
700000,	82.12,	116769,	15386,	134698,	16714,	91.71,	83.06,	83.1,	9112,	33,	2101,	1050,	1051,	0,	0,	2,	0,	0,	0,	0,	0,	0,	
750000,	88.519,	135169,	18300,	152657,	20561,	91.86,	83.39,	83.4,	9668,	33,	2223,	1111,	1112,	0,	0,	2,	0,	0,	0,	0,	0,	0,	
800000,	94.159,	131376,	17327,	154112,	18781,	91.96,	83.58,	83.57,	10303,	34,	2365,	1182,	1183,	0,	0,	2,	0,	0,	0,	0,	0,	0,	
850000,	99.205,	149458,	20151,	172496,	22632,	92.14,	84.02,	84.13,	10688,	34,	2451,	1225,	1226,	0,	0,	2,	0,	0,	0,	0,	0,	0,	
900000,	103.761,	145927,	19253,	173878,	20873,	91.94,	83.62,	83.66,	11368,	34,	2601,	1300,	1301,	0,	0,	2,	0,	0,	0,	0,	0,	0,	
950000,	107.73,	163716,	22046,	192060,	24798,	91.86,	83.42,	83.42,	11879,	34,	2715,	1357,	1358,	0,	0,	2,	0,	0,	0,	0,	0,	0,	
1000000,	111.235,	159786,	21073,	193493,	22960,	92.18,	84.05,	84.1,	12431,	34,	2839,	1419,	1420,	0,	0,	2,	0,	0,	0,	0,	0,	0,	

1000000,	111.235,	323502,	43119,	385553,	47758,	90.89,	81.43,	81.46,	12431,	34,	2839,	1419,	1420,	0,	0,	2,	0,	0,	0,	0,	0,	0,	
Pool,	TP,	FN,	TN,	FP
1,	7458,	2805,	6166,	1700,	
2,	23918,	2974,	30534,	7618,	
3,	65176,	5381,	65267,	6325,	
4,	51490,	6929,	124098,	19069,	
5,	175460,	25030,	159488,	13046,	





AdaHT-ProcessRBF
Speed Change:,	0.01,	Centroids:,	100,	DriftCentroid:	100
GracePeriod:,	200,	TieThreshold:,	0.01,	BinarySplit:,	true
Count,	Time,	TP,	FN,	TN,	FP,	Accu,	Kappa,	Kpa_t,	Mem,	Depth,	TSize,	DcNod,	ActLf,	InacLf,	Reset,	Alter,	Switch,	Prune,	ClOp0,	ClOp1,	ClOp2,	ClOp3
50000,	7.404,	14012,	9768,	20461,	5755,	68.95,	37.27,	38.45,	23,	2,	5,	2,	3,	0,	0,	0,	0,	0,	0,	0,	0,	0,	
100000,	13.133,	14542,	9492,	20776,	5190,	70.64,	40.79,	41.11,	50,	3,	11,	5,	6,	0,	0,	0,	0,	0,	0,	0,	0,	0,	
150000,	18.516,	29462,	18461,	40903,	11170,	71.78,	43.25,	43.47,	50,	3,	11,	5,	6,	0,	0,	0,	0,	0,	0,	0,	0,	0,	
200000,	23.51,	32512,	15604,	40884,	11000,	76.16,	52.23,	52.3,	95,	7,	21,	10,	11,	0,	0,	0,	0,	0,	0,	0,	0,	0,	
250000,	27.966,	49863,	21991,	61681,	16447,	82.38,	64.81,	64.75,	185,	9,	41,	20,	21,	0,	0,	0,	0,	0,	0,	0,	0,	0,	
300000,	31.929,	52862,	19211,	61990,	15937,	82.91,	65.84,	65.66,	185,	9,	41,	20,	21,	0,	0,	0,	0,	0,	0,	0,	0,	0,	
350000,	35.442,	70441,	25506,	82941,	21094,	83.68,	67.36,	67.46,	203,	9,	45,	22,	23,	0,	0,	0,	0,	0,	0,	0,	0,	0,	
400000,	38.408,	73696,	22494,	83162,	20648,	84.01,	68.05,	67.85,	257,	10,	57,	28,	29,	0,	0,	0,	0,	0,	0,	0,	0,	0,	
450000,	40.828,	91433,	28635,	104022,	25892,	84.15,	68.33,	68.3,	293,	10,	65,	32,	33,	0,	0,	0,	0,	0,	0,	0,	0,	0,	
500000,	42.65,	94779,	25419,	104662,	25140,	85.17,	70.36,	70.41,	329,	10,	73,	36,	37,	0,	0,	0,	0,	0,	0,	0,	0,	0,	
550000,	44.836,	112670,	31534,	125465,	30313,	85.36,	70.75,	70.7,	338,	10,	75,	37,	38,	0,	0,	0,	0,	0,	0,	0,	0,	0,	
600000,	51.654,	115658,	28485,	126206,	29651,	84.85,	69.71,	69.47,	365,	11,	81,	40,	41,	0,	0,	0,	0,	0,	0,	0,	0,	0,	
650000,	57.981,	133752,	34394,	147012,	34824,	85.26,	70.55,	70.36,	374,	12,	83,	41,	42,	0,	0,	0,	0,	0,	0,	0,	0,	0,	
700000,	63.644,	136556,	31496,	147896,	34052,	85.18,	70.37,	70.4,	401,	12,	89,	44,	45,	0,	0,	0,	0,	0,	0,	0,	0,	0,	
750000,	68.774,	154792,	37386,	168632,	39172,	85.32,	70.66,	70.47,	428,	12,	95,	47,	48,	0,	0,	0,	0,	0,	0,	0,	0,	0,	
800000,	73.483,	157418,	34357,	169787,	38396,	85.59,	71.19,	71.16,	455,	12,	101,	50,	51,	0,	0,	0,	0,	0,	0,	0,	0,	0,	
850000,	77.605,	176045,	40288,	190176,	43473,	85.59,	71.21,	71.14,	455,	12,	101,	50,	51,	0,	0,	0,	0,	0,	0,	0,	0,	0,	
900000,	81.178,	178743,	37197,	191373,	42645,	85.82,	71.67,	71.55,	482,	12,	107,	53,	54,	0,	0,	0,	0,	0,	0,	0,	0,	0,	
950000,	84.168,	197289,	43177,	211887,	47629,	85.91,	71.84,	71.53,	509,	12,	113,	56,	57,	0,	0,	0,	0,	0,	0,	0,	0,	0,	
1000000,	86.59,	199905,	40009,	213646,	46398,	86.87,	73.74,	73.57,	536,	12,	119,	59,	60,	0,	0,	0,	0,	0,	0,	0,	0,	0,	

1000000,	86.59,	397194,	83186,	425533,	94027,	82.28,	64.53,	64.48,	536,	12,	119,	59,	60,	0,	0,	0,	0,	0,	0,	0,	0,	0,	
Pool,	TP,	FN,	TN,	FP
1,	8449,	3404,	1902,	4446,	
2,	32155,	7077,	18512,	14926,	
3,	74263,	22895,	49042,	17445,	
4,	76890,	22185,	170103,	21755,	
5,	205437,	27625,	185974,	35455,	





AdaHT-ProcessRBF
Speed Change:,	0.01,	Centroids:,	100,	DriftCentroid:	100
GracePeriod:,	200,	TieThreshold:,	0.01,	BinarySplit:,	true
Count,	Time,	TP,	FN,	TN,	FP,	Accu,	Kappa,	Kpa_t,	Mem,	Depth,	TSize,	DcNod,	ActLf,	InacLf,	Reset,	Alter,	Switch,	Prune,	ClOp0,	ClOp1,	ClOp2,	ClOp3
50000,	7.498,	24453,	5050,	14205,	6290,	77.32,	52.68,	52.95,	41,	3,	9,	4,	5,	0,	0,	0,	0,	0,	0,	0,	0,	0,	
100000,	13.557,	24654,	4703,	15787,	4856,	80.88,	60.52,	60.62,	41,	3,	9,	4,	5,	0,	0,	0,	0,	0,	0,	0,	0,	0,	
150000,	19.089,	49148,	9757,	29836,	11244,	80.68,	60.04,	59.85,	59,	5,	13,	6,	7,	0,	0,	0,	0,	0,	0,	0,	0,	0,	
200000,	24.085,	50073,	8968,	31014,	9945,	81.29,	60.97,	61.19,	95,	6,	21,	10,	11,	0,	0,	0,	0,	0,	0,	0,	0,	0,	
250000,	28.592,	74746,	13596,	45760,	15883,	83.04,	64.78,	64.78,	140,	8,	31,	15,	16,	0,	0,	0,	0,	0,	0,	0,	0,	0,	
300000,	32.597,	75944,	12662,	47453,	13941,	84.62,	68.11,	67.96,	149,	8,	33,	16,	17,	0,	0,	0,	0,	0,	0,	0,	0,	0,	
350000,	36.086,	100735,	17117,	62228,	19905,	84.91,	68.7,	68.88,	176,	8,	39,	19,	20,	0,	0,	0,	0,	0,	0,	0,	0,	0,	
400000,	38.998,	102073,	16010,	64332,	17554,	86.08,	71.16,	71.12,	311,	8,	69,	34,	35,	0,	0,	0,	0,	0,	0,	0,	0,	0,	
450000,	41.224,	127169,	20090,	79258,	23468,	86.93,	72.9,	72.76,	338,	8,	75,	37,	38,	0,	0,	0,	0,	0,	0,	0,	0,	0,	
500000,	42.815,	128859,	18933,	81093,	21084,	87.09,	73.11,	73.09,	338,	8,	75,	37,	38,	0,	0,	0,	0,	0,	0,	0,	0,	0,	
550000,	44.915,	153605,	23131,	96226,	27023,	86.81,	72.64,	72.76,	401,	10,	89,	44,	45,	0,	0,	0,	0,	0,	0,	0,	0,	0,	
600000,	51.752,	155276,	22037,	98150,	24506,	86.95,	72.95,	73.01,	419,	10,	93,	46,	47,	0,	0,	1,	0,	1,	0,	0,	0,	0,	
650000,	58.183,	180372,	25810,	113089,	30713,	87.26,	73.49,	73.45,	500,	12,	111,	55,	56,	0,	0,	1,	0,	1,	0,	0,	0,	0,	
700000,	64.534,	182261,	24625,	115090,	27986,	87.86,	74.71,	74.98,	518,	12,	115,	57,	58,	0,	0,	1,	0,	1,	0,	0,	0,	0,	
750000,	69.699,	207168,	28495,	130185,	34136,	87.78,	74.62,	74.79,	518,	12,	115,	57,	58,	0,	0,	1,	0,	1,	0,	0,	0,	0,	
800000,	74.269,	209042,	27423,	132067,	31430,	87.52,	74.04,	74.14,	527,	12,	117,	58,	59,	0,	0,	1,	0,	1,	0,	0,	0,	0,	
850000,	78.257,	233757,	31440,	147282,	37449,	87.48,	74.02,	74.14,	581,	12,	129,	64,	65,	0,	0,	1,	0,	1,	0,	0,	0,	0,	
900000,	82.512,	235662,	30291,	149404,	34605,	87.91,	74.97,	74.87,	590,	12,	131,	65,	66,	0,	0,	1,	0,	1,	0,	0,	0,	0,	
950000,	86.534,	260373,	34383,	164543,	40629,	87.75,	74.62,	74.6,	599,	12,	133,	66,	67,	0,	0,	1,	0,	1,	0,	0,	0,	0,	
1000000,	89.355,	262175,	33323,	166765,	37699,	87.75,	74.65,	74.78,	635,	12,	141,	70,	71,	0,	0,	1,	0,	1,	0,	0,	0,	0,	

1000000,	89.355,	522548,	67706,	331308,	78328,	85.4,	69.69,	69.74,	635,	12,	141,	70,	71,	0,	0,	1,	0,	1,	0,	0,	0,	0,	
Pool,	TP,	FN,	TN,	FP
1,	7076,	3034,	2945,	5127,	
2,	28306,	10999,	19597,	13896,	
3,	83948,	12873,	54342,	12561,	
4,	165411,	26605,	79580,	19432,	
5,	237807,	14195,	174844,	27312,	





AdaHT-ProcessRBF
Speed Change:,	0.01,	Centroids:,	100,	DriftCentroid:	100
GracePeriod:,	200,	TieThreshold:,	0.01,	BinarySplit:,	true
Count,	Time,	TP,	FN,	TN,	FP,	Accu,	Kappa,	Kpa_t,	Mem,	Depth,	TSize,	DcNod,	ActLf,	InacLf,	Reset,	Alter,	Switch,	Prune,	ClOp0,	ClOp1,	ClOp2,	ClOp3
50000,	7.831,	26469,	2392,	12060,	9078,	77.06,	50.92,	53.06,	23,	2,	5,	2,	3,	0,	0,	0,	0,	0,	0,	0,	0,	0,	
100000,	13.874,	26844,	2029,	13325,	7799,	80.34,	58.18,	59.98,	86,	5,	19,	9,	10,	0,	0,	0,	0,	0,	0,	0,	0,	0,	
150000,	19.385,	53386,	4322,	26350,	15941,	82.41,	62.82,	63.98,	122,	5,	27,	13,	14,	0,	0,	0,	0,	0,	0,	0,	0,	0,	
200000,	24.56,	53472,	4308,	28885,	13332,	84.38,	67.29,	68.1,	140,	5,	31,	15,	16,	0,	0,	0,	0,	0,	0,	0,	0,	0,	
250000,	28.962,	80030,	6614,	42346,	21009,	85.28,	69.26,	69.81,	167,	6,	37,	18,	19,	0,	0,	0,	0,	0,	0,	0,	0,	0,	
300000,	33.047,	80211,	6359,	44972,	18455,	85.65,	70.06,	70.74,	194,	7,	43,	21,	22,	0,	0,	0,	0,	0,	0,	0,	0,	0,	
350000,	36.269,	106927,	8762,	58438,	25872,	85.98,	70.67,	71.2,	239,	8,	53,	26,	27,	0,	0,	0,	0,	0,	0,	0,	0,	0,	
400000,	39.075,	107067,	8513,	61366,	23051,	86.5,	71.83,	72.4,	293,	8,	65,	32,	33,	0,	0,	0,	0,	0,	0,	0,	0,	0,	
450000,	41.485,	133614,	10927,	75212,	30246,	86.92,	72.83,	73.16,	311,	8,	69,	34,	35,	0,	0,	0,	0,	0,	0,	0,	0,	0,	
500000,	43.165,	133933,	10554,	78115,	27395,	87.23,	73.43,	73.87,	356,	9,	79,	39,	40,	0,	0,	0,	0,	0,	0,	0,	0,	0,	
550000,	45.266,	160377,	12994,	92201,	34427,	87.5,	74.06,	74.45,	356,	9,	79,	39,	40,	0,	0,	0,	0,	0,	0,	0,	0,	0,	
600000,	52.521,	160762,	12636,	94961,	31638,	87.35,	73.7,	73.93,	365,	9,	81,	40,	41,	0,	0,	0,	0,	0,	0,	0,	0,	0,	
650000,	58.739,	187220,	15099,	109009,	38671,	87.3,	73.59,	74.12,	383,	9,	85,	42,	43,	0,	0,	0,	0,	0,	0,	0,	0,	0,	
700000,	64.448,	187560,	14662,	111937,	35838,	87.55,	74.15,	74.55,	409,	9,	91,	45,	46,	0,	0,	0,	0,	0,	0,	0,	0,	0,	
750000,	69.517,	213958,	17347,	126319,	42375,	88.1,	75.34,	75.62,	464,	9,	103,	51,	52,	0,	0,	0,	0,	0,	0,	0,	0,	0,	
800000,	74.036,	214304,	16915,	129591,	39187,	88.8,	76.84,	76.87,	536,	10,	119,	59,	60,	0,	0,	0,	0,	0,	0,	0,	0,	0,	
850000,	77.924,	240427,	19463,	144583,	45526,	89.47,	78.36,	78.53,	554,	10,	123,	61,	62,	0,	0,	0,	0,	0,	0,	0,	0,	0,	
900000,	81.371,	241355,	18907,	147456,	42279,	89.83,	78.96,	79.15,	590,	10,	131,	65,	66,	0,	0,	0,	0,	0,	0,	0,	0,	0,	
950000,	84.562,	267189,	21430,	162599,	48781,	89.56,	78.47,	78.42,	617,	10,	137,	68,	69,	0,	0,	0,	0,	0,	0,	0,	0,	0,	
1000000,	86.894,	268378,	20816,	165405,	45398,	89.94,	79.22,	79.15,	644,	10,	143,	71,	72,	0,	0,	0,	0,	0,	0,	0,	0,	0,	

1000000,	86.894,	535567,	42246,	328004,	94179,	86.36,	71.57,	72.04,	644,	10,	143,	71,	72,	0,	0,	0,	0,	0,	0,	0,	0,	0,	
Pool,	TP,	FN,	TN,	FP
1,	9720,	3134,	3138,	2243,	
2,	40105,	5541,	18520,	8639,	
3,	99705,	6982,	42632,	14464,	
4,	162189,	11330,	78126,	39100,	
5,	223848,	15259,	185588,	29733,	





AdaHT-ProcessRBF
Speed Change:,	0.01,	Centroids:,	100,	DriftCentroid:	100
GracePeriod:,	200,	TieThreshold:,	0.01,	BinarySplit:,	true
Count,	Time,	TP,	FN,	TN,	FP,	Accu,	Kappa,	Kpa_t,	Mem,	Depth,	TSize,	DcNod,	ActLf,	InacLf,	Reset,	Alter,	Switch,	Prune,	ClOp0,	ClOp1,	ClOp2,	ClOp3
50000,	7.894,	6324,	13582,	25745,	4347,	64.14,	18.8,	25.22,	5,	0,	1,	0,	1,	0,	0,	0,	0,	0,	0,	0,	0,	0,	
100000,	14.163,	6670,	13190,	26037,	4103,	65.41,	21.66,	27.17,	32,	2,	7,	3,	4,	0,	0,	0,	0,	0,	0,	0,	0,	0,	
150000,	19.888,	13628,	25964,	52001,	8405,	67.12,	25.61,	31.12,	77,	5,	17,	8,	9,	0,	0,	0,	0,	0,	0,	0,	0,	0,	
200000,	25.171,	15496,	24142,	52068,	8294,	69.71,	32.69,	36.42,	77,	5,	17,	8,	9,	0,	0,	0,	0,	0,	0,	0,	0,	0,	
250000,	30.13,	24782,	34504,	78904,	11808,	76.11,	47.58,	49.85,	131,	8,	29,	14,	15,	0,	0,	0,	0,	0,	0,	0,	0,	0,	
300000,	34.44,	27081,	32303,	79288,	11328,	77.61,	50.94,	52.61,	149,	9,	33,	16,	17,	0,	0,	0,	0,	0,	0,	0,	0,	0,	
350000,	38.179,	36010,	42837,	106464,	14687,	77.58,	50.46,	53.18,	185,	10,	41,	20,	21,	0,	0,	0,	0,	0,	0,	0,	0,	0,	
400000,	41.386,	38408,	40681,	106791,	14120,	77.66,	50.78,	53.18,	212,	10,	47,	23,	24,	0,	0,	0,	0,	0,	0,	0,	0,	0,	
450000,	44.024,	49500,	49116,	133279,	18103,	80.61,	58.4,	59.13,	284,	12,	63,	31,	32,	0,	0,	0,	0,	0,	0,	0,	0,	0,	
500000,	46.021,	52604,	46225,	133537,	17634,	81.88,	61.4,	62.1,	320,	12,	71,	35,	36,	0,	0,	0,	0,	0,	0,	0,	0,	0,	
550000,	48.35,	64140,	54239,	160033,	21586,	82.79,	63.47,	63.94,	338,	12,	75,	37,	38,	0,	0,	0,	0,	0,	0,	0,	0,	0,	
600000,	55.653,	67471,	51168,	160330,	21031,	83.32,	64.66,	65.22,	356,	12,	79,	39,	40,	0,	0,	0,	0,	0,	0,	0,	0,	0,	
650000,	62.363,	79247,	58917,	186590,	25244,	83.33,	64.83,	65.03,	374,	12,	83,	41,	42,	0,	0,	0,	0,	0,	0,	0,	0,	0,	
700000,	68.553,	82493,	55792,	187149,	24566,	83.68,	65.46,	65.75,	401,	12,	89,	44,	45,	0,	0,	0,	0,	0,	0,	0,	0,	0,	
750000,	74.027,	94262,	63558,	213576,	28602,	84.0,	66.08,	66.57,	410,	12,	91,	45,	46,	0,	0,	0,	0,	0,	0,	0,	0,	0,	
800000,	79.014,	97924,	60197,	214151,	27728,	84.87,	68.04,	68.51,	464,	12,	103,	51,	52,	0,	0,	0,	0,	0,	0,	0,	0,	0,	
850000,	83.48,	109593,	67945,	240864,	31596,	85.24,	68.71,	69.06,	509,	12,	113,	56,	57,	0,	0,	0,	0,	0,	0,	0,	0,	0,	
900000,	87.357,	113201,	64780,	241171,	30848,	84.59,	67.42,	67.72,	542,	13,	121,	60,	61,	0,	0,	0,	0,	0,	0,	0,	0,	0,	
950000,	90.587,	124836,	72382,	268162,	34618,	85.08,	68.35,	68.8,	572,	13,	127,	63,	64,	0,	0,	0,	0,	0,	0,	0,	0,	0,	
1000000,	93.332,	128665,	68967,	268461,	33907,	85.51,	69.32,	69.8,	644,	13,	143,	71,	72,	0,	0,	0,	0,	0,	0,	0,	0,	0,	

1000000,	93.332,	253501,	141349,	536623,	68525,	79.01,	54.63,	56.03,	644,	13,	143,	71,	72,	0,	0,	0,	0,	0,	0,	0,	0,	0,	
Pool,	TP,	FN,	TN,	FP
1,	3336,	3229,	8589,	2990,	
2,	23737,	17548,	26220,	5118,	
3,	51554,	35794,	65403,	10984,	
4,	43335,	31117,	200179,	16231,	
5,	131539,	53661,	236232,	33202,	





AdaHT-ProcessRBF
Speed Change:,	0.01,	Centroids:,	100,	DriftCentroid:	100
GracePeriod:,	200,	TieThreshold:,	0.01,	BinarySplit:,	true
Count,	Time,	TP,	FN,	TN,	FP,	Accu,	Kappa,	Kpa_t,	Mem,	Depth,	TSize,	DcNod,	ActLf,	InacLf,	Reset,	Alter,	Switch,	Prune,	ClOp0,	ClOp1,	ClOp2,	ClOp3
50000,	7.596,	18351,	8533,	13985,	9130,	64.67,	28.81,	29.14,	5,	0,	1,	0,	1,	0,	0,	0,	0,	0,	0,	0,	0,	0,	
100000,	13.765,	18903,	7789,	17000,	6308,	71.81,	43.58,	43.31,	32,	2,	7,	3,	4,	0,	0,	0,	0,	0,	0,	0,	0,	0,	
150000,	19.302,	37716,	15896,	31761,	14626,	74.28,	48.58,	48.25,	50,	4,	11,	5,	6,	0,	0,	0,	0,	0,	0,	0,	0,	0,	
200000,	24.352,	39176,	14339,	34711,	11774,	75.97,	51.83,	51.48,	50,	4,	11,	5,	6,	0,	0,	0,	0,	0,	0,	0,	0,	0,	
250000,	28.899,	58418,	21763,	49489,	20329,	76.86,	53.56,	53.31,	104,	5,	23,	11,	12,	0,	0,	0,	0,	0,	0,	0,	0,	0,	
300000,	32.952,	60484,	19712,	52779,	17025,	78.75,	57.33,	57.41,	140,	6,	31,	15,	16,	0,	0,	0,	0,	0,	0,	0,	0,	0,	
350000,	36.549,	80639,	26415,	67025,	25920,	79.51,	58.68,	58.98,	176,	6,	39,	19,	20,	0,	0,	0,	0,	0,	0,	0,	0,	0,	
400000,	39.513,	82709,	24306,	70343,	22642,	79.58,	58.82,	58.92,	194,	6,	43,	21,	22,	0,	0,	0,	0,	0,	0,	0,	0,	0,	
450000,	41.878,	102835,	31151,	84978,	31035,	80.3,	60.31,	60.22,	230,	8,	51,	25,	26,	0,	0,	0,	0,	0,	0,	0,	0,	0,	
500000,	43.586,	104771,	28828,	88749,	27652,	80.94,	61.67,	61.84,	266,	8,	59,	29,	30,	0,	0,	0,	0,	0,	0,	0,	0,	0,	
550000,	45.794,	124945,	35637,	103647,	35770,	81.56,	62.94,	63.23,	338,	9,	75,	37,	38,	0,	0,	0,	0,	0,	0,	0,	0,	0,	
600000,	53.02,	127447,	32837,	107418,	32298,	82.69,	65.16,	65.29,	374,	10,	83,	41,	42,	0,	0,	0,	0,	0,	0,	0,	0,	0,	
650000,	59.317,	147911,	39600,	122022,	40466,	82.68,	65.08,	65.07,	410,	11,	91,	45,	46,	0,	0,	0,	0,	0,	0,	0,	0,	0,	
700000,	65.146,	150339,	36788,	125923,	36950,	82.79,	65.33,	65.45,	455,	11,	101,	50,	51,	0,	0,	0,	0,	0,	0,	0,	0,	0,	
750000,	70.311,	170743,	43519,	140855,	44882,	83.33,	66.45,	66.37,	482,	11,	107,	53,	54,	0,	0,	0,	0,	0,	0,	0,	0,	0,	
800000,	74.92,	173444,	40647,	144382,	41527,	83.13,	65.97,	66.08,	536,	11,	119,	59,	60,	0,	0,	0,	0,	0,	0,	0,	0,	0,	
850000,	79.156,	193800,	47165,	159569,	49465,	83.54,	66.85,	67.11,	554,	11,	123,	61,	62,	0,	0,	0,	0,	0,	0,	0,	0,	0,	
900000,	82.721,	196587,	44257,	163089,	46067,	83.7,	67.15,	67.13,	563,	11,	125,	62,	63,	0,	0,	0,	0,	0,	0,	0,	0,	0,	
950000,	85.683,	216483,	51011,	178706,	53799,	83.64,	67.12,	67.18,	590,	11,	131,	65,	66,	0,	0,	0,	0,	0,	0,	0,	0,	0,	
1000000,	88.097,	219488,	48142,	182287,	50083,	84.2,	68.22,	68.5,	608,	11,	135,	67,	68,	0,	0,	0,	0,	0,	0,	0,	0,	0,	

1000000,	88.097,	435971,	99153,	360993,	103882,	79.7,	59.16,	59.22,	608,	11,	135,	67,	68,	0,	0,	0,	0,	0,	0,	0,	0,	0,	
Pool,	TP,	FN,	TN,	FP
1,	3347,	2491,	7582,	4705,	
2,	24553,	8350,	26983,	12858,	
3,	59813,	25017,	59262,	19456,	
4,	104900,	15980,	146495,	23667,	
5,	243358,	47315,	120671,	43196,	





