AdaHT-ProcessRBF
Speed Change:,	0.0,	Centroids:,	100,	DriftCentroid:	100
GracePeriod:,	200,	TieThreshold:,	0.05,	BinarySplit:,	false
Count,	Time,	TP,	FN,	TN,	FP,	Accu,	Kappa,	Kpa_t,	Mem,	Depth,	TSize,	DcNod,	ActLf,	InacLf,	Reset,	Alter,	Switch,	Prune,	ClOp0,	ClOp1,	ClOp2,	ClOp3
5000,	0.204,	1803,	408,	2221,	564,	80.54,	60.85,	60.4,	41,	3,	9,	4,	5,	0,	0,	0,	0,	0,	0,	0,	0,	0,	
10000,	0.314,	1917,	307,	2594,	182,	90.22,	80.09,	80.07,	59,	4,	13,	6,	7,	0,	0,	0,	0,	0,	0,	0,	0,	0,	
15000,	0.494,	3780,	697,	4792,	727,	90.96,	81.67,	81.75,	77,	4,	17,	8,	9,	0,	0,	0,	0,	0,	0,	0,	0,	0,	
20000,	0.69,	4133,	720,	4532,	615,	83.08,	66.06,	66.42,	68,	5,	16,	11,	5,	0,	0,	14,	1,	3,	0,	0,	0,	0,	
25000,	0.78,	6139,	1033,	6834,	990,	88.02,	75.95,	76.2,	95,	5,	22,	14,	8,	0,	0,	14,	1,	3,	0,	0,	0,	0,	
30000,	0.96,	6454,	1038,	6660,	848,	88.98,	77.93,	78.13,	104,	5,	24,	15,	9,	0,	0,	14,	1,	3,	0,	0,	0,	0,	
35000,	1.09,	7851,	1493,	9244,	1408,	82.44,	64.18,	63.26,	23,	2,	27,	21,	6,	0,	0,	34,	2,	5,	0,	0,	0,	0,	
40000,	1.168,	8161,	1492,	9159,	1188,	84.12,	67.44,	67.88,	41,	3,	31,	23,	8,	0,	0,	34,	2,	5,	0,	0,	0,	0,	
45000,	1.353,	9677,	1853,	11709,	1757,	85.82,	71.17,	71.8,	77,	5,	39,	27,	12,	0,	0,	34,	2,	5,	0,	0,	0,	0,	
50000,	1.504,	9391,	1891,	12036,	1682,	82.14,	59.95,	59.15,	108,	5,	45,	30,	15,	0,	0,	48,	2,	10,	0,	0,	0,	0,	
55000,	1.614,	10956,	2230,	14727,	2083,	85.94,	68.01,	67.78,	135,	6,	51,	33,	18,	0,	0,	48,	2,	10,	0,	0,	0,	0,	
60000,	1.764,	10659,	2251,	15122,	1968,	87.08,	70.23,	70.68,	140,	6,	57,	36,	21,	0,	0,	48,	2,	10,	0,	0,	0,	0,	
65000,	1.895,	13260,	2603,	16545,	2588,	82.44,	64.57,	64.8,	32,	2,	47,	39,	8,	0,	0,	66,	4,	13,	0,	0,	0,	0,	
70000,	1.975,	13057,	2510,	17100,	2333,	87.52,	74.87,	75.25,	86,	5,	59,	45,	14,	0,	0,	66,	4,	13,	0,	0,	0,	0,	
75000,	2.125,	15734,	2815,	18462,	2985,	87.82,	75.37,	75.66,	95,	5,	61,	46,	15,	0,	0,	66,	4,	13,	0,	0,	0,	0,	
80000,	2.256,	15277,	2812,	19080,	2831,	84.0,	67.98,	68.49,	89,	5,	75,	53,	22,	0,	0,	78,	4,	16,	0,	0,	0,	0,	
85000,	2.345,	18066,	3028,	20464,	3436,	86.7,	73.34,	73.59,	103,	5,	79,	55,	24,	0,	0,	79,	4,	17,	0,	0,	0,	0,	
90000,	2.507,	17593,	3042,	21192,	3173,	88.56,	77.09,	77.19,	130,	5,	85,	58,	27,	0,	0,	79,	4,	17,	0,	0,	0,	0,	
95000,	2.587,	19129,	3643,	23533,	3689,	82.64,	58.88,	61.2,	32,	3,	64,	61,	3,	0,	0,	86,	5,	22,	0,	0,	0,	0,	
100000,	2.657,	18786,	3487,	24379,	3348,	87.6,	70.61,	71.4,	50,	3,	68,	63,	5,	0,	0,	86,	5,	22,	0,	0,	0,	0,	

100000,	2.657,	37915,	7130,	47912,	7037,	85.83,	71.38,	70.71,	50,	3,	68,	63,	5,	0,	0,	86,	5,	22,	0,	0,	0,	0,	
Pool,	TP,	FN,	TN,	FP
1,	376,	463,	4219,	1588,	
2,	4930,	1941,	5191,	1263,	
3,	5406,	2378,	10301,	1916,	
4,	7705,	955,	16642,	1342,	
5,	19498,	1393,	11559,	928,	





AdaHT-ProcessRBF
Speed Change:,	0.001,	Centroids:,	100,	DriftCentroid:	100
GracePeriod:,	200,	TieThreshold:,	0.05,	BinarySplit:,	false
Count,	Time,	TP,	FN,	TN,	FP,	Accu,	Kappa,	Kpa_t,	Mem,	Depth,	TSize,	DcNod,	ActLf,	InacLf,	Reset,	Alter,	Switch,	Prune,	ClOp0,	ClOp1,	ClOp2,	ClOp3
5000,	0.15,	2338,	514,	1498,	649,	76.72,	52.12,	53.03,	32,	2,	7,	3,	4,	0,	0,	0,	0,	0,	0,	0,	0,	0,	
10000,	0.221,	2618,	301,	1592,	489,	84.2,	67.06,	67.12,	59,	4,	13,	6,	7,	0,	0,	0,	0,	0,	0,	0,	0,	0,	
15000,	0.356,	4923,	788,	3145,	1143,	84.64,	68.22,	69.58,	86,	4,	19,	9,	10,	0,	0,	0,	0,	0,	0,	0,	0,	0,	
20000,	0.456,	4890,	525,	3635,	950,	86.3,	72.6,	72.37,	135,	5,	29,	14,	15,	0,	0,	4,	0,	2,	0,	0,	0,	0,	
25000,	0.536,	7279,	961,	5189,	1570,	88.0,	75.97,	76.27,	162,	5,	35,	17,	18,	0,	0,	4,	0,	2,	0,	0,	0,	0,	
30000,	0.686,	7208,	752,	5747,	1293,	88.6,	77.17,	77.21,	167,	6,	43,	21,	22,	0,	0,	4,	0,	2,	0,	0,	0,	0,	
35000,	0.797,	8209,	1458,	8270,	2062,	80.22,	51.46,	51.16,	23,	2,	17,	23,	-6,	0,	0,	18,	2,	8,	0,	0,	0,	0,	
40000,	0.847,	8092,	1299,	9195,	1414,	86.64,	64.1,	67.96,	32,	2,	19,	24,	-5,	0,	0,	18,	2,	8,	0,	0,	0,	0,	
45000,	0.983,	9191,	1950,	11617,	2241,	86.58,	65.6,	67.25,	86,	5,	31,	30,	1,	0,	0,	18,	2,	8,	0,	0,	0,	0,	
50000,	1.084,	9789,	1954,	11489,	1768,	79.82,	59.21,	59.41,	23,	2,	17,	33,	-16,	0,	0,	31,	4,	9,	0,	0,	0,	0,	
55000,	1.134,	11155,	2308,	13825,	2711,	83.44,	66.82,	66.12,	50,	3,	23,	36,	-13,	0,	0,	31,	4,	9,	0,	0,	0,	0,	
60000,	1.245,	11717,	2355,	13834,	2094,	85.46,	70.72,	70.51,	95,	4,	33,	41,	-8,	0,	0,	31,	4,	9,	0,	0,	0,	0,	
65000,	1.335,	13602,	2809,	15617,	2971,	84.78,	69.1,	68.53,	108,	5,	35,	42,	-7,	0,	0,	35,	4,	10,	0,	0,	0,	0,	
70000,	1.405,	14253,	2776,	15620,	2351,	86.44,	72.29,	72.08,	122,	6,	38,	45,	-7,	0,	0,	35,	5,	10,	0,	0,	0,	0,	
75000,	1.546,	16351,	3048,	17235,	3365,	87.34,	73.34,	74.06,	167,	7,	48,	50,	-2,	0,	0,	35,	5,	10,	0,	0,	0,	0,	
80000,	1.636,	15753,	3155,	18293,	2799,	83.46,	65.0,	64.43,	23,	2,	14,	53,	-39,	0,	0,	48,	7,	15,	0,	0,	0,	0,	
85000,	1.696,	17860,	3415,	20031,	3693,	86.1,	70.23,	69.93,	68,	4,	24,	58,	-34,	0,	0,	48,	7,	15,	0,	0,	0,	0,	
90000,	1.846,	17302,	3429,	21188,	3081,	88.88,	76.02,	76.07,	95,	5,	30,	61,	-31,	0,	0,	48,	7,	15,	0,	0,	0,	0,	
95000,	1.946,	19203,	3959,	22681,	4156,	79.86,	56.78,	57.33,	80,	5,	29,	63,	-34,	0,	0,	69,	8,	18,	0,	0,	0,	0,	
100000,	2.026,	18723,	3899,	24033,	3345,	85.32,	68.11,	68.44,	112,	5,	37,	67,	-30,	0,	0,	69,	8,	19,	0,	0,	0,	0,	

100000,	2.026,	37926,	7858,	46714,	7501,	84.64,	69.04,	67.59,	112,	5,	37,	67,	-30,	0,	0,	69,	8,	19,	0,	0,	0,	0,	
Pool,	TP,	FN,	TN,	FP
1,	1773,	1442,	2490,	948,	
2,	5156,	2667,	3730,	1826,	
3,	6335,	1496,	10537,	1645,	
4,	14054,	1657,	9647,	1270,	
5,	10608,	596,	20310,	1812,	





AdaHT-ProcessRBF
Speed Change:,	0.01,	Centroids:,	100,	DriftCentroid:	100
GracePeriod:,	200,	TieThreshold:,	0.05,	BinarySplit:,	false
Count,	Time,	TP,	FN,	TN,	FP,	Accu,	Kappa,	Kpa_t,	Mem,	Depth,	TSize,	DcNod,	ActLf,	InacLf,	Reset,	Alter,	Switch,	Prune,	ClOp0,	ClOp1,	ClOp2,	ClOp3
5000,	0.11,	1892,	617,	1920,	570,	76.24,	52.48,	53.06,	23,	2,	5,	2,	3,	0,	0,	0,	0,	0,	0,	0,	0,	0,	
10000,	0.18,	1957,	492,	1998,	553,	79.1,	58.2,	58.4,	50,	4,	11,	5,	6,	0,	0,	0,	0,	0,	0,	0,	0,	0,	
15000,	0.341,	3928,	1040,	4032,	999,	82.96,	65.91,	65.53,	77,	5,	17,	8,	9,	0,	0,	0,	0,	0,	0,	0,	0,	0,	
20000,	0.441,	4913,	1050,	2888,	1149,	76.92,	44.34,	45.13,	23,	2,	22,	12,	10,	0,	0,	12,	1,	0,	0,	0,	0,	0,	
25000,	0.511,	7003,	1449,	4960,	1587,	80.06,	51.18,	52.93,	41,	3,	26,	14,	12,	0,	0,	12,	1,	0,	0,	0,	0,	0,	
30000,	0.621,	8103,	1366,	3833,	1698,	82.7,	56.78,	59.8,	95,	4,	38,	20,	18,	0,	0,	12,	1,	0,	0,	0,	0,	0,	
35000,	0.733,	9173,	1696,	6982,	2148,	83.84,	67.78,	67.62,	99,	5,	37,	23,	14,	0,	0,	20,	2,	3,	0,	0,	0,	0,	
40000,	0.813,	10242,	1600,	6062,	2071,	87.84,	75.69,	75.0,	117,	6,	41,	25,	16,	0,	0,	20,	2,	3,	0,	0,	0,	0,	
45000,	0.943,	11286,	1974,	9279,	2460,	88.2,	76.37,	75.73,	149,	6,	53,	31,	22,	0,	0,	20,	2,	3,	0,	0,	0,	0,	
50000,	1.033,	12350,	2077,	8011,	2537,	81.14,	62.24,	62.02,	188,	6,	59,	34,	25,	0,	0,	28,	2,	6,	0,	0,	0,	0,	
55000,	1.113,	13452,	2315,	11391,	2841,	85.56,	71.12,	70.29,	167,	6,	65,	37,	28,	0,	0,	28,	2,	7,	0,	0,	0,	0,	
60000,	1.233,	14596,	2354,	10086,	2939,	86.42,	72.83,	72.97,	167,	6,	65,	37,	28,	0,	0,	28,	2,	7,	0,	0,	0,	0,	
65000,	1.329,	16078,	2633,	13082,	3206,	86.34,	71.69,	71.86,	176,	7,	71,	40,	31,	0,	0,	29,	2,	7,	0,	0,	0,	0,	
70000,	1.409,	17301,	2579,	11801,	3294,	88.4,	75.87,	76.6,	194,	7,	75,	42,	33,	0,	0,	29,	2,	7,	0,	0,	0,	0,	
75000,	1.561,	18814,	2824,	14769,	3582,	88.64,	76.25,	76.81,	212,	7,	79,	44,	35,	0,	0,	29,	2,	7,	0,	0,	0,	0,	
80000,	1.681,	20234,	2927,	13101,	3713,	84.66,	65.66,	66.33,	201,	7,	71,	50,	21,	0,	0,	54,	4,	12,	0,	0,	0,	0,	
85000,	1.762,	21875,	3126,	16130,	3858,	88.44,	73.86,	73.33,	185,	7,	77,	53,	24,	0,	0,	54,	4,	14,	0,	0,	0,	0,	
90000,	1.89,	23311,	3170,	14485,	4009,	89.22,	75.65,	76.56,	221,	7,	85,	57,	28,	0,	0,	54,	4,	14,	0,	0,	0,	0,	
95000,	2.03,	23690,	3573,	18324,	4402,	80.18,	60.15,	60.45,	189,	7,	90,	62,	28,	0,	0,	84,	5,	21,	0,	0,	0,	0,	
100000,	2.112,	25282,	3525,	16721,	4447,	84.14,	68.2,	68.14,	238,	7,	100,	67,	33,	0,	0,	86,	5,	22,	0,	0,	0,	0,	

100000,	2.112,	48972,	7098,	35045,	8849,	84.05,	67.48,	66.61,	238,	7,	100,	67,	33,	0,	0,	86,	5,	22,	0,	0,	0,	0,	
Pool,	TP,	FN,	TN,	FP
1,	2038,	800,	2091,	1708,	
2,	5715,	896,	4590,	2143,	
3,	6542,	1749,	9061,	2666,	
4,	17692,	2026,	6212,	751,	
5,	16985,	1627,	13091,	1581,	





AdaHT-ProcessRBF
Speed Change:,	0.1,	Centroids:,	100,	DriftCentroid:	100
GracePeriod:,	200,	TieThreshold:,	0.05,	BinarySplit:,	false
Count,	Time,	TP,	FN,	TN,	FP,	Accu,	Kappa,	Kpa_t,	Mem,	Depth,	TSize,	DcNod,	ActLf,	InacLf,	Reset,	Alter,	Switch,	Prune,	ClOp0,	ClOp1,	ClOp2,	ClOp3
5000,	0.121,	2045,	651,	1723,	579,	75.38,	50.56,	50.84,	23,	2,	5,	2,	3,	0,	0,	0,	0,	0,	0,	0,	0,	0,	
10000,	0.181,	2121,	493,	1757,	629,	77.56,	54.91,	54.94,	50,	4,	11,	5,	6,	0,	0,	0,	0,	0,	0,	0,	0,	0,	
15000,	0.301,	4231,	1060,	3721,	986,	83.68,	67.31,	66.57,	113,	5,	25,	12,	13,	0,	0,	0,	0,	0,	0,	0,	0,	0,	
20000,	0.385,	3411,	816,	4791,	982,	86.48,	69.22,	69.13,	140,	5,	30,	16,	14,	0,	0,	7,	1,	2,	0,	0,	0,	0,	
25000,	0.435,	5558,	1381,	6923,	1136,	90.58,	78.11,	79.08,	158,	5,	34,	18,	16,	0,	0,	7,	1,	2,	0,	0,	0,	0,	
30000,	0.565,	4790,	1122,	7954,	1134,	90.84,	79.03,	79.56,	176,	5,	38,	20,	18,	0,	0,	7,	1,	2,	0,	0,	0,	0,	
35000,	0.657,	6761,	1770,	10038,	1429,	86.36,	68.06,	68.83,	198,	6,	42,	22,	20,	0,	0,	26,	1,	7,	0,	0,	0,	0,	
40000,	0.729,	5990,	1470,	11112,	1428,	87.16,	69.67,	69.65,	229,	7,	48,	25,	23,	0,	0,	27,	1,	7,	0,	0,	0,	0,	
45000,	0.869,	8066,	2057,	13204,	1671,	89.42,	75.44,	75.75,	247,	7,	58,	30,	28,	0,	0,	28,	1,	7,	0,	0,	0,	0,	
50000,	0.97,	8107,	1844,	13308,	1674,	87.6,	75.22,	75.11,	296,	7,	70,	36,	34,	0,	0,	35,	1,	12,	0,	0,	0,	0,	
55000,	1.045,	10267,	2384,	15393,	1910,	88.66,	77.32,	77.63,	301,	7,	70,	36,	34,	0,	0,	41,	1,	15,	0,	0,	0,	0,	
60000,	1.187,	10299,	2188,	15565,	1881,	88.98,	77.97,	77.79,	305,	7,	70,	36,	34,	0,	0,	43,	1,	15,	0,	0,	0,	0,	
65000,	1.307,	11804,	2827,	18082,	2241,	84.52,	67.32,	67.08,	260,	9,	82,	42,	40,	0,	0,	64,	1,	18,	0,	0,	0,	0,	
70000,	1.397,	11940,	2549,	18200,	2244,	85.52,	69.85,	69.3,	317,	9,	92,	47,	45,	0,	0,	74,	1,	19,	0,	0,	0,	0,	
75000,	1.539,	13553,	3078,	20684,	2639,	87.02,	73.29,	73.22,	303,	9,	98,	50,	48,	0,	0,	80,	1,	20,	0,	0,	0,	0,	
80000,	1.666,	14349,	3056,	19890,	2638,	81.98,	63.22,	64.06,	324,	7,	110,	56,	54,	0,	0,	103,	1,	25,	0,	0,	0,	0,	
85000,	1.766,	16024,	3498,	22486,	2946,	85.46,	70.41,	70.39,	338,	7,	114,	58,	56,	0,	0,	107,	1,	26,	0,	0,	0,	0,	
90000,	1.938,	16830,	3470,	21670,	2963,	85.22,	69.86,	69.49,	388,	8,	126,	64,	62,	0,	0,	110,	1,	27,	0,	0,	0,	0,	
95000,	2.068,	17070,	3898,	25656,	3330,	84.32,	61.74,	62.6,	77,	4,	128,	72,	56,	0,	0,	114,	3,	30,	0,	0,	0,	0,	
100000,	2.138,	17820,	3945,	25006,	3162,	86.52,	65.56,	67.38,	99,	4,	132,	74,	58,	0,	0,	116,	3,	30,	0,	0,	0,	0,	

100000,	2.138,	34890,	7843,	50662,	6492,	85.66,	70.61,	69.36,	99,	4,	132,	74,	58,	0,	0,	116,	3,	30,	0,	0,	0,	0,	
Pool,	TP,	FN,	TN,	FP
1,	1314,	621,	3407,	1316,	
2,	3713,	2045,	5668,	1865,	
3,	9566,	1332,	8268,	801,	
4,	10382,	2670,	12044,	1540,	
5,	9915,	1175,	21275,	970,	





AdaHT-ProcessRBF
Speed Change:,	1.0,	Centroids:,	100,	DriftCentroid:	100
GracePeriod:,	200,	TieThreshold:,	0.05,	BinarySplit:,	false
Count,	Time,	TP,	FN,	TN,	FP,	Accu,	Kappa,	Kpa_t,	Mem,	Depth,	TSize,	DcNod,	ActLf,	InacLf,	Reset,	Alter,	Switch,	Prune,	ClOp0,	ClOp1,	ClOp2,	ClOp3
5000,	0.117,	2932,	439,	639,	986,	71.48,	28.8,	37.4,	23,	2,	5,	2,	3,	0,	0,	0,	0,	0,	0,	0,	0,	0,	
10000,	0.177,	3043,	302,	1053,	602,	81.92,	57.22,	58.7,	50,	3,	11,	5,	6,	0,	0,	0,	0,	0,	0,	0,	0,	0,	
15000,	0.297,	5997,	775,	1810,	1414,	84.72,	64.33,	64.84,	68,	5,	15,	7,	8,	0,	0,	0,	0,	0,	0,	0,	0,	0,	
20000,	0.369,	4586,	895,	3254,	1265,	74.88,	48.88,	49.23,	23,	2,	4,	9,	-5,	0,	0,	11,	1,	5,	0,	0,	0,	0,	
25000,	0.419,	7601,	1318,	4247,	1830,	80.82,	60.57,	60.7,	50,	4,	10,	12,	-2,	0,	0,	11,	1,	5,	0,	0,	0,	0,	
30000,	0.541,	6214,	1387,	5769,	1630,	82.86,	64.63,	65.8,	86,	5,	18,	16,	2,	0,	0,	11,	1,	5,	0,	0,	0,	0,	
35000,	0.647,	9447,	1958,	6318,	2273,	78.34,	56.66,	57.26,	116,	5,	22,	18,	4,	0,	0,	20,	1,	8,	0,	0,	0,	0,	
40000,	0.737,	8070,	2034,	7929,	1967,	80.32,	60.65,	61.05,	126,	7,	32,	23,	9,	0,	0,	20,	1,	8,	0,	0,	0,	0,	
45000,	0.868,	11464,	2379,	8489,	2664,	83.76,	67.49,	67.1,	144,	8,	36,	25,	11,	0,	0,	20,	1,	8,	0,	0,	0,	0,	
50000,	0.979,	10541,	2714,	9103,	2642,	72.9,	41.89,	41.77,	23,	2,	15,	27,	-12,	0,	0,	37,	4,	9,	0,	0,	0,	0,	
55000,	1.03,	14421,	2642,	9420,	3513,	77.76,	47.64,	51.46,	50,	5,	21,	30,	-9,	0,	0,	37,	4,	9,	0,	0,	0,	0,	
60000,	1.15,	13472,	2997,	10361,	3170,	83.78,	63.57,	64.46,	59,	6,	23,	31,	-8,	0,	0,	37,	4,	9,	0,	0,	0,	0,	
65000,	1.243,	16272,	3270,	11355,	4099,	75.72,	51.43,	52.49,	68,	4,	24,	37,	-13,	0,	0,	57,	5,	14,	0,	0,	0,	0,	
70000,	1.296,	15225,	3645,	12714,	3416,	82.12,	63.95,	64.8,	95,	5,	30,	40,	-10,	0,	0,	57,	5,	14,	0,	0,	0,	0,	
75000,	1.436,	18399,	3591,	13553,	4453,	86.5,	73.0,	72.99,	122,	6,	36,	43,	-7,	0,	0,	57,	5,	14,	0,	0,	0,	0,	
80000,	1.508,	18304,	4146,	13630,	3920,	79.9,	50.54,	51.07,	32,	2,	14,	46,	-32,	0,	0,	79,	7,	19,	0,	0,	0,	0,	
85000,	1.568,	21635,	3853,	14677,	4831,	87.2,	68.86,	70.29,	68,	4,	22,	50,	-28,	0,	0,	79,	7,	19,	0,	0,	0,	0,	
90000,	1.698,	21509,	4410,	14876,	4205,	89.02,	74.06,	74.18,	86,	5,	26,	52,	-26,	0,	0,	79,	7,	19,	0,	0,	0,	0,	
95000,	1.768,	22805,	4425,	17422,	5344,	78.3,	51.83,	50.52,	23,	2,	11,	54,	-43,	0,	0,	89,	8,	24,	0,	0,	0,	0,	
100000,	1.829,	22842,	4864,	17772,	4522,	84.58,	65.85,	66.82,	59,	4,	19,	58,	-39,	0,	0,	89,	8,	24,	0,	0,	0,	0,	

100000,	1.829,	45647,	9289,	35194,	9866,	80.84,	61.27,	59.18,	59,	4,	19,	58,	-39,	0,	0,	89,	8,	24,	0,	0,	0,	0,	
Pool,	TP,	FN,	TN,	FP
1,	1662,	1273,	2383,	1347,	
2,	5216,	2440,	3376,	2266,	
3,	7922,	2244,	7938,	1914,	
4,	11513,	1739,	11256,	2187,	
5,	19334,	1593,	10241,	2152,	





