ASHT-ProcessRBF
Speed Change:,	0.01,	Centroids:,	100,	DriftCentroid:	100
GracePeriod:,	200,	TieThreshold:,	0.05000000074505806,	BinarySplit:,	false,	
MaxSize:,	1,	Reset:,	true
Count,	Time,	TP,	FN,	TN,	FP,	Accu,	Kappa,	Kpa_t,	Mem,	Depth,	TSize,	DcNod,	ActLf,	InacLf,	Reset,	Alter,	Switch,	Prune,	ClOp0,	ClOp1,	ClOp2,	ClOp3
5000,	0.111,	2240,	559,	1370,	828,	72.22,	42.87,	44.24,	4,	0,	1,	0,	1,	0,	1,	0,	0,	0,	0,	0,	0,	0,	
10000,	0.151,	2339,	503,	1390,	767,	74.58,	47.41,	50.0,	4,	0,	1,	0,	1,	0,	2,	0,	0,	0,	0,	0,	0,	0,	
15000,	0.272,	4522,	1120,	2770,	1582,	73.66,	45.71,	47.55,	4,	0,	1,	0,	1,	0,	4,	0,	0,	0,	0,	0,	0,	0,	
20000,	0.312,	4091,	1023,	3591,	1287,	79.16,	57.99,	58.77,	4,	0,	1,	0,	1,	0,	6,	0,	0,	0,	0,	0,	0,	0,	
25000,	0.362,	6271,	1651,	5129,	1939,	82.22,	63.95,	64.07,	4,	0,	1,	0,	1,	0,	7,	0,	0,	0,	0,	0,	0,	0,	
30000,	0.482,	5915,	1542,	5862,	1667,	81.94,	63.62,	63.35,	4,	0,	1,	0,	1,	0,	11,	0,	0,	0,	0,	0,	0,	0,	
35000,	0.522,	8299,	2379,	6804,	2506,	74.08,	47.95,	48.65,	4,	0,	1,	0,	1,	0,	12,	0,	0,	0,	0,	0,	0,	0,	
40000,	0.552,	7985,	2176,	7700,	2118,	78.26,	56.48,	56.36,	4,	0,	1,	0,	1,	0,	14,	0,	0,	0,	0,	0,	0,	0,	
45000,	0.644,	10404,	3004,	8581,	2993,	77.72,	55.28,	55.26,	4,	0,	1,	0,	1,	0,	16,	0,	0,	0,	0,	0,	0,	0,	
50000,	0.674,	10820,	2803,	8595,	2755,	74.68,	40.34,	40.45,	4,	0,	1,	0,	1,	0,	18,	0,	0,	0,	0,	0,	0,	0,	
55000,	0.714,	13475,	3360,	9422,	3724,	78.24,	46.05,	49.42,	4,	0,	1,	0,	1,	0,	19,	0,	0,	0,	0,	0,	0,	0,	
60000,	0.794,	13872,	3176,	9435,	3482,	77.96,	45.47,	48.19,	4,	0,	1,	0,	1,	0,	21,	0,	0,	0,	0,	0,	0,	0,	
65000,	0.834,	16114,	3785,	10508,	4573,	74.5,	44.0,	46.81,	4,	0,	1,	0,	1,	0,	22,	0,	0,	0,	0,	0,	0,	0,	
70000,	0.864,	16479,	3562,	10697,	4226,	77.38,	51.5,	53.7,	1,	0,	0,	0,	0,	0,	24,	0,	0,	0,	0,	0,	0,	0,	
75000,	0.974,	18529,	4323,	11787,	5336,	73.94,	45.15,	46.25,	4,	0,	1,	0,	1,	0,	25,	0,	0,	0,	0,	0,	0,	0,	
80000,	1.014,	18218,	4027,	12948,	4770,	79.8,	59.18,	58.72,	4,	0,	1,	0,	1,	0,	26,	0,	0,	0,	0,	0,	0,	0,	
85000,	1.044,	20225,	4825,	14285,	5631,	84.02,	67.27,	67.9,	4,	0,	1,	0,	1,	0,	28,	0,	0,	0,	0,	0,	0,	0,	
90000,	1.139,	19844,	4561,	15427,	5128,	82.14,	63.26,	63.57,	4,	0,	1,	0,	1,	0,	29,	0,	0,	0,	0,	0,	0,	0,	
95000,	1.181,	23165,	5377,	15277,	6140,	78.74,	49.83,	49.72,	4,	0,	1,	0,	1,	0,	31,	0,	0,	0,	0,	0,	0,	0,	
100000,	1.213,	22912,	5018,	16367,	5662,	80.16,	51.56,	52.74,	4,	0,	1,	0,	1,	0,	32,	0,	0,	0,	0,	0,	0,	0,	

100000,	1.213,	46077,	10395,	31644,	11802,	77.77,	54.6,	53.48,	4,	0,	1,	0,	1,	0,	32,	0,	0,	0,	0,	0,	0,	0,	
Pool,	TP,	FN,	TN,	FP
1,	1527,	1222,	2814,	1129,	
2,	2665,	2512,	2927,	5211,	
3,	8972,	2586,	7117,	1322,	
4,	20618,	2037,	2794,	1175,	
5,	12295,	2038,	15992,	2965,	





ASHT-ProcessRBF
Speed Change:,	0.01,	Centroids:,	100,	DriftCentroid:	100
GracePeriod:,	200,	TieThreshold:,	0.05000000074505806,	BinarySplit:,	false,	
MaxSize:,	2,	Reset:,	true
Count,	Time,	TP,	FN,	TN,	FP,	Accu,	Kappa,	Kpa_t,	Mem,	Depth,	TSize,	DcNod,	ActLf,	InacLf,	Reset,	Alter,	Switch,	Prune,	ClOp0,	ClOp1,	ClOp2,	ClOp3
5000,	0.1,	1242,	433,	2871,	450,	82.3,	60.41,	60.42,	4,	0,	1,	0,	1,	0,	1,	0,	0,	0,	0,	0,	0,	0,	
10000,	0.14,	1120,	474,	2947,	458,	81.34,	56.93,	57.69,	4,	0,	1,	0,	1,	0,	2,	0,	0,	0,	0,	0,	0,	0,	
15000,	0.231,	2429,	898,	5735,	932,	81.04,	57.28,	59.01,	4,	0,	1,	0,	1,	0,	3,	0,	0,	0,	0,	0,	0,	0,	
20000,	0.271,	3550,	1123,	4193,	1132,	73.52,	43.9,	45.02,	4,	0,	1,	0,	1,	0,	4,	0,	0,	0,	0,	0,	0,	0,	
25000,	0.311,	4922,	1435,	6945,	1689,	74.1,	44.65,	46.2,	11,	1,	3,	1,	2,	0,	5,	0,	0,	0,	0,	0,	0,	0,	
30000,	0.411,	6084,	1615,	5402,	1890,	74.96,	46.27,	48.03,	4,	0,	1,	0,	1,	0,	7,	0,	0,	0,	0,	0,	0,	0,	
35000,	0.451,	6056,	1865,	9848,	2221,	80.74,	55.99,	55.23,	4,	0,	1,	0,	1,	0,	8,	0,	0,	0,	0,	0,	0,	0,	
40000,	0.492,	7200,	2076,	8387,	2328,	82.02,	58.2,	58.95,	11,	1,	3,	1,	2,	0,	8,	0,	0,	0,	0,	0,	0,	0,	
45000,	0.594,	7150,	2400,	12839,	2597,	81.76,	57.46,	58.49,	11,	1,	3,	1,	2,	0,	9,	0,	0,	0,	0,	0,	0,	0,	
50000,	0.628,	9436,	2528,	10159,	2867,	80.16,	59.99,	59.97,	11,	1,	3,	1,	2,	0,	10,	0,	0,	0,	0,	0,	0,	0,	
55000,	0.658,	9488,	2728,	14561,	3207,	81.2,	61.95,	62.67,	4,	0,	1,	0,	1,	0,	12,	0,	0,	0,	0,	0,	0,	0,	
60000,	0.778,	11783,	2853,	11764,	3588,	79.06,	57.45,	56.86,	4,	0,	1,	0,	1,	0,	13,	0,	0,	0,	0,	0,	0,	0,	
65000,	0.818,	11727,	2956,	16307,	3993,	79.7,	59.51,	59.24,	4,	0,	1,	0,	1,	0,	14,	0,	0,	0,	0,	0,	0,	0,	
70000,	0.848,	14030,	3079,	13615,	4264,	81.96,	63.99,	64.36,	11,	1,	3,	1,	2,	0,	14,	0,	0,	0,	0,	0,	0,	0,	
75000,	0.949,	13723,	3519,	18398,	4342,	81.74,	63.53,	63.52,	11,	1,	3,	1,	2,	0,	15,	0,	0,	0,	0,	0,	0,	0,	
80000,	0.99,	15641,	3725,	15938,	4683,	78.68,	56.57,	57.5,	11,	1,	3,	1,	2,	0,	16,	0,	0,	0,	0,	0,	0,	0,	
85000,	1.02,	15451,	4084,	20726,	4720,	81.12,	61.74,	62.33,	11,	1,	3,	1,	2,	0,	17,	0,	0,	0,	0,	0,	0,	0,	
90000,	1.13,	17387,	4257,	18263,	5079,	81.42,	62.36,	62.46,	11,	1,	3,	1,	2,	0,	18,	0,	0,	0,	0,	0,	0,	0,	
95000,	1.17,	17683,	4569,	22474,	5254,	79.6,	58.82,	58.18,	11,	1,	3,	1,	2,	0,	19,	0,	0,	0,	0,	0,	0,	0,	
100000,	1.2,	19601,	4717,	20054,	5610,	80.16,	60.04,	59.29,	11,	1,	3,	1,	2,	0,	20,	0,	0,	0,	0,	0,	0,	0,	

100000,	1.2,	37284,	9286,	42528,	10864,	79.83,	59.56,	57.83,	11,	1,	3,	1,	2,	0,	20,	0,	0,	0,	0,	0,	0,	0,	
Pool,	TP,	FN,	TN,	FP
1,	1301,	703,	2148,	2499,	
2,	5321,	2827,	2860,	2318,	
3,	8396,	3602,	5340,	2690,	
4,	13079,	1363,	9928,	2256,	
5,	9187,	791,	22252,	1101,	





ASHT-ProcessRBF
Speed Change:,	0.01,	Centroids:,	100,	DriftCentroid:	100
GracePeriod:,	200,	TieThreshold:,	0.05000000074505806,	BinarySplit:,	false,	
MaxSize:,	4,	Reset:,	true
Count,	Time,	TP,	FN,	TN,	FP,	Accu,	Kappa,	Kpa_t,	Mem,	Depth,	TSize,	DcNod,	ActLf,	InacLf,	Reset,	Alter,	Switch,	Prune,	ClOp0,	ClOp1,	ClOp2,	ClOp3
5000,	0.1,	2355,	377,	1816,	447,	83.5,	66.61,	66.92,	18,	2,	5,	2,	3,	0,	0,	0,	0,	0,	0,	0,	0,	0,	
10000,	0.13,	2436,	289,	1791,	483,	84.54,	68.61,	68.33,	4,	0,	1,	0,	1,	0,	1,	0,	0,	0,	0,	0,	0,	0,	
15000,	0.22,	4700,	728,	3758,	808,	85.74,	71.29,	71.43,	4,	0,	1,	0,	1,	0,	2,	0,	0,	0,	0,	0,	0,	0,	
20000,	0.26,	4425,	772,	3855,	947,	81.06,	62.11,	61.44,	18,	2,	5,	2,	3,	0,	2,	0,	0,	0,	0,	0,	0,	0,	
25000,	0.29,	6760,	1221,	5800,	1212,	82.04,	64.09,	64.87,	4,	0,	1,	0,	1,	0,	3,	0,	0,	0,	0,	0,	0,	0,	
30000,	0.392,	6452,	1266,	6045,	1236,	84.34,	68.7,	68.58,	18,	2,	5,	2,	3,	0,	3,	0,	0,	0,	0,	0,	0,	0,	
35000,	0.432,	8191,	1918,	8057,	1825,	73.78,	46.11,	45.98,	11,	1,	3,	1,	2,	0,	4,	0,	0,	0,	0,	0,	0,	0,	
40000,	0.452,	7886,	1916,	8633,	1564,	80.44,	58.86,	59.57,	18,	2,	5,	2,	3,	0,	4,	0,	0,	0,	0,	0,	0,	0,	
45000,	0.552,	9530,	2618,	10563,	2278,	76.92,	51.31,	52.2,	4,	0,	1,	0,	1,	0,	5,	0,	0,	0,	0,	0,	0,	0,	
50000,	0.593,	9475,	2476,	11115,	1933,	81.42,	61.67,	61.08,	25,	3,	7,	3,	4,	0,	5,	0,	0,	0,	0,	0,	0,	0,	
55000,	0.617,	11102,	3236,	12742,	2908,	75.02,	49.29,	49.41,	11,	1,	3,	1,	2,	0,	6,	0,	0,	0,	0,	0,	0,	0,	
60000,	0.738,	11241,	2859,	13492,	2406,	82.86,	65.21,	64.19,	4,	0,	1,	0,	1,	0,	7,	0,	0,	0,	0,	0,	0,	0,	
65000,	0.769,	14114,	3647,	13737,	3490,	80.14,	52.63,	53.73,	18,	2,	5,	2,	3,	0,	7,	0,	0,	0,	0,	0,	0,	0,	
70000,	0.799,	14304,	3171,	14635,	2887,	84.12,	62.8,	63.84,	4,	0,	1,	0,	1,	0,	8,	0,	0,	0,	0,	0,	0,	0,	
75000,	0.879,	17012,	4132,	14941,	3903,	82.04,	59.43,	59.4,	11,	1,	3,	1,	2,	0,	8,	0,	0,	0,	0,	0,	0,	0,	
80000,	0.919,	16945,	3517,	16144,	3389,	83.02,	64.24,	64.48,	11,	1,	3,	1,	2,	0,	9,	0,	0,	0,	0,	0,	0,	0,	
85000,	0.949,	19641,	4478,	16559,	4310,	84.94,	68.6,	68.72,	25,	3,	7,	3,	4,	0,	9,	0,	0,	0,	0,	0,	0,	0,	
90000,	1.029,	19545,	3936,	17687,	3825,	82.88,	64.16,	65.08,	11,	1,	3,	1,	2,	0,	10,	0,	0,	0,	0,	0,	0,	0,	
95000,	1.069,	21257,	4998,	18788,	4945,	76.9,	53.12,	52.53,	18,	2,	5,	2,	3,	0,	10,	0,	0,	0,	0,	0,	0,	0,	
100000,	1.099,	20990,	4564,	20120,	4318,	77.56,	53.33,	52.86,	4,	0,	1,	0,	1,	0,	11,	0,	0,	0,	0,	0,	0,	0,	

100000,	1.099,	42247,	9562,	38908,	9263,	81.16,	62.28,	60.8,	4,	0,	1,	0,	1,	0,	11,	0,	0,	0,	0,	0,	0,	0,	
Pool,	TP,	FN,	TN,	FP
1,	1969,	1292,	2232,	1167,	
2,	6292,	1709,	3656,	1660,	
3,	5783,	3506,	8223,	2473,	
4,	10574,	2186,	10830,	3053,	
5,	17629,	869,	13967,	910,	





ASHT-ProcessRBF
Speed Change:,	0.01,	Centroids:,	100,	DriftCentroid:	100
GracePeriod:,	200,	TieThreshold:,	0.05000000074505806,	BinarySplit:,	false,	
MaxSize:,	8,	Reset:,	true
Count,	Time,	TP,	FN,	TN,	FP,	Accu,	Kappa,	Kpa_t,	Mem,	Depth,	TSize,	DcNod,	ActLf,	InacLf,	Reset,	Alter,	Switch,	Prune,	ClOp0,	ClOp1,	ClOp2,	ClOp3
5000,	0.097,	1419,	537,	2795,	248,	84.28,	66.11,	67.51,	18,	2,	5,	2,	3,	0,	0,	0,	0,	0,	0,	0,	0,	0,	
10000,	0.12,	1390,	477,	2929,	204,	86.38,	70.01,	70.92,	39,	3,	11,	5,	6,	0,	0,	0,	0,	0,	0,	0,	0,	0,	
15000,	0.211,	2985,	884,	5689,	441,	89.2,	76.78,	76.92,	53,	4,	15,	7,	8,	0,	0,	0,	0,	0,	0,	0,	0,	0,	
20000,	0.251,	3905,	1105,	4009,	980,	71.9,	38.81,	40.59,	11,	1,	3,	1,	2,	0,	1,	0,	0,	0,	0,	0,	0,	0,	
25000,	0.281,	5727,	1316,	6967,	989,	80.4,	57.15,	57.96,	25,	2,	7,	3,	4,	0,	1,	0,	0,	0,	0,	0,	0,	0,	
30000,	0.371,	6733,	1471,	5296,	1499,	82.3,	60.92,	61.13,	32,	3,	9,	4,	5,	0,	1,	0,	0,	0,	0,	0,	0,	0,	
35000,	0.411,	7521,	1620,	9059,	1799,	77.72,	55.74,	54.75,	53,	4,	15,	7,	8,	0,	1,	0,	0,	0,	0,	0,	0,	0,	
40000,	0.443,	8412,	1902,	7605,	2079,	79.76,	58.9,	59.52,	11,	1,	3,	1,	2,	0,	2,	0,	0,	0,	0,	0,	0,	0,	
45000,	0.533,	9024,	2152,	11681,	2142,	82.5,	63.21,	63.54,	18,	2,	5,	2,	3,	0,	2,	0,	0,	0,	0,	0,	0,	0,	
50000,	0.563,	10271,	2449,	9910,	2368,	83.28,	66.38,	66.49,	39,	3,	11,	5,	6,	0,	2,	0,	0,	0,	0,	0,	0,	0,	
55000,	0.603,	11010,	2594,	13871,	2523,	83.52,	66.99,	66.26,	4,	0,	1,	0,	1,	0,	3,	0,	0,	0,	0,	0,	0,	0,	
60000,	0.693,	12152,	2959,	11983,	2904,	79.08,	58.1,	59.0,	18,	2,	5,	2,	3,	0,	3,	0,	0,	0,	0,	0,	0,	0,	
65000,	0.724,	14163,	3022,	15084,	2729,	87.32,	70.21,	68.83,	39,	4,	11,	5,	6,	0,	3,	0,	0,	0,	0,	0,	0,	0,	
70000,	0.754,	15461,	3221,	13201,	3115,	90.54,	77.07,	77.28,	46,	4,	13,	6,	7,	0,	3,	0,	0,	0,	0,	0,	0,	0,	
75000,	0.834,	17445,	3276,	16333,	2944,	90.62,	77.53,	77.28,	53,	5,	15,	7,	8,	0,	3,	0,	0,	0,	0,	0,	0,	0,	
80000,	0.874,	16491,	3917,	15985,	3604,	76.28,	46.01,	46.65,	11,	1,	3,	1,	2,	0,	4,	0,	0,	0,	0,	0,	0,	0,	
85000,	0.904,	18572,	3859,	19270,	3297,	81.28,	57.02,	58.69,	32,	3,	9,	4,	5,	0,	4,	0,	0,	0,	0,	0,	0,	0,	
90000,	1.004,	17754,	4363,	19073,	3807,	87.02,	70.13,	70.94,	53,	4,	15,	7,	8,	0,	4,	0,	0,	0,	0,	0,	0,	0,	
95000,	1.034,	21294,	4262,	20783,	3659,	84.7,	67.5,	67.03,	53,	4,	15,	7,	8,	0,	4,	0,	0,	0,	0,	0,	0,	0,	
100000,	1.064,	20534,	4670,	20541,	4248,	85.02,	67.84,	68.84,	4,	0,	1,	0,	1,	0,	5,	0,	0,	0,	0,	0,	0,	0,	

100000,	1.064,	41828,	8932,	41324,	7907,	83.16,	66.31,	63.81,	4,	0,	1,	0,	1,	0,	5,	0,	0,	0,	0,	0,	0,	0,	
Pool,	TP,	FN,	TN,	FP
1,	1473,	1174,	2462,	1564,	
2,	6463,	1856,	3976,	1046,	
3,	11011,	3690,	4480,	807,	
4,	5961,	1705,	15910,	3084,	
5,	16920,	507,	14496,	1406,	





ASHT-ProcessRBF
Speed Change:,	0.01,	Centroids:,	100,	DriftCentroid:	100
GracePeriod:,	200,	TieThreshold:,	0.05000000074505806,	BinarySplit:,	false,	
MaxSize:,	16,	Reset:,	true
Count,	Time,	TP,	FN,	TN,	FP,	Accu,	Kappa,	Kpa_t,	Mem,	Depth,	TSize,	DcNod,	ActLf,	InacLf,	Reset,	Alter,	Switch,	Prune,	ClOp0,	ClOp1,	ClOp2,	ClOp3
5000,	0.121,	1623,	588,	2325,	457,	79.08,	57.36,	57.65,	25,	2,	7,	3,	4,	0,	0,	0,	0,	0,	0,	0,	0,	0,	
10000,	0.151,	1933,	286,	2430,	351,	87.26,	74.27,	73.98,	32,	3,	9,	4,	5,	0,	0,	0,	0,	0,	0,	0,	0,	0,	
15000,	0.303,	3544,	881,	4707,	861,	86.06,	71.89,	71.17,	46,	3,	13,	6,	7,	0,	0,	0,	0,	0,	0,	0,	0,	0,	
20000,	0.333,	2834,	718,	5861,	587,	86.64,	64.16,	65.3,	67,	5,	19,	9,	10,	0,	0,	0,	0,	0,	0,	0,	0,	0,	
25000,	0.363,	4513,	1270,	8155,	1055,	88.34,	69.14,	70.26,	74,	5,	21,	10,	11,	0,	0,	0,	0,	0,	0,	0,	0,	0,	
30000,	0.479,	3819,	1062,	9318,	801,	88.84,	70.49,	71.36,	81,	5,	23,	11,	12,	0,	0,	0,	0,	0,	0,	0,	0,	0,	
35000,	0.509,	5910,	1842,	11008,	1233,	85.0,	67.44,	67.48,	109,	5,	31,	15,	16,	0,	0,	0,	0,	0,	0,	0,	0,	0,	
40000,	0.539,	5210,	1641,	11797,	1351,	77.4,	52.55,	53.01,	11,	1,	3,	1,	2,	0,	1,	0,	0,	0,	0,	0,	0,	0,	
45000,	0.635,	7320,	2425,	13648,	1600,	81.0,	59.63,	60.35,	18,	2,	5,	2,	3,	0,	1,	0,	0,	0,	0,	0,	0,	0,	
50000,	0.675,	7000,	2151,	14205,	1643,	83.96,	67.49,	68.43,	46,	4,	13,	6,	7,	0,	1,	0,	0,	0,	0,	0,	0,	0,	
55000,	0.705,	9244,	2787,	16188,	1774,	89.28,	78.26,	78.17,	53,	4,	15,	7,	8,	0,	1,	0,	0,	0,	0,	0,	0,	0,	
60000,	0.795,	8958,	2478,	16712,	1851,	89.3,	78.35,	78.53,	67,	4,	19,	9,	10,	0,	1,	0,	0,	0,	0,	0,	0,	0,	
65000,	0.833,	11013,	3327,	18540,	2113,	82.42,	64.41,	64.24,	88,	6,	25,	12,	13,	0,	1,	0,	0,	0,	0,	0,	0,	0,	
70000,	0.863,	10941,	2837,	19187,	2034,	89.16,	78.14,	78.15,	109,	6,	31,	15,	16,	0,	1,	0,	0,	0,	0,	0,	0,	0,	
75000,	0.964,	12779,	3854,	20765,	2590,	79.9,	59.47,	59.54,	25,	2,	7,	3,	4,	0,	2,	0,	0,	0,	0,	0,	0,	0,	
80000,	1.004,	12467,	3355,	21647,	2530,	79.72,	57.97,	57.47,	32,	3,	9,	4,	5,	0,	2,	0,	0,	0,	0,	0,	0,	0,	
85000,	1.034,	14378,	4328,	23321,	2961,	83.1,	64.93,	65.02,	53,	4,	15,	7,	8,	0,	2,	0,	0,	0,	0,	0,	0,	0,	
90000,	1.126,	14035,	3811,	24305,	2848,	84.52,	67.52,	68.0,	60,	4,	17,	8,	9,	0,	2,	0,	0,	0,	0,	0,	0,	0,	
95000,	1.168,	17136,	4766,	24795,	3291,	84.64,	67.13,	66.45,	95,	5,	27,	13,	14,	0,	2,	0,	0,	0,	0,	0,	0,	0,	
100000,	1.198,	16822,	4263,	25826,	3088,	86.16,	70.48,	69.66,	95,	5,	27,	13,	14,	0,	2,	0,	0,	0,	0,	0,	0,	0,	

100000,	1.198,	33958,	9029,	50621,	6379,	84.59,	68.32,	67.19,	95,	5,	27,	13,	14,	0,	2,	0,	0,	0,	0,	0,	0,	0,	
Pool,	TP,	FN,	TN,	FP
1,	1576,	1512,	2989,	616,	
2,	3318,	2478,	5401,	2160,	
3,	6917,	1721,	9827,	1462,	
4,	10134,	2017,	13253,	1277,	
5,	12013,	1301,	19151,	864,	





ASHT-ProcessRBF
Speed Change:,	0.01,	Centroids:,	100,	DriftCentroid:	100
GracePeriod:,	200,	TieThreshold:,	0.05000000074505806,	BinarySplit:,	false,	
MaxSize:,	32,	Reset:,	true
Count,	Time,	TP,	FN,	TN,	FP,	Accu,	Kappa,	Kpa_t,	Mem,	Depth,	TSize,	DcNod,	ActLf,	InacLf,	Reset,	Alter,	Switch,	Prune,	ClOp0,	ClOp1,	ClOp2,	ClOp3
5000,	0.111,	2255,	602,	1583,	558,	76.78,	52.71,	52.73,	18,	2,	5,	2,	3,	0,	0,	0,	0,	0,	0,	0,	0,	0,	
10000,	0.142,	2388,	495,	1782,	335,	83.4,	66.34,	65.57,	32,	3,	9,	4,	5,	0,	0,	0,	0,	0,	0,	0,	0,	0,	
15000,	0.238,	4776,	929,	3372,	921,	86.2,	71.8,	71.4,	53,	4,	15,	7,	8,	0,	0,	0,	0,	0,	0,	0,	0,	0,	
20000,	0.272,	4909,	1005,	3357,	729,	81.92,	62.52,	61.98,	60,	4,	17,	8,	9,	0,	0,	0,	0,	0,	0,	0,	0,	0,	
25000,	0.302,	7564,	1233,	4832,	1369,	84.96,	67.67,	68.3,	74,	5,	21,	10,	11,	0,	0,	0,	0,	0,	0,	0,	0,	0,	
30000,	0.383,	7713,	1328,	4815,	1144,	85.24,	68.19,	68.33,	88,	5,	25,	12,	13,	0,	0,	0,	0,	0,	0,	0,	0,	0,	
35000,	0.414,	10275,	1751,	6240,	1732,	82.38,	62.23,	60.9,	109,	5,	31,	15,	16,	0,	0,	0,	0,	0,	0,	0,	0,	0,	
40000,	0.454,	10656,	1634,	6236,	1474,	87.28,	71.96,	71.76,	123,	5,	35,	17,	18,	0,	0,	0,	0,	0,	0,	0,	0,	0,	
45000,	0.544,	13172,	2031,	7745,	2050,	88.04,	74.07,	74.43,	144,	6,	41,	20,	21,	0,	0,	0,	0,	0,	0,	0,	0,	0,	
50000,	0.574,	12141,	1888,	8877,	2094,	82.52,	63.27,	62.44,	151,	6,	43,	21,	22,	0,	0,	0,	0,	0,	0,	0,	0,	0,	
55000,	0.614,	14651,	2269,	10685,	2393,	88.38,	74.6,	74.24,	179,	6,	51,	25,	26,	0,	0,	0,	0,	0,	0,	0,	0,	0,	
60000,	0.714,	13551,	2196,	11869,	2384,	88.04,	73.42,	73.41,	193,	7,	55,	27,	28,	0,	0,	0,	0,	0,	0,	0,	0,	0,	
65000,	0.754,	16633,	3101,	12584,	2680,	77.62,	55.75,	55.42,	221,	7,	63,	31,	32,	0,	0,	0,	0,	0,	0,	0,	0,	0,	
70000,	0.784,	15720,	2810,	13502,	2966,	76.06,	51.56,	50.88,	18,	2,	5,	2,	3,	0,	1,	0,	0,	0,	0,	0,	0,	0,	
75000,	0.868,	18955,	3586,	14268,	3189,	80.12,	59.58,	59.56,	25,	2,	7,	3,	4,	0,	1,	0,	0,	0,	0,	0,	0,	0,	
80000,	0.913,	17772,	3480,	15278,	3468,	76.56,	53.03,	53.42,	46,	5,	13,	6,	7,	0,	1,	0,	0,	0,	0,	0,	0,	0,	
85000,	0.936,	21505,	3846,	16084,	3563,	87.32,	74.1,	74.25,	53,	5,	15,	7,	8,	0,	1,	0,	0,	0,	0,	0,	0,	0,	
90000,	1.026,	20254,	3785,	17175,	3784,	87.58,	74.82,	75.06,	67,	7,	19,	9,	10,	0,	1,	0,	0,	0,	0,	0,	0,	0,	
95000,	1.057,	24426,	4339,	17331,	3902,	83.36,	62.56,	61.83,	81,	7,	23,	11,	12,	0,	1,	0,	0,	0,	0,	0,	0,	0,	
100000,	1.077,	23265,	4099,	18474,	4160,	86.2,	68.74,	68.83,	109,	9,	31,	15,	16,	0,	1,	0,	0,	0,	0,	0,	0,	0,	

100000,	1.077,	47691,	8438,	35805,	8062,	83.5,	66.52,	65.11,	109,	9,	31,	15,	16,	0,	1,	0,	0,	0,	0,	0,	0,	0,	
Pool,	TP,	FN,	TN,	FP
1,	1815,	1256,	2373,	1211,	
2,	5593,	1608,	5093,	1035,	
3,	5085,	1631,	10570,	2739,	
4,	11761,	1395,	11516,	1967,	
5,	23437,	2548,	6253,	1110,	





ASHT-ProcessRBF
Speed Change:,	0.01,	Centroids:,	100,	DriftCentroid:	100
GracePeriod:,	200,	TieThreshold:,	0.05000000074505806,	BinarySplit:,	false,	
MaxSize:,	64,	Reset:,	true
Count,	Time,	TP,	FN,	TN,	FP,	Accu,	Kappa,	Kpa_t,	Mem,	Depth,	TSize,	DcNod,	ActLf,	InacLf,	Reset,	Alter,	Switch,	Prune,	ClOp0,	ClOp1,	ClOp2,	ClOp3
5000,	0.1,	291,	760,	3771,	177,	81.24,	29.09,	43.9,	11,	1,	3,	1,	2,	0,	0,	0,	0,	0,	0,	0,	0,	0,	
10000,	0.14,	562,	523,	3774,	141,	86.72,	55.22,	60.87,	32,	3,	9,	4,	5,	0,	0,	0,	0,	0,	0,	0,	0,	0,	
15000,	0.25,	964,	1172,	7518,	345,	88.4,	62.84,	65.56,	46,	4,	13,	6,	7,	0,	0,	0,	0,	0,	0,	0,	0,	0,	
20000,	0.28,	1476,	1157,	6992,	375,	82.64,	56.28,	59.29,	46,	4,	13,	6,	7,	0,	0,	0,	0,	0,	0,	0,	0,	0,	
25000,	0.321,	2005,	1652,	10676,	666,	83.98,	61.01,	62.45,	74,	5,	21,	10,	11,	0,	0,	0,	0,	0,	0,	0,	0,	0,	
30000,	0.421,	2637,	1520,	10143,	700,	86.24,	67.3,	67.81,	81,	5,	23,	11,	12,	0,	0,	0,	0,	0,	0,	0,	0,	0,	
35000,	0.462,	3288,	2153,	13352,	1206,	79.18,	54.86,	53.73,	88,	5,	25,	12,	13,	0,	0,	0,	0,	0,	0,	0,	0,	0,	
40000,	0.492,	4006,	1935,	13063,	996,	85.78,	68.55,	68.83,	109,	6,	31,	15,	16,	0,	0,	0,	0,	0,	0,	0,	0,	0,	
45000,	0.742,	4694,	2570,	16235,	1500,	85.78,	68.86,	69.26,	123,	6,	35,	17,	18,	0,	0,	0,	0,	0,	0,	0,	0,	0,	
50000,	0.782,	6230,	2413,	15102,	1255,	85.26,	70.54,	70.2,	144,	6,	41,	20,	21,	0,	0,	0,	0,	0,	0,	0,	0,	0,	
55000,	0.825,	6851,	3060,	18345,	1743,	85.34,	70.75,	69.98,	151,	6,	43,	21,	22,	0,	0,	0,	0,	0,	0,	0,	0,	0,	
60000,	0.947,	8496,	2835,	17232,	1437,	87.92,	75.88,	76.15,	186,	7,	53,	26,	27,	0,	0,	0,	0,	0,	0,	0,	0,	0,	
65000,	0.976,	9050,	3560,	20400,	1989,	85.08,	70.21,	69.15,	193,	7,	55,	27,	28,	0,	0,	0,	0,	0,	0,	0,	0,	0,	
70000,	1.006,	10915,	3107,	19201,	1777,	87.76,	75.32,	75.57,	214,	7,	61,	30,	31,	0,	0,	0,	0,	0,	0,	0,	0,	0,	
75000,	1.106,	11477,	3823,	22369,	2330,	87.92,	75.64,	75.2,	235,	8,	67,	33,	34,	0,	0,	0,	0,	0,	0,	0,	0,	0,	
80000,	1.136,	11521,	3399,	22886,	2194,	85.82,	54.36,	52.45,	256,	8,	73,	36,	37,	0,	0,	0,	0,	0,	0,	0,	0,	0,	
85000,	1.166,	12172,	4107,	26056,	2664,	87.64,	61.5,	60.23,	263,	8,	75,	37,	38,	0,	0,	0,	0,	0,	0,	0,	0,	0,	
90000,	1.246,	12159,	3718,	26651,	2472,	88.06,	60.78,	61.61,	284,	8,	81,	40,	41,	0,	0,	0,	0,	0,	0,	0,	0,	0,	
95000,	1.286,	13404,	4422,	29296,	2877,	89.44,	74.83,	75.34,	291,	8,	83,	41,	42,	0,	0,	0,	0,	0,	0,	0,	0,	0,	
100000,	1.316,	13518,	4022,	29773,	2687,	89.62,	76.3,	76.9,	312,	8,	89,	44,	45,	0,	0,	0,	0,	0,	0,	0,	0,	0,	

100000,	1.316,	26922,	8444,	59069,	5564,	85.99,	68.78,	66.72,	312,	8,	89,	44,	45,	0,	0,	0,	0,	0,	0,	0,	0,	0,	
Pool,	TP,	FN,	TN,	FP
1,	2321,	2025,	1776,	562,	
2,	1679,	1521,	9248,	865,	
3,	5354,	2723,	10756,	1165,	
4,	4926,	772,	19326,	1660,	
5,	12642,	1403,	17963,	1312,	





ASHT-ProcessRBF
Speed Change:,	0.01,	Centroids:,	100,	DriftCentroid:	100
GracePeriod:,	200,	TieThreshold:,	0.05000000074505806,	BinarySplit:,	false,	
MaxSize:,	128,	Reset:,	true
Count,	Time,	TP,	FN,	TN,	FP,	Accu,	Kappa,	Kpa_t,	Mem,	Depth,	TSize,	DcNod,	ActLf,	InacLf,	Reset,	Alter,	Switch,	Prune,	ClOp0,	ClOp1,	ClOp2,	ClOp3
5000,	0.2,	2967,	439,	1107,	483,	81.54,	57.13,	56.71,	11,	1,	3,	1,	2,	0,	0,	0,	0,	0,	0,	0,	0,	0,	
10000,	0.239,	3059,	289,	1171,	481,	84.6,	64.14,	65.59,	25,	2,	7,	3,	4,	0,	0,	0,	0,	0,	0,	0,	0,	0,	
15000,	0.611,	6083,	705,	2334,	874,	86.86,	69.37,	70.35,	39,	3,	11,	5,	6,	0,	0,	0,	0,	0,	0,	0,	0,	0,	
20000,	0.653,	5994,	655,	2301,	1050,	81.3,	57.08,	58.85,	67,	4,	19,	9,	10,	0,	0,	0,	0,	0,	0,	0,	0,	0,	
25000,	0.677,	9181,	913,	3633,	1269,	87.94,	72.34,	72.24,	74,	4,	21,	10,	11,	0,	0,	0,	0,	0,	0,	0,	0,	0,	
30000,	0.768,	9063,	867,	3677,	1393,	88.9,	74.94,	75.07,	95,	5,	27,	13,	14,	0,	0,	0,	0,	0,	0,	0,	0,	0,	
35000,	0.808,	11847,	1456,	4977,	1716,	80.2,	57.44,	56.41,	109,	5,	31,	15,	16,	0,	0,	0,	0,	0,	0,	0,	0,	0,	
40000,	0.846,	11890,	1251,	5026,	1833,	83.52,	63.89,	63.68,	130,	6,	37,	18,	19,	0,	0,	0,	0,	0,	0,	0,	0,	0,	
45000,	0.922,	14700,	1820,	6287,	2189,	83.26,	63.02,	64.05,	144,	6,	41,	20,	21,	0,	0,	0,	0,	0,	0,	0,	0,	0,	
50000,	0.962,	13384,	1618,	7461,	2537,	78.58,	55.8,	53.25,	165,	7,	47,	23,	24,	0,	0,	0,	0,	0,	0,	0,	0,	0,	
55000,	1.002,	16174,	2175,	8991,	2656,	83.56,	65.02,	63.56,	186,	7,	53,	26,	27,	0,	0,	0,	0,	0,	0,	0,	0,	0,	
60000,	1.092,	14907,	2008,	10176,	2909,	84.76,	67.68,	67.74,	200,	7,	57,	28,	29,	0,	0,	0,	0,	0,	0,	0,	0,	0,	
65000,	1.132,	17544,	2641,	11787,	3024,	83.32,	63.7,	64.13,	214,	7,	61,	30,	31,	0,	0,	0,	0,	0,	0,	0,	0,	0,	
70000,	1.172,	16393,	2384,	13043,	3180,	87.06,	72.0,	72.2,	235,	7,	67,	33,	34,	0,	0,	0,	0,	0,	0,	0,	0,	0,	
75000,	1.272,	19014,	2958,	14694,	3330,	87.54,	72.84,	73.79,	256,	7,	73,	36,	37,	0,	0,	0,	0,	0,	0,	0,	0,	0,	
80000,	1.322,	19267,	2865,	14405,	3463,	84.72,	66.42,	65.66,	270,	7,	77,	38,	39,	0,	0,	0,	0,	0,	0,	0,	0,	0,	
85000,	1.352,	22010,	3250,	16100,	3632,	88.1,	73.51,	73.19,	284,	7,	81,	40,	41,	0,	0,	0,	0,	0,	0,	0,	0,	0,	
90000,	1.542,	22283,	3152,	15827,	3738,	88.76,	74.98,	74.63,	291,	7,	83,	41,	42,	0,	0,	0,	0,	0,	0,	0,	0,	0,	
95000,	1.573,	24105,	3596,	18046,	4245,	80.82,	61.72,	61.13,	298,	7,	85,	42,	43,	0,	0,	0,	0,	0,	0,	0,	0,	0,	
100000,	1.603,	24343,	3523,	17974,	4160,	84.14,	68.27,	68.83,	312,	8,	89,	44,	45,	0,	0,	0,	0,	0,	0,	0,	0,	0,	

100000,	1.603,	48448,	7119,	36020,	8405,	84.47,	68.47,	66.05,	312,	8,	89,	44,	45,	0,	0,	0,	0,	0,	0,	0,	0,	0,	
Pool,	TP,	FN,	TN,	FP
1,	1977,	356,	2559,	1783,	
2,	4957,	1618,	6128,	638,	
3,	10614,	2709,	4528,	2156,	
4,	14457,	1551,	8794,	1829,	
5,	16443,	885,	14011,	1999,	





ASHT-ProcessRBF
Speed Change:,	0.01,	Centroids:,	100,	DriftCentroid:	100
GracePeriod:,	200,	TieThreshold:,	0.05000000074505806,	BinarySplit:,	false,	
MaxSize:,	1,	Reset:,	false
Count,	Time,	TP,	FN,	TN,	FP,	Accu,	Kappa,	Kpa_t,	Mem,	Depth,	TSize,	DcNod,	ActLf,	InacLf,	Reset,	Alter,	Switch,	Prune,	ClOp0,	ClOp1,	ClOp2,	ClOp3
5000,	0.17,	2461,	776,	1101,	661,	71.24,	37.92,	36.51,	4,	0,	1,	0,	1,	0,	0,	0,	0,	2,	0,	0,	0,	0,	
10000,	0.21,	2415,	671,	1240,	674,	73.1,	43.06,	43.79,	4,	0,	1,	0,	1,	0,	0,	0,	0,	4,	0,	0,	0,	0,	
15000,	0.34,	4901,	1460,	2319,	1319,	73.16,	42.91,	43.38,	4,	0,	1,	0,	1,	0,	0,	0,	0,	7,	0,	0,	0,	0,	
20000,	0.375,	5384,	954,	1660,	2002,	67.78,	17.78,	30.92,	4,	0,	1,	0,	1,	0,	0,	0,	0,	9,	0,	0,	0,	0,	
25000,	0.413,	7684,	1906,	3021,	2388,	69.7,	28.05,	35.09,	4,	0,	1,	0,	1,	0,	0,	0,	0,	11,	0,	0,	0,	0,	
30000,	0.522,	8091,	1527,	2421,	2961,	69.36,	28.28,	32.98,	4,	0,	1,	0,	1,	0,	0,	0,	0,	14,	0,	0,	0,	0,	
35000,	0.562,	10500,	2285,	3796,	3418,	71.82,	33.72,	37.41,	4,	0,	1,	0,	1,	0,	0,	0,	0,	16,	0,	0,	0,	0,	
40000,	0.602,	10839,	1971,	3332,	3858,	73.18,	38.57,	42.32,	4,	0,	1,	0,	1,	0,	0,	0,	0,	19,	0,	0,	0,	0,	
45000,	0.732,	13025,	2956,	4897,	4121,	72.52,	40.19,	40.23,	4,	0,	1,	0,	1,	0,	0,	0,	0,	21,	0,	0,	0,	0,	
50000,	0.772,	12678,	2862,	5059,	4401,	71.32,	42.89,	42.34,	4,	0,	1,	0,	1,	0,	0,	0,	0,	23,	0,	0,	0,	0,	
55000,	0.802,	14828,	3861,	6640,	4670,	70.92,	42.13,	41.75,	4,	0,	1,	0,	1,	0,	0,	0,	0,	25,	0,	0,	0,	0,	
60000,	0.922,	14735,	3553,	6691,	5021,	73.78,	47.19,	47.58,	4,	0,	1,	0,	1,	0,	0,	0,	0,	28,	0,	0,	0,	0,	
65000,	0.962,	17558,	4472,	7512,	5457,	72.04,	35.21,	37.89,	4,	0,	1,	0,	1,	0,	0,	0,	0,	30,	0,	0,	0,	0,	
70000,	1.004,	17521,	4179,	7621,	5679,	74.32,	40.44,	39.03,	4,	0,	1,	0,	1,	0,	0,	0,	0,	33,	0,	0,	0,	0,	
75000,	1.103,	20400,	5044,	8424,	6131,	75.08,	41.46,	41.91,	4,	0,	1,	0,	1,	0,	0,	0,	0,	35,	0,	0,	0,	0,	
80000,	1.133,	18595,	5067,	10064,	6274,	70.34,	36.11,	37.51,	4,	0,	1,	0,	1,	0,	0,	0,	0,	38,	0,	0,	0,	0,	
85000,	1.173,	21504,	5927,	10959,	6609,	72.78,	41.12,	42.74,	4,	0,	1,	0,	1,	0,	0,	0,	0,	41,	0,	0,	0,	0,	
90000,	1.283,	19649,	5922,	12730,	6699,	74.4,	43.33,	45.18,	4,	0,	1,	0,	1,	0,	0,	0,	0,	43,	0,	0,	0,	0,	
95000,	1.323,	23553,	6704,	12539,	7203,	72.58,	44.75,	44.76,	4,	0,	1,	0,	1,	0,	0,	0,	0,	49,	0,	0,	0,	0,	
100000,	1.353,	21728,	6593,	14308,	7371,	73.14,	45.74,	46.39,	4,	0,	1,	0,	1,	0,	0,	0,	0,	56,	0,	0,	0,	0,	

100000,	1.353,	45281,	13297,	26847,	14574,	72.13,	42.3,	40.59,	4,	0,	1,	0,	1,	0,	0,	0,	0,	56,	0,	0,	0,	0,	
Pool,	TP,	FN,	TN,	FP
1,	2737,	1983,	947,	1003,	
2,	3442,	2070,	3847,	3993,	
3,	2869,	3600,	8263,	5218,	
4,	12184,	4573,	6362,	3583,	
5,	24049,	1071,	7428,	777,	





ASHT-ProcessRBF
Speed Change:,	0.01,	Centroids:,	100,	DriftCentroid:	100
GracePeriod:,	200,	TieThreshold:,	0.05000000074505806,	BinarySplit:,	false,	
MaxSize:,	2,	Reset:,	false
Count,	Time,	TP,	FN,	TN,	FP,	Accu,	Kappa,	Kpa_t,	Mem,	Depth,	TSize,	DcNod,	ActLf,	InacLf,	Reset,	Alter,	Switch,	Prune,	ClOp0,	ClOp1,	ClOp2,	ClOp3
5000,	0.109,	734,	570,	3468,	227,	84.04,	54.77,	59.47,	11,	1,	3,	1,	2,	0,	0,	0,	0,	1,	0,	0,	0,	0,	
10000,	0.139,	785,	537,	3436,	242,	84.42,	56.86,	60.26,	11,	1,	3,	1,	2,	0,	0,	0,	0,	2,	0,	0,	0,	0,	
15000,	0.219,	1515,	1075,	6895,	514,	84.16,	56.11,	58.18,	11,	1,	3,	1,	2,	0,	0,	0,	0,	4,	0,	0,	0,	0,	
20000,	0.267,	1823,	1193,	6357,	627,	79.18,	51.64,	54.1,	11,	1,	3,	1,	2,	0,	0,	0,	0,	7,	0,	0,	0,	0,	
25000,	0.296,	2753,	1485,	9776,	985,	82.38,	60.5,	59.55,	11,	1,	3,	1,	2,	0,	0,	0,	0,	8,	0,	0,	0,	0,	
30000,	0.387,	2995,	1734,	9336,	935,	83.02,	61.04,	62.01,	11,	1,	3,	1,	2,	0,	0,	0,	0,	11,	0,	0,	0,	0,	
35000,	0.417,	3961,	2128,	12666,	1244,	81.96,	59.58,	61.47,	11,	1,	3,	1,	2,	0,	0,	0,	0,	12,	0,	0,	0,	0,	
40000,	0.447,	4127,	2463,	12253,	1157,	80.98,	56.91,	60.57,	11,	1,	3,	1,	2,	0,	0,	0,	0,	14,	0,	0,	0,	0,	
45000,	0.538,	5095,	2838,	15632,	1434,	82.0,	58.93,	61.27,	11,	1,	3,	1,	2,	0,	0,	0,	0,	15,	0,	0,	0,	0,	
50000,	0.578,	6002,	2946,	14525,	1527,	82.94,	65.68,	66.42,	11,	1,	3,	1,	2,	0,	0,	0,	0,	17,	0,	0,	0,	0,	
55000,	0.608,	7094,	3237,	17885,	1783,	85.04,	70.01,	70.06,	11,	1,	3,	1,	2,	0,	0,	0,	0,	19,	0,	0,	0,	0,	
60000,	0.715,	7953,	3380,	16850,	1817,	85.52,	70.9,	70.76,	11,	1,	3,	1,	2,	0,	0,	0,	0,	20,	0,	0,	0,	0,	
65000,	0.742,	7788,	3783,	21180,	2248,	79.78,	44.58,	44.99,	11,	1,	3,	1,	2,	0,	0,	0,	0,	21,	0,	0,	0,	0,	
70000,	0.782,	8696,	3867,	20288,	2149,	83.62,	53.89,	55.75,	11,	1,	3,	1,	2,	0,	0,	0,	0,	23,	0,	0,	0,	0,	
75000,	0.869,	8533,	4327,	24630,	2509,	83.9,	54.68,	58.44,	11,	1,	3,	1,	2,	0,	0,	0,	0,	25,	0,	0,	0,	0,	
80000,	0.909,	9432,	4847,	23259,	2462,	74.14,	36.77,	43.46,	11,	1,	3,	1,	2,	0,	0,	0,	0,	28,	0,	0,	0,	0,	
85000,	0.949,	9380,	5217,	27534,	2868,	75.02,	40.67,	45.53,	11,	1,	3,	1,	2,	0,	0,	0,	0,	30,	0,	0,	0,	0,	
90000,	1.051,	10205,	5795,	26329,	2671,	76.86,	42.92,	49.89,	11,	1,	3,	1,	2,	0,	0,	0,	0,	32,	0,	0,	0,	0,	
95000,	1.091,	11464,	6139,	28834,	3562,	67.68,	33.87,	32.81,	11,	1,	3,	1,	2,	0,	0,	0,	0,	34,	0,	0,	0,	0,	
100000,	1.131,	12773,	6303,	27642,	3282,	77.62,	52.25,	53.1,	11,	1,	3,	1,	2,	0,	0,	0,	0,	36,	0,	0,	0,	0,	

100000,	1.131,	24237,	12442,	56476,	6844,	80.71,	57.1,	56.56,	11,	1,	3,	1,	2,	0,	0,	0,	0,	36,	0,	0,	0,	0,	
Pool,	TP,	FN,	TN,	FP
1,	1060,	1693,	2749,	1136,	
2,	2305,	3672,	6144,	1206,	
3,	6169,	3955,	8870,	1001,	
4,	8410,	2314,	14499,	1481,	
5,	6293,	808,	24214,	2020,	





ASHT-ProcessRBF
Speed Change:,	0.01,	Centroids:,	100,	DriftCentroid:	100
GracePeriod:,	200,	TieThreshold:,	0.05000000074505806,	BinarySplit:,	false,	
MaxSize:,	4,	Reset:,	false
Count,	Time,	TP,	FN,	TN,	FP,	Accu,	Kappa,	Kpa_t,	Mem,	Depth,	TSize,	DcNod,	ActLf,	InacLf,	Reset,	Alter,	Switch,	Prune,	ClOp0,	ClOp1,	ClOp2,	ClOp3
5000,	0.12,	633,	857,	3067,	440,	74.04,	32.6,	39.03,	18,	2,	5,	2,	3,	0,	0,	0,	0,	0,	0,	0,	0,	0,	
10000,	0.15,	825,	679,	3168,	328,	79.86,	48.71,	51.89,	18,	2,	5,	2,	3,	0,	0,	0,	0,	1,	0,	0,	0,	0,	
15000,	0.24,	1530,	1485,	6322,	660,	83.04,	56.75,	60.58,	25,	3,	7,	3,	4,	0,	0,	0,	0,	2,	0,	0,	0,	0,	
20000,	0.288,	2736,	1343,	4869,	1052,	72.24,	44.39,	44.1,	18,	2,	5,	2,	3,	0,	0,	0,	0,	3,	0,	0,	0,	0,	
25000,	0.323,	3790,	1904,	7950,	1353,	77.76,	54.94,	54.89,	25,	3,	7,	3,	4,	0,	0,	0,	0,	3,	0,	0,	0,	0,	
30000,	0.416,	5058,	1676,	6530,	1736,	79.66,	58.8,	58.49,	18,	2,	5,	2,	3,	0,	0,	0,	0,	5,	0,	0,	0,	0,	
35000,	0.456,	6237,	2368,	9322,	2070,	76.38,	50.6,	51.04,	11,	1,	3,	1,	2,	0,	0,	0,	0,	6,	0,	0,	0,	0,	
40000,	0.486,	7494,	2116,	8017,	2373,	78.46,	55.38,	56.78,	25,	2,	7,	3,	4,	0,	0,	0,	0,	6,	0,	0,	0,	0,	
45000,	0.586,	8697,	2801,	10739,	2760,	77.54,	53.17,	53.79,	11,	1,	3,	1,	2,	0,	0,	0,	0,	8,	0,	0,	0,	0,	
50000,	0.626,	8798,	2629,	10032,	3541,	66.38,	32.55,	27.76,	25,	2,	7,	3,	4,	0,	0,	0,	0,	8,	0,	0,	0,	0,	
55000,	0.666,	9877,	3435,	13492,	3193,	78.66,	52.72,	54.6,	25,	3,	7,	3,	4,	0,	0,	0,	0,	9,	0,	0,	0,	0,	
60000,	0.813,	9855,	3339,	12941,	3865,	79.32,	52.39,	54.97,	18,	2,	5,	2,	3,	0,	0,	0,	0,	11,	0,	0,	0,	0,	
65000,	0.853,	12037,	4260,	15151,	3549,	76.38,	52.7,	51.2,	18,	2,	5,	2,	3,	0,	0,	0,	0,	12,	0,	0,	0,	0,	
70000,	0.883,	12406,	3727,	14480,	4387,	81.8,	62.07,	61.75,	25,	3,	7,	3,	4,	0,	0,	0,	0,	12,	0,	0,	0,	0,	
75000,	0.975,	14434,	4748,	16846,	3969,	81.84,	62.96,	62.46,	18,	2,	5,	2,	3,	0,	0,	0,	0,	14,	0,	0,	0,	0,	
80000,	1.005,	13418,	4400,	17243,	4939,	75.5,	44.19,	46.11,	18,	2,	5,	2,	3,	0,	0,	0,	0,	15,	0,	0,	0,	0,	
85000,	1.037,	15506,	5332,	19959,	4200,	83.7,	61.11,	63.47,	18,	2,	5,	2,	3,	0,	0,	0,	0,	16,	0,	0,	0,	0,	
90000,	1.187,	14594,	4879,	20141,	5386,	81.48,	57.98,	57.72,	11,	1,	3,	1,	2,	0,	0,	0,	0,	17,	0,	0,	0,	0,	
95000,	1.227,	17407,	5956,	21945,	4689,	77.74,	55.5,	55.41,	25,	2,	7,	3,	4,	0,	0,	0,	0,	17,	0,	0,	0,	0,	
100000,	1.257,	16680,	5351,	22066,	5903,	80.22,	60.4,	60.02,	25,	3,	7,	3,	4,	0,	0,	0,	0,	18,	0,	0,	0,	0,	

100000,	1.257,	34087,	11307,	44011,	10592,	78.1,	55.77,	53.36,	25,	3,	7,	3,	4,	0,	0,	0,	0,	18,	0,	0,	0,	0,	
Pool,	TP,	FN,	TN,	FP
1,	2350,	1951,	1152,	1225,	
2,	3670,	2518,	4738,	2414,	
3,	5677,	3797,	8175,	2343,	
4,	10275,	2115,	11049,	3245,	
5,	12115,	926,	18897,	1365,	





ASHT-ProcessRBF
Speed Change:,	0.01,	Centroids:,	100,	DriftCentroid:	100
GracePeriod:,	200,	TieThreshold:,	0.05000000074505806,	BinarySplit:,	false,	
MaxSize:,	8,	Reset:,	false
Count,	Time,	TP,	FN,	TN,	FP,	Accu,	Kappa,	Kpa_t,	Mem,	Depth,	TSize,	DcNod,	ActLf,	InacLf,	Reset,	Alter,	Switch,	Prune,	ClOp0,	ClOp1,	ClOp2,	ClOp3
5000,	0.13,	857,	756,	3046,	340,	78.06,	46.17,	48.38,	11,	1,	3,	1,	2,	0,	0,	0,	0,	0,	0,	0,	0,	0,	
10000,	0.172,	1232,	389,	2993,	386,	84.5,	64.61,	65.12,	25,	2,	7,	3,	4,	0,	0,	0,	0,	0,	0,	0,	0,	0,	
15000,	0.284,	2092,	1140,	6056,	711,	84.9,	65.45,	65.74,	39,	4,	11,	5,	6,	0,	0,	0,	0,	0,	0,	0,	0,	0,	
20000,	0.324,	4127,	1101,	4056,	716,	79.16,	52.18,	48.75,	25,	2,	7,	3,	4,	0,	0,	0,	0,	2,	0,	0,	0,	0,	
25000,	0.354,	5466,	1381,	6933,	1219,	85.02,	60.24,	63.05,	39,	4,	11,	5,	6,	0,	0,	0,	0,	2,	0,	0,	0,	0,	
30000,	0.434,	7508,	1255,	5089,	1148,	88.28,	70.05,	71.7,	32,	3,	9,	4,	5,	0,	0,	0,	0,	3,	0,	0,	0,	0,	
35000,	0.474,	7592,	1668,	8449,	2290,	72.84,	46.2,	45.85,	39,	4,	11,	5,	6,	0,	0,	0,	0,	3,	0,	0,	0,	0,	
40000,	0.504,	9447,	1655,	7396,	1502,	84.92,	69.68,	69.31,	53,	4,	15,	7,	8,	0,	0,	0,	0,	3,	0,	0,	0,	0,	
45000,	0.605,	9439,	2238,	10689,	2633,	81.74,	63.33,	63.2,	32,	3,	9,	4,	5,	0,	0,	0,	0,	4,	0,	0,	0,	0,	
50000,	0.645,	11173,	2334,	9313,	2180,	72.86,	45.64,	45.19,	32,	3,	9,	4,	5,	0,	0,	0,	0,	4,	0,	0,	0,	0,	
55000,	0.677,	11287,	2847,	12714,	3151,	77.46,	54.88,	55.59,	46,	4,	13,	6,	7,	0,	0,	0,	0,	4,	0,	0,	0,	0,	
60000,	0.787,	13149,	2807,	11393,	2651,	81.12,	62.22,	62.09,	46,	4,	13,	6,	7,	0,	0,	0,	0,	5,	0,	0,	0,	0,	
65000,	0.827,	13242,	3394,	14655,	3708,	77.92,	55.84,	55.96,	46,	4,	13,	6,	7,	0,	0,	0,	0,	6,	0,	0,	0,	0,	
70000,	0.857,	15281,	3246,	13391,	3082,	82.6,	65.18,	64.99,	53,	4,	15,	7,	8,	0,	0,	0,	0,	6,	0,	0,	0,	0,	
75000,	0.994,	15315,	3843,	16725,	4116,	82.86,	65.72,	66.11,	32,	3,	9,	4,	5,	0,	0,	0,	0,	7,	0,	0,	0,	0,	
80000,	1.024,	16809,	3840,	15645,	3706,	75.64,	50.23,	49.12,	53,	4,	15,	7,	8,	0,	0,	0,	0,	7,	0,	0,	0,	0,	
85000,	1.054,	17064,	4279,	19191,	4465,	84.3,	67.95,	67.4,	32,	3,	9,	4,	5,	0,	0,	0,	0,	8,	0,	0,	0,	0,	
90000,	1.206,	18618,	4216,	18101,	4065,	85.3,	70.1,	70.29,	46,	3,	13,	6,	7,	0,	0,	0,	0,	8,	0,	0,	0,	0,	
95000,	1.246,	19638,	4885,	20594,	4882,	79.54,	56.77,	55.11,	46,	3,	13,	6,	7,	0,	0,	0,	0,	9,	0,	0,	0,	0,	
100000,	1.276,	21450,	4580,	19439,	4531,	83.4,	63.56,	62.96,	25,	3,	7,	3,	4,	0,	0,	0,	0,	10,	0,	0,	0,	0,	

100000,	1.276,	41088,	9465,	40033,	9413,	81.12,	62.24,	59.79,	25,	3,	7,	3,	4,	0,	0,	0,	0,	10,	0,	0,	0,	0,	
Pool,	TP,	FN,	TN,	FP
1,	2029,	1232,	1473,	1936,	
2,	5174,	1895,	4605,	1651,	
3,	10681,	2514,	5352,	1460,	
4,	8057,	2365,	13871,	2361,	
5,	15147,	1459,	14732,	2005,	





ASHT-ProcessRBF
Speed Change:,	0.01,	Centroids:,	100,	DriftCentroid:	100
GracePeriod:,	200,	TieThreshold:,	0.05000000074505806,	BinarySplit:,	false,	
MaxSize:,	16,	Reset:,	false
Count,	Time,	TP,	FN,	TN,	FP,	Accu,	Kappa,	Kpa_t,	Mem,	Depth,	TSize,	DcNod,	ActLf,	InacLf,	Reset,	Alter,	Switch,	Prune,	ClOp0,	ClOp1,	ClOp2,	ClOp3
5000,	0.12,	814,	831,	2925,	429,	74.78,	39.1,	43.48,	18,	2,	5,	2,	3,	0,	0,	0,	0,	0,	0,	0,	0,	0,	
10000,	0.16,	983,	654,	2956,	407,	78.78,	49.88,	52.19,	32,	4,	9,	4,	5,	0,	0,	0,	0,	0,	0,	0,	0,	0,	
15000,	0.255,	2121,	1185,	5763,	930,	82.9,	62.3,	61.88,	32,	4,	9,	4,	5,	0,	0,	0,	0,	0,	0,	0,	0,	0,	
20000,	0.295,	2882,	1273,	4758,	1087,	74.02,	48.03,	47.32,	46,	5,	13,	6,	7,	0,	0,	0,	0,	0,	0,	0,	0,	0,	
25000,	0.335,	4162,	1731,	7732,	1374,	80.2,	60.41,	60.13,	60,	6,	17,	8,	9,	0,	0,	0,	0,	0,	0,	0,	0,	0,	
30000,	0.748,	4861,	1824,	6834,	1481,	81.1,	62.22,	62.53,	88,	6,	25,	12,	13,	0,	0,	0,	0,	0,	0,	0,	0,	0,	
35000,	0.788,	6481,	2138,	9496,	1884,	81.66,	62.88,	62.65,	109,	7,	31,	15,	16,	0,	0,	0,	0,	0,	0,	0,	0,	0,	
40000,	0.828,	7046,	2308,	8804,	1842,	83.1,	66.16,	66.12,	95,	5,	27,	13,	14,	0,	0,	0,	0,	2,	0,	0,	0,	0,	
45000,	0.911,	8735,	2613,	11449,	2202,	84.14,	68.2,	68.31,	95,	5,	27,	13,	14,	0,	0,	0,	0,	2,	0,	0,	0,	0,	
50000,	0.941,	8234,	2876,	11605,	2285,	79.78,	54.89,	55.54,	88,	5,	25,	12,	13,	0,	0,	0,	0,	3,	0,	0,	0,	0,	
55000,	0.981,	9968,	3106,	14407,	2518,	83.82,	63.32,	64.24,	102,	5,	29,	14,	15,	0,	0,	0,	0,	3,	0,	0,	0,	0,	
60000,	1.091,	9508,	3347,	14530,	2615,	83.98,	64.07,	64.4,	60,	5,	17,	8,	9,	0,	0,	0,	0,	4,	0,	0,	0,	0,	
65000,	1.121,	12963,	3847,	15368,	2821,	79.12,	50.41,	45.6,	74,	5,	21,	10,	11,	0,	0,	0,	0,	4,	0,	0,	0,	0,	
70000,	1.151,	12933,	3652,	15471,	2944,	87.32,	66.33,	66.31,	88,	5,	25,	12,	13,	0,	0,	0,	0,	4,	0,	0,	0,	0,	
75000,	1.241,	16427,	4076,	16370,	3126,	89.32,	71.81,	72.56,	88,	5,	25,	12,	13,	0,	0,	0,	0,	4,	0,	0,	0,	0,	
80000,	1.281,	16081,	4031,	16597,	3291,	85.48,	65.28,	63.7,	102,	5,	29,	14,	15,	0,	0,	0,	0,	4,	0,	0,	0,	0,	
85000,	1.321,	19586,	4412,	17479,	3522,	85.36,	64.81,	63.83,	60,	6,	17,	8,	9,	0,	0,	0,	0,	5,	0,	0,	0,	0,	
90000,	1.41,	19307,	4280,	17701,	3712,	86.6,	67.36,	67.94,	74,	6,	21,	10,	11,	0,	0,	0,	0,	5,	0,	0,	0,	0,	
95000,	1.451,	21607,	4752,	19604,	4036,	82.92,	65.87,	65.62,	102,	6,	29,	14,	15,	0,	0,	0,	0,	5,	0,	0,	0,	0,	
100000,	1.481,	21224,	4680,	19973,	4123,	83.78,	67.4,	67.6,	81,	6,	23,	11,	12,	0,	0,	0,	0,	6,	0,	0,	0,	0,	

100000,	1.481,	42831,	9432,	39577,	8159,	82.41,	64.78,	61.12,	81,	6,	23,	11,	12,	0,	0,	0,	0,	6,	0,	0,	0,	0,	
Pool,	TP,	FN,	TN,	FP
1,	2340,	1335,	1932,	1050,	
2,	8432,	2635,	1757,	487,	
3,	4746,	1938,	11145,	2166,	
4,	11744,	2332,	9790,	2805,	
5,	15569,	1192,	14953,	1651,	





ASHT-ProcessRBF
Speed Change:,	0.01,	Centroids:,	100,	DriftCentroid:	100
GracePeriod:,	200,	TieThreshold:,	0.05000000074505806,	BinarySplit:,	false,	
MaxSize:,	32,	Reset:,	false
Count,	Time,	TP,	FN,	TN,	FP,	Accu,	Kappa,	Kpa_t,	Mem,	Depth,	TSize,	DcNod,	ActLf,	InacLf,	Reset,	Alter,	Switch,	Prune,	ClOp0,	ClOp1,	ClOp2,	ClOp3
5000,	0.141,	1005,	762,	2525,	705,	70.64,	35.33,	34.44,	18,	2,	5,	2,	3,	0,	0,	0,	0,	0,	0,	0,	0,	0,	
10000,	0.171,	1247,	474,	2993,	286,	84.8,	65.43,	66.24,	25,	3,	7,	3,	4,	0,	0,	0,	0,	0,	0,	0,	0,	0,	
15000,	0.281,	2357,	1175,	5459,	1006,	85.72,	68.28,	69.32,	53,	5,	15,	7,	8,	0,	0,	0,	0,	0,	0,	0,	0,	0,	
20000,	0.311,	2670,	1018,	5458,	854,	77.76,	53.5,	54.35,	74,	5,	21,	10,	11,	0,	0,	0,	0,	0,	0,	0,	0,	0,	
25000,	0.351,	3779,	1731,	8091,	1396,	81.08,	59.85,	60.25,	95,	5,	27,	13,	14,	0,	0,	0,	0,	0,	0,	0,	0,	0,	
30000,	0.464,	4083,	1466,	8288,	1163,	84.86,	67.1,	67.06,	102,	5,	29,	14,	15,	0,	0,	0,	0,	0,	0,	0,	0,	0,	
35000,	0.506,	5929,	2260,	10065,	1743,	82.48,	64.96,	64.96,	123,	6,	35,	17,	18,	0,	0,	0,	0,	0,	0,	0,	0,	0,	
40000,	0.539,	6319,	1921,	10332,	1428,	85.6,	71.2,	71.2,	137,	6,	39,	19,	20,	0,	0,	0,	0,	0,	0,	0,	0,	0,	
45000,	0.672,	8215,	2641,	12145,	1996,	87.32,	74.61,	74.12,	151,	6,	43,	21,	22,	0,	0,	0,	0,	0,	0,	0,	0,	0,	
50000,	0.715,	7904,	2381,	12838,	1877,	81.82,	62.36,	62.88,	158,	6,	45,	22,	23,	0,	0,	0,	0,	0,	0,	0,	0,	0,	
55000,	0.759,	9894,	3028,	14725,	2350,	85.18,	69.37,	69.63,	165,	6,	47,	23,	24,	0,	0,	0,	0,	0,	0,	0,	0,	0,	
60000,	0.882,	9602,	2737,	15469,	2192,	86.58,	72.19,	72.6,	179,	7,	51,	25,	26,	0,	0,	0,	0,	0,	0,	0,	0,	0,	
65000,	0.926,	11887,	3833,	16592,	2685,	77.2,	54.77,	51.82,	207,	7,	59,	29,	30,	0,	0,	0,	0,	0,	0,	0,	0,	0,	
70000,	0.96,	11922,	3164,	17381,	2533,	84.64,	69.08,	69.5,	214,	7,	61,	30,	31,	0,	0,	0,	0,	0,	0,	0,	0,	0,	
75000,	1.117,	14319,	4230,	18491,	2957,	86.62,	72.95,	72.55,	214,	7,	61,	30,	31,	0,	0,	0,	0,	0,	0,	0,	0,	0,	
80000,	1.157,	12812,	3470,	20775,	2943,	85.68,	61.79,	60.46,	130,	7,	37,	18,	19,	0,	0,	0,	0,	1,	0,	0,	0,	0,	
85000,	1.189,	15184,	4498,	22168,	3147,	90.84,	73.21,	74.53,	130,	7,	37,	18,	19,	0,	0,	0,	0,	1,	0,	0,	0,	0,	
90000,	1.323,	13681,	3786,	24437,	3096,	90.62,	72.77,	73.47,	144,	7,	41,	20,	21,	0,	0,	0,	0,	1,	0,	0,	0,	0,	
95000,	1.365,	16769,	5326,	24539,	3363,	79.12,	57.83,	58.39,	172,	8,	49,	24,	25,	0,	0,	0,	0,	1,	0,	0,	0,	0,	
100000,	1.396,	15810,	4107,	26742,	3341,	88.68,	77.34,	77.18,	179,	8,	51,	25,	26,	0,	0,	0,	0,	1,	0,	0,	0,	0,	

100000,	1.396,	32579,	9433,	51281,	6704,	83.86,	66.58,	65.22,	179,	8,	51,	25,	26,	0,	0,	0,	0,	1,	0,	0,	0,	0,	
Pool,	TP,	FN,	TN,	FP
1,	1787,	1280,	2502,	1088,	
2,	3652,	1350,	7216,	1143,	
3,	7105,	2754,	8366,	1772,	
4,	8849,	2312,	13788,	1688,	
5,	11186,	1737,	19409,	1013,	





ASHT-ProcessRBF
Speed Change:,	0.01,	Centroids:,	100,	DriftCentroid:	100
GracePeriod:,	200,	TieThreshold:,	0.05000000074505806,	BinarySplit:,	false,	
MaxSize:,	64,	Reset:,	false
Count,	Time,	TP,	FN,	TN,	FP,	Accu,	Kappa,	Kpa_t,	Mem,	Depth,	TSize,	DcNod,	ActLf,	InacLf,	Reset,	Alter,	Switch,	Prune,	ClOp0,	ClOp1,	ClOp2,	ClOp3
5000,	0.123,	610,	723,	3400,	266,	80.2,	43.18,	50.18,	11,	1,	3,	1,	2,	0,	0,	0,	0,	0,	0,	0,	0,	0,	
10000,	0.157,	709,	569,	3426,	296,	82.7,	51.11,	54.88,	25,	2,	7,	3,	4,	0,	0,	0,	0,	0,	0,	0,	0,	0,	
15000,	0.275,	1308,	1295,	6853,	543,	83.02,	51.48,	56.17,	46,	4,	13,	6,	7,	0,	0,	0,	0,	0,	0,	0,	0,	0,	
20000,	0.323,	2600,	1501,	5282,	617,	74.94,	50.62,	48.77,	67,	4,	19,	9,	10,	0,	0,	0,	0,	0,	0,	0,	0,	0,	
25000,	0.361,	3554,	1860,	8710,	875,	82.06,	63.98,	63.24,	88,	6,	25,	12,	13,	0,	0,	0,	0,	0,	0,	0,	0,	0,	
30000,	0.454,	4904,	1962,	7169,	965,	83.82,	67.43,	67.21,	88,	6,	25,	12,	13,	0,	0,	0,	0,	0,	0,	0,	0,	0,	
35000,	0.494,	4767,	2372,	11304,	1556,	76.14,	48.4,	48.22,	109,	6,	31,	15,	16,	0,	0,	0,	0,	0,	0,	0,	0,	0,	
40000,	0.526,	6150,	2330,	10111,	1409,	83.76,	63.31,	62.74,	123,	6,	35,	17,	18,	0,	0,	0,	0,	0,	0,	0,	0,	0,	
45000,	0.632,	6132,	2646,	14304,	1917,	87.3,	71.57,	70.48,	137,	6,	39,	19,	20,	0,	0,	0,	0,	0,	0,	0,	0,	0,	
50000,	0.666,	7778,	2612,	12687,	1923,	84.08,	67.05,	66.39,	151,	6,	43,	21,	22,	0,	0,	0,	0,	0,	0,	0,	0,	0,	
55000,	0.7,	7759,	2939,	16986,	2315,	86.18,	71.09,	71.32,	165,	7,	47,	23,	24,	0,	0,	0,	0,	0,	0,	0,	0,	0,	
60000,	0.805,	9448,	2870,	15500,	2182,	89.66,	78.18,	78.4,	193,	7,	55,	27,	28,	0,	0,	0,	0,	0,	0,	0,	0,	0,	
65000,	0.844,	9425,	3466,	19357,	2751,	80.74,	60.71,	61.11,	214,	7,	61,	30,	31,	0,	0,	0,	0,	0,	0,	0,	0,	0,	
70000,	0.879,	11236,	3286,	18042,	2436,	86.6,	72.61,	73.41,	242,	7,	69,	34,	35,	0,	0,	0,	0,	0,	0,	0,	0,	0,	
75000,	0.971,	11283,	3846,	21882,	2988,	87.66,	74.89,	74.92,	249,	7,	71,	35,	36,	0,	0,	0,	0,	0,	0,	0,	0,	0,	
80000,	1.015,	12929,	3678,	20549,	2844,	84.0,	67.13,	66.67,	270,	7,	77,	38,	39,	0,	0,	0,	0,	0,	0,	0,	0,	0,	
85000,	1.047,	12993,	4237,	24494,	3275,	86.44,	71.98,	72.65,	284,	7,	81,	40,	41,	0,	0,	0,	0,	0,	0,	0,	0,	0,	
90000,	1.147,	14668,	4026,	23241,	3065,	88.62,	76.4,	76.16,	298,	7,	85,	42,	43,	0,	0,	0,	0,	0,	0,	0,	0,	0,	
95000,	1.187,	14606,	4574,	27276,	3522,	88.3,	75.3,	74.72,	312,	7,	89,	44,	45,	0,	0,	0,	0,	0,	0,	0,	0,	0,	
100000,	1.221,	16339,	4340,	26027,	3294,	89.14,	77.15,	77.36,	326,	7,	93,	46,	47,	0,	0,	0,	0,	0,	0,	0,	0,	0,	

100000,	1.221,	30945,	8914,	53303,	6816,	84.27,	66.9,	66.12,	326,	7,	93,	46,	47,	0,	0,	0,	0,	0,	0,	0,	0,	0,	
Pool,	TP,	FN,	TN,	FP
1,	2463,	1597,	1579,	1032,	
2,	3514,	1583,	6998,	1211,	
3,	6389,	2148,	10753,	727,	
4,	10030,	1835,	12626,	2174,	
5,	8549,	1751,	21347,	1672,	





ASHT-ProcessRBF
Speed Change:,	0.01,	Centroids:,	100,	DriftCentroid:	100
GracePeriod:,	200,	TieThreshold:,	0.05000000074505806,	BinarySplit:,	false,	
MaxSize:,	128,	Reset:,	false
Count,	Time,	TP,	FN,	TN,	FP,	Accu,	Kappa,	Kpa_t,	Mem,	Depth,	TSize,	DcNod,	ActLf,	InacLf,	Reset,	Alter,	Switch,	Prune,	ClOp0,	ClOp1,	ClOp2,	ClOp3
5000,	0.128,	2607,	326,	1505,	561,	82.24,	62.75,	63.58,	18,	2,	5,	2,	3,	0,	0,	0,	0,	0,	0,	0,	0,	0,	
10000,	0.16,	2727,	152,	1728,	393,	89.1,	77.35,	77.72,	32,	4,	9,	4,	5,	0,	0,	0,	0,	0,	0,	0,	0,	0,	
15000,	0.236,	5412,	505,	3166,	916,	89.32,	77.49,	77.82,	46,	4,	13,	6,	7,	0,	0,	0,	0,	0,	0,	0,	0,	0,	
20000,	0.274,	5598,	407,	3066,	929,	84.18,	65.2,	66.25,	60,	4,	17,	8,	9,	0,	0,	0,	0,	0,	0,	0,	0,	0,	
25000,	0.31,	8170,	816,	4821,	1192,	88.26,	75.32,	75.93,	74,	5,	21,	10,	11,	0,	0,	0,	0,	0,	0,	0,	0,	0,	
30000,	0.409,	8496,	627,	4689,	1188,	90.42,	79.51,	79.68,	81,	5,	23,	11,	12,	0,	0,	0,	0,	0,	0,	0,	0,	0,	
35000,	0.448,	11139,	1389,	5770,	1701,	78.36,	48.29,	48.38,	102,	6,	29,	14,	15,	0,	0,	0,	0,	0,	0,	0,	0,	0,	
40000,	0.48,	11903,	799,	5729,	1569,	88.94,	71.55,	72.92,	137,	6,	39,	19,	20,	0,	0,	0,	0,	0,	0,	0,	0,	0,	
45000,	0.587,	14580,	1573,	6884,	1962,	91.1,	77.29,	77.83,	151,	6,	43,	21,	22,	0,	0,	0,	0,	0,	0,	0,	0,	0,	
50000,	0.621,	13996,	1331,	7668,	2005,	80.64,	61.26,	60.86,	158,	6,	45,	22,	23,	0,	0,	0,	0,	0,	0,	0,	0,	0,	
55000,	0.655,	16789,	1941,	8909,	2360,	84.68,	69.32,	68.86,	172,	6,	49,	24,	25,	0,	0,	0,	0,	0,	0,	0,	0,	0,	
60000,	0.76,	16394,	1573,	9692,	2341,	88.44,	76.76,	75.82,	186,	6,	53,	26,	27,	0,	0,	0,	0,	0,	0,	0,	0,	0,	
65000,	0.81,	20053,	2383,	9948,	2615,	86.06,	65.3,	63.43,	214,	7,	61,	30,	31,	0,	0,	0,	0,	0,	0,	0,	0,	0,	
70000,	0.845,	19752,	1863,	10809,	2576,	89.5,	73.72,	73.39,	221,	7,	63,	31,	32,	0,	0,	0,	0,	0,	0,	0,	0,	0,	
75000,	0.941,	23461,	2622,	11098,	2818,	91.16,	77.79,	77.54,	221,	7,	63,	31,	32,	0,	0,	0,	0,	0,	0,	0,	0,	0,	
80000,	0.981,	22818,	1966,	12165,	3051,	88.44,	73.98,	74.77,	228,	7,	65,	32,	33,	0,	0,	0,	0,	0,	0,	0,	0,	0,	
85000,	1.011,	26594,	2737,	12432,	3236,	89.34,	75.61,	77.08,	242,	7,	69,	34,	35,	0,	0,	0,	0,	0,	0,	0,	0,	0,	
90000,	1.152,	25634,	2089,	13584,	3434,	89.88,	77.34,	78.31,	263,	9,	75,	37,	38,	0,	0,	0,	0,	0,	0,	0,	0,	0,	
95000,	1.199,	29210,	3456,	13644,	3684,	76.64,	49.42,	47.48,	277,	9,	79,	39,	40,	0,	0,	0,	0,	0,	0,	0,	0,	0,	
100000,	1.246,	28665,	2414,	14843,	3775,	86.66,	69.27,	69.54,	305,	9,	87,	43,	44,	0,	0,	0,	0,	0,	0,	0,	0,	0,	

100000,	1.246,	57875,	5870,	28487,	7459,	86.67,	70.77,	70.45,	305,	9,	87,	43,	44,	0,	0,	0,	0,	0,	0,	0,	0,	0,	
Pool,	TP,	FN,	TN,	FP
1,	2303,	422,	2827,	1091,	
2,	3642,	704,	6585,	2411,	
3,	14642,	1245,	2555,	1567,	
4,	12895,	2122,	9657,	1991,	
5,	24393,	1377,	6863,	399,	





