HT-ProcessRBF
Speed Change:,	0.0,	Centroids:,	100,	DriftCentroid:	100
GracePeriod:,	200,	TieThreshold:,	0.05,	BinarySplit:,	false
Count,	Time,	TP,	FN,	TN,	FP,	Accu,	Kappa,	Kpa_t,	Mem,	Depth,	TSize,	DcNod,	ActLf,	InacLf,	Reset,	Alter,	Switch,	Prune,	ClOp0,	ClOp1,	ClOp2,	ClOp3
5000,	0.294,	2429,	671,	1174,	724,	72.08,	40.41,	41.69,	18,	2,	5,	2,	3,	0,	0,	0,	0,	0,	0,	0,	0,	0,	
10000,	0.354,	2603,	530,	1511,	356,	82.28,	62.83,	61.97,	25,	3,	7,	3,	4,	0,	0,	0,	0,	0,	0,	0,	0,	0,	
15000,	0.488,	5148,	994,	2709,	1147,	85.08,	68.4,	68.93,	46,	4,	13,	6,	7,	0,	0,	0,	0,	0,	0,	0,	0,	0,	
20000,	0.558,	3721,	1286,	3988,	1005,	71.9,	39.35,	39.73,	60,	5,	17,	8,	9,	0,	0,	0,	0,	0,	0,	0,	0,	0,	
25000,	0.61,	6559,	1517,	5317,	1605,	80.38,	58.38,	58.48,	74,	5,	21,	10,	11,	0,	0,	0,	0,	0,	0,	0,	0,	0,	
30000,	0.74,	5257,	1694,	6593,	1456,	82.82,	64.0,	64.15,	95,	7,	27,	13,	14,	0,	0,	0,	0,	0,	0,	0,	0,	0,	
35000,	0.79,	8506,	2035,	7516,	1941,	82.92,	65.8,	66.64,	102,	7,	29,	14,	15,	0,	0,	0,	0,	0,	0,	0,	0,	0,	
40000,	0.84,	7330,	2119,	8799,	1752,	85.58,	71.16,	71.23,	116,	7,	33,	16,	17,	0,	0,	0,	0,	0,	0,	0,	0,	0,	
45000,	0.99,	10562,	2464,	9705,	2267,	84.9,	69.79,	70.48,	144,	7,	41,	20,	21,	0,	0,	0,	0,	0,	0,	0,	0,	0,	
50000,	1.07,	9104,	2570,	10944,	2382,	78.38,	56.58,	55.2,	158,	7,	45,	22,	23,	0,	0,	0,	0,	0,	0,	0,	0,	0,	
55000,	1.12,	12453,	2809,	12090,	2646,	85.52,	70.76,	70.58,	179,	7,	51,	25,	26,	0,	0,	0,	0,	0,	0,	0,	0,	0,	
60000,	1.24,	11072,	2834,	13374,	2720,	87.96,	75.72,	75.67,	207,	8,	59,	29,	30,	0,	0,	0,	0,	0,	0,	0,	0,	0,	
65000,	1.3,	14492,	3087,	14366,	3053,	86.3,	72.56,	72.12,	221,	9,	63,	31,	32,	0,	0,	0,	0,	0,	0,	0,	0,	0,	
70000,	1.351,	13034,	3102,	15843,	3021,	88.62,	77.0,	77.64,	242,	9,	69,	34,	35,	0,	0,	0,	0,	0,	0,	0,	0,	0,	
75000,	1.461,	16447,	3353,	16857,	3341,	88.92,	77.58,	76.81,	242,	9,	69,	34,	35,	0,	0,	0,	0,	0,	0,	0,	0,	0,	
80000,	1.511,	15399,	3840,	17447,	3314,	79.38,	58.12,	55.6,	256,	9,	73,	36,	37,	0,	0,	0,	0,	0,	0,	0,	0,	0,	
85000,	1.561,	19065,	3794,	18470,	3669,	84.62,	67.96,	67.3,	284,	10,	81,	40,	41,	0,	0,	0,	0,	0,	0,	0,	0,	0,	
90000,	1.673,	18179,	4198,	19017,	3606,	87.0,	72.39,	72.32,	298,	10,	85,	42,	43,	0,	0,	0,	0,	0,	0,	0,	0,	0,	
95000,	1.724,	21001,	3953,	20895,	4149,	87.22,	74.3,	73.53,	305,	10,	87,	43,	44,	0,	0,	0,	0,	0,	0,	0,	0,	0,	
100000,	1.754,	20069,	4375,	21628,	3928,	90.02,	79.63,	79.41,	326,	11,	93,	46,	47,	0,	0,	0,	0,	0,	0,	0,	0,	0,	

100000,	1.754,	41070,	8328,	42523,	8077,	83.59,	67.18,	66.13,	326,	11,	93,	46,	47,	0,	0,	0,	0,	0,	0,	0,	0,	0,	
Pool,	TP,	FN,	TN,	FP
1,	4040,	1351,	635,	632,	
2,	5032,	1444,	4622,	2210,	
3,	5738,	2092,	9855,	2336,	
4,	10485,	2419,	12760,	985,	
5,	15775,	1022,	14651,	1914,	





HT-ProcessRBF
Speed Change:,	0.001,	Centroids:,	100,	DriftCentroid:	100
GracePeriod:,	200,	TieThreshold:,	0.05,	BinarySplit:,	false
Count,	Time,	TP,	FN,	TN,	FP,	Accu,	Kappa,	Kpa_t,	Mem,	Depth,	TSize,	DcNod,	ActLf,	InacLf,	Reset,	Alter,	Switch,	Prune,	ClOp0,	ClOp1,	ClOp2,	ClOp3
5000,	0.12,	2295,	725,	1355,	619,	73.08,	44.19,	43.75,	18,	2,	5,	2,	3,	0,	0,	0,	0,	0,	0,	0,	0,	0,	
10000,	0.17,	2579,	470,	1399,	552,	79.56,	56.72,	57.0,	32,	3,	9,	4,	5,	0,	0,	0,	0,	0,	0,	0,	0,	0,	
15000,	0.282,	4880,	1200,	2948,	966,	83.56,	65.8,	65.17,	53,	4,	15,	7,	8,	0,	0,	0,	0,	0,	0,	0,	0,	0,	
20000,	0.322,	4664,	918,	3494,	924,	83.6,	67.21,	68.35,	67,	6,	19,	9,	10,	0,	0,	0,	0,	0,	0,	0,	0,	0,	
25000,	0.352,	7101,	1476,	5258,	1159,	90.62,	81.24,	81.04,	67,	6,	19,	9,	10,	0,	0,	0,	0,	0,	0,	0,	0,	0,	
30000,	0.449,	6946,	1170,	5772,	1112,	91.2,	82.4,	82.14,	81,	8,	23,	11,	12,	0,	0,	0,	0,	0,	0,	0,	0,	0,	
35000,	0.484,	10146,	1901,	5913,	2034,	74.0,	33.3,	38.53,	95,	8,	27,	13,	14,	0,	0,	0,	0,	0,	0,	0,	0,	0,	
40000,	0.534,	10111,	1466,	6779,	1644,	83.44,	59.41,	61.09,	123,	8,	35,	17,	18,	0,	0,	0,	0,	0,	0,	0,	0,	0,	
45000,	0.674,	13334,	2148,	7061,	2451,	86.72,	68.18,	70.05,	158,	9,	45,	22,	23,	0,	0,	0,	0,	0,	0,	0,	0,	0,	
50000,	0.714,	13911,	1689,	7467,	1933,	89.76,	66.58,	67.55,	179,	9,	51,	25,	26,	0,	0,	0,	0,	0,	0,	0,	0,	0,	
55000,	0.754,	17171,	2313,	7830,	2680,	92.12,	74.73,	75.41,	186,	9,	53,	26,	27,	0,	0,	0,	0,	0,	0,	0,	0,	0,	
60000,	0.944,	17776,	1839,	8232,	2153,	92.6,	75.97,	76.05,	200,	9,	57,	28,	29,	0,	0,	0,	0,	0,	0,	0,	0,	0,	
65000,	0.984,	20779,	2552,	8630,	3033,	88.16,	65.44,	65.84,	207,	9,	59,	29,	30,	0,	0,	0,	0,	0,	0,	0,	0,	0,	
70000,	1.015,	21386,	2076,	9139,	2399,	90.34,	72.7,	72.46,	214,	9,	61,	30,	31,	0,	0,	0,	0,	0,	0,	0,	0,	0,	
75000,	1.138,	24451,	2686,	9551,	3306,	91.86,	76.68,	77.38,	228,	9,	65,	32,	33,	0,	0,	0,	0,	0,	0,	0,	0,	0,	
80000,	1.168,	24844,	2296,	10161,	2699,	89.6,	72.74,	72.73,	235,	9,	67,	33,	34,	0,	0,	0,	0,	0,	0,	0,	0,	0,	
85000,	1.208,	27826,	2906,	10656,	3562,	90.48,	75.77,	75.54,	270,	9,	77,	38,	39,	0,	0,	0,	0,	0,	0,	0,	0,	0,	
90000,	1.298,	28258,	2461,	11292,	2958,	91.5,	78.38,	78.76,	277,	9,	79,	39,	40,	0,	0,	0,	0,	0,	0,	0,	0,	0,	
95000,	1.328,	31340,	3225,	11624,	3761,	89.64,	72.05,	71.46,	305,	10,	87,	43,	44,	0,	0,	0,	0,	0,	0,	0,	0,	0,	
100000,	1.358,	31867,	2694,	12262,	3146,	91.58,	76.66,	76.19,	319,	10,	91,	45,	46,	0,	0,	0,	0,	0,	0,	0,	0,	0,	

100000,	1.358,	63207,	5919,	23886,	6907,	87.17,	69.63,	68.37,	319,	10,	91,	45,	46,	0,	0,	0,	0,	0,	0,	0,	0,	0,	
Pool,	TP,	FN,	TN,	FP
1,	2393,	229,	2678,	1357,	
2,	8608,	1496,	2795,	428,	
3,	13435,	1858,	2945,	1760,	
4,	13536,	1204,	8947,	3003,	
5,	25235,	1132,	6521,	359,	





HT-ProcessRBF
Speed Change:,	0.01,	Centroids:,	100,	DriftCentroid:	100
GracePeriod:,	200,	TieThreshold:,	0.05,	BinarySplit:,	false
Count,	Time,	TP,	FN,	TN,	FP,	Accu,	Kappa,	Kpa_t,	Mem,	Depth,	TSize,	DcNod,	ActLf,	InacLf,	Reset,	Alter,	Switch,	Prune,	ClOp0,	ClOp1,	ClOp2,	ClOp3
5000,	0.11,	1903,	578,	1939,	578,	76.86,	53.72,	53.4,	18,	2,	5,	2,	3,	0,	0,	0,	0,	0,	0,	0,	0,	0,	
10000,	0.15,	2145,	389,	1963,	503,	82.16,	64.29,	63.65,	32,	3,	9,	4,	5,	0,	0,	0,	0,	0,	0,	0,	0,	0,	
15000,	0.252,	4119,	826,	3947,	1106,	84.48,	69.0,	68.53,	46,	3,	13,	6,	7,	0,	0,	0,	0,	0,	0,	0,	0,	0,	
20000,	0.298,	3648,	885,	4305,	1162,	76.9,	52.51,	52.0,	46,	3,	13,	6,	7,	0,	0,	0,	0,	0,	0,	0,	0,	0,	
25000,	0.332,	5751,	1247,	6387,	1613,	81.44,	61.9,	62.28,	88,	5,	25,	12,	13,	0,	0,	0,	0,	0,	0,	0,	0,	0,	
30000,	0.432,	5422,	1133,	6793,	1652,	85.24,	69.94,	69.42,	102,	5,	29,	14,	15,	0,	0,	0,	0,	0,	0,	0,	0,	0,	
35000,	0.472,	7677,	1572,	8845,	1904,	87.68,	75.08,	75.02,	116,	5,	33,	16,	17,	0,	0,	0,	0,	0,	0,	0,	0,	0,	
40000,	0.502,	7461,	1369,	9268,	1902,	90.28,	80.41,	80.48,	116,	5,	33,	16,	17,	0,	0,	0,	0,	0,	0,	0,	0,	0,	
45000,	0.582,	9738,	1822,	11263,	2175,	89.58,	79.05,	79.32,	130,	5,	37,	18,	19,	0,	0,	0,	0,	0,	0,	0,	0,	0,	
50000,	0.622,	9226,	1832,	11782,	2160,	85.58,	70.55,	71.73,	130,	5,	37,	18,	19,	0,	0,	0,	0,	0,	0,	0,	0,	0,	
55000,	0.642,	11578,	2178,	13800,	2442,	87.54,	74.59,	74.9,	151,	6,	43,	21,	22,	0,	0,	0,	0,	0,	0,	0,	0,	0,	
60000,	0.743,	11085,	2181,	14300,	2434,	87.54,	74.65,	74.66,	193,	7,	55,	27,	28,	0,	0,	0,	0,	0,	0,	0,	0,	0,	
65000,	0.783,	13802,	2699,	15789,	2708,	84.26,	68.53,	68.73,	207,	8,	59,	29,	30,	0,	0,	0,	0,	0,	0,	0,	0,	0,	
70000,	0.813,	13445,	2565,	16315,	2675,	87.5,	74.9,	75.34,	221,	8,	63,	31,	32,	0,	0,	0,	0,	0,	0,	0,	0,	0,	
75000,	0.903,	16160,	3107,	17816,	2915,	87.7,	75.33,	74.61,	221,	8,	63,	31,	32,	0,	0,	0,	0,	0,	0,	0,	0,	0,	
80000,	0.943,	15521,	2929,	18459,	3091,	84.4,	68.8,	68.61,	242,	8,	69,	34,	35,	0,	0,	0,	0,	0,	0,	0,	0,	0,	
85000,	0.983,	18318,	3419,	20026,	3235,	87.36,	74.72,	75.18,	270,	8,	77,	38,	39,	0,	0,	0,	0,	0,	0,	0,	0,	0,	
90000,	1.093,	17707,	3191,	20718,	3384,	88.9,	77.8,	77.48,	298,	8,	85,	42,	43,	0,	0,	0,	0,	0,	0,	0,	0,	0,	
95000,	1.123,	19795,	3717,	22949,	3537,	88.0,	73.81,	74.05,	312,	8,	89,	44,	45,	0,	0,	0,	0,	0,	0,	0,	0,	0,	
100000,	1.153,	19153,	3487,	23707,	3653,	88.7,	75.02,	74.64,	326,	9,	93,	46,	47,	0,	0,	0,	0,	0,	0,	0,	0,	0,	

100000,	1.153,	38948,	7204,	46656,	7190,	85.61,	71.04,	70.72,	326,	9,	93,	46,	47,	0,	0,	0,	0,	0,	0,	0,	0,	0,	
Pool,	TP,	FN,	TN,	FP
1,	2787,	742,	2222,	941,	
2,	5631,	1396,	5104,	1184,	
3,	8051,	1954,	7582,	2388,	
4,	7213,	1679,	15876,	1917,	
5,	15266,	1433,	15872,	760,	





HT-ProcessRBF
Speed Change:,	0.1,	Centroids:,	100,	DriftCentroid:	100
GracePeriod:,	200,	TieThreshold:,	0.05,	BinarySplit:,	false
Count,	Time,	TP,	FN,	TN,	FP,	Accu,	Kappa,	Kpa_t,	Mem,	Depth,	TSize,	DcNod,	ActLf,	InacLf,	Reset,	Alter,	Switch,	Prune,	ClOp0,	ClOp1,	ClOp2,	ClOp3
5000,	0.113,	2856,	317,	1307,	516,	83.32,	63.15,	63.85,	18,	2,	5,	2,	3,	0,	0,	0,	0,	0,	0,	0,	0,	0,	
10000,	0.143,	2963,	247,	1412,	378,	87.5,	72.36,	73.0,	32,	3,	9,	4,	5,	0,	0,	0,	0,	0,	0,	0,	0,	0,	
15000,	0.233,	5770,	521,	2793,	912,	88.0,	73.91,	74.94,	53,	4,	15,	7,	8,	0,	0,	0,	0,	0,	0,	0,	0,	0,	
20000,	0.273,	4136,	654,	3883,	1327,	72.88,	42.56,	36.96,	60,	4,	17,	8,	9,	0,	0,	0,	0,	0,	0,	0,	0,	0,	
25000,	0.303,	7111,	849,	5405,	1631,	79.06,	55.52,	53.86,	74,	5,	21,	10,	11,	0,	0,	0,	0,	0,	0,	0,	0,	0,	
30000,	0.397,	5417,	1037,	6692,	1854,	81.8,	59.89,	59.39,	81,	5,	23,	11,	12,	0,	0,	0,	0,	0,	0,	0,	0,	0,	
35000,	0.437,	9293,	1423,	7185,	2095,	79.24,	58.23,	56.66,	109,	5,	31,	15,	16,	0,	0,	0,	0,	0,	0,	0,	0,	0,	
40000,	0.467,	7803,	1414,	8538,	2245,	84.64,	68.92,	68.72,	123,	5,	35,	17,	18,	0,	0,	0,	0,	0,	0,	0,	0,	0,	
45000,	0.547,	11848,	1673,	8954,	2521,	86.48,	72.31,	72.03,	130,	6,	37,	18,	19,	0,	0,	0,	0,	0,	0,	0,	0,	0,	
50000,	0.58,	10050,	1933,	10320,	2697,	80.58,	60.83,	61.73,	137,	6,	39,	19,	20,	0,	0,	0,	0,	0,	0,	0,	0,	0,	
55000,	0.61,	14119,	2150,	10813,	2914,	82.6,	64.97,	64.58,	137,	6,	39,	19,	20,	0,	0,	0,	0,	0,	0,	0,	0,	0,	
60000,	0.7,	12430,	2348,	12132,	3090,	83.84,	67.26,	67.33,	179,	7,	51,	25,	26,	0,	0,	0,	0,	0,	0,	0,	0,	0,	
65000,	0.74,	16572,	2533,	12485,	3406,	82.5,	64.14,	64.4,	200,	7,	57,	28,	29,	0,	0,	0,	0,	0,	0,	0,	0,	0,	
70000,	0.78,	14870,	2698,	13937,	3495,	84.9,	69.31,	69.35,	228,	7,	65,	32,	33,	0,	0,	0,	0,	0,	0,	0,	0,	0,	
75000,	0.87,	18964,	2888,	14385,	3759,	85.84,	71.4,	71.05,	235,	7,	67,	33,	34,	0,	0,	0,	0,	0,	0,	0,	0,	0,	
80000,	0.907,	17006,	3093,	15961,	3940,	83.2,	66.39,	65.09,	242,	7,	69,	34,	35,	0,	0,	0,	0,	0,	0,	0,	0,	0,	
85000,	0.942,	21237,	3199,	16473,	4087,	87.22,	74.41,	74.38,	249,	7,	71,	35,	36,	0,	0,	0,	0,	0,	0,	0,	0,	0,	
90000,	1.042,	19255,	3368,	18105,	4272,	87.86,	75.71,	75.71,	270,	8,	77,	38,	39,	0,	0,	0,	0,	0,	0,	0,	0,	0,	
95000,	1.074,	22916,	3611,	18964,	4505,	83.4,	65.9,	65.36,	291,	8,	83,	41,	42,	0,	0,	0,	0,	0,	0,	0,	0,	0,	
100000,	1.114,	20986,	3720,	20643,	4651,	85.38,	69.98,	69.94,	326,	8,	93,	46,	47,	0,	0,	0,	0,	0,	0,	0,	0,	0,	

100000,	1.114,	43902,	7331,	39607,	9156,	83.51,	66.97,	65.65,	326,	8,	93,	46,	47,	0,	0,	0,	0,	0,	0,	0,	0,	0,	
Pool,	TP,	FN,	TN,	FP
1,	1622,	937,	2253,	1848,	
2,	5327,	1554,	4849,	1614,	
3,	5975,	1540,	10134,	2330,	
4,	14742,	2222,	8115,	1602,	
5,	16236,	1078,	14256,	1762,	





HT-ProcessRBF
Speed Change:,	1.0,	Centroids:,	100,	DriftCentroid:	100
GracePeriod:,	200,	TieThreshold:,	0.05,	BinarySplit:,	false
Count,	Time,	TP,	FN,	TN,	FP,	Accu,	Kappa,	Kpa_t,	Mem,	Depth,	TSize,	DcNod,	ActLf,	InacLf,	Reset,	Alter,	Switch,	Prune,	ClOp0,	ClOp1,	ClOp2,	ClOp3
5000,	0.1,	779,	826,	2818,	576,	71.94,	32.89,	34.71,	18,	2,	5,	2,	3,	0,	0,	0,	0,	0,	0,	0,	0,	0,	
10000,	0.13,	790,	700,	3286,	224,	81.52,	51.36,	55.96,	25,	3,	7,	3,	4,	0,	0,	0,	0,	0,	0,	0,	0,	0,	
15000,	0.211,	1681,	1504,	6005,	809,	81.78,	54.4,	59.07,	39,	4,	11,	5,	6,	0,	0,	0,	0,	0,	0,	0,	0,	0,	
20000,	0.241,	3136,	1323,	5088,	453,	82.96,	65.73,	65.14,	60,	5,	17,	8,	9,	0,	0,	0,	0,	0,	0,	0,	0,	0,	
25000,	0.271,	4228,	1996,	7664,	1111,	84.12,	67.25,	66.13,	67,	6,	19,	9,	10,	0,	0,	0,	0,	0,	0,	0,	0,	0,	
30000,	0.371,	5723,	1690,	6799,	788,	85.96,	71.03,	70.7,	88,	6,	25,	12,	13,	0,	0,	0,	0,	0,	0,	0,	0,	0,	
35000,	0.401,	6938,	2396,	8925,	1740,	79.42,	55.17,	55.84,	102,	7,	29,	14,	15,	0,	0,	0,	0,	0,	0,	0,	0,	0,	
40000,	0.43,	8471,	1963,	8203,	1363,	83.04,	63.58,	64.89,	116,	8,	33,	16,	17,	0,	0,	0,	0,	0,	0,	0,	0,	0,	
45000,	0.512,	9703,	2702,	10528,	2066,	87.36,	73.28,	72.68,	137,	8,	39,	19,	20,	0,	0,	0,	0,	0,	0,	0,	0,	0,	
50000,	0.552,	10856,	2372,	9910,	1862,	81.84,	63.01,	63.53,	172,	9,	49,	24,	25,	0,	0,	0,	0,	0,	0,	0,	0,	0,	
55000,	0.582,	12194,	2971,	12325,	2509,	85.76,	71.0,	70.93,	186,	10,	53,	26,	27,	0,	0,	0,	0,	0,	0,	0,	0,	0,	
60000,	0.662,	13315,	2669,	11809,	2207,	87.16,	74.0,	73.8,	186,	10,	53,	26,	27,	0,	0,	0,	0,	0,	0,	0,	0,	0,	
65000,	0.702,	13452,	3576,	14422,	3549,	67.1,	32.82,	28.6,	207,	10,	59,	29,	30,	0,	0,	0,	0,	0,	0,	0,	0,	0,	
70000,	0.732,	14939,	2992,	14306,	2763,	82.42,	63.82,	62.99,	221,	11,	63,	31,	32,	0,	0,	0,	0,	0,	0,	0,	0,	0,	
75000,	0.833,	15162,	3831,	16979,	4027,	85.34,	69.88,	69.81,	228,	12,	65,	32,	33,	0,	0,	0,	0,	0,	0,	0,	0,	0,	
80000,	0.875,	16865,	3456,	16034,	3645,	73.08,	46.45,	45.81,	242,	12,	69,	34,	35,	0,	0,	0,	0,	0,	0,	0,	0,	0,	
85000,	0.915,	17239,	4187,	19040,	4533,	82.76,	65.55,	65.35,	249,	12,	71,	35,	36,	0,	0,	0,	0,	0,	0,	0,	0,	0,	
90000,	1.004,	18998,	3734,	18172,	4096,	85.42,	70.87,	71.42,	270,	12,	77,	38,	39,	0,	0,	0,	0,	0,	0,	0,	0,	0,	
95000,	1.043,	19084,	4707,	20698,	5510,	70.06,	40.53,	40.24,	277,	12,	79,	39,	40,	0,	0,	0,	0,	0,	0,	0,	0,	0,	
100000,	1.076,	20902,	4115,	20396,	4587,	82.56,	64.99,	64.68,	298,	12,	85,	42,	43,	0,	0,	0,	0,	0,	0,	0,	0,	0,	

100000,	1.076,	39986,	8822,	41094,	10097,	81.08,	62.16,	60.34,	298,	12,	85,	42,	43,	0,	0,	0,	0,	0,	0,	0,	0,	0,	
Pool,	TP,	FN,	TN,	FP
1,	2403,	1583,	1390,	1284,	
2,	4471,	1345,	5718,	1799,	
3,	9252,	1927,	6660,	2162,	
4,	10570,	2707,	10727,	2663,	
5,	13290,	1260,	16599,	2189,	





