OzaBoostHT-ProcessRBF
Speed Change:,	0.0,	Centroids:,	100,	DriftCentroid:	100
GracePeriod:,	200,	TieThreshold:,	0.05,	BinarySplit:,	false,	BaseClassifier:,	HT,	
EnsembleSize:,	5
Count,	Time,	TP,	FN,	TN,	FP,	Accu,	Kappa,	Kpa_t,	Mem,	Depth,	TSize,	DcNod,	ActLf,	InacLf,	Reset,	Alter,	Switch,	Prune,	ClOp0,	ClOp1,	ClOp2,	ClOp3
5000,	0.283,	1727,	573,	2138,	558,	77.34,	54.38,	54.63,	76,	0.0,	21,	8,	13,	0,	0.0,	0,	0,	0.0,	0,	0,	0,	0,	
10000,	0.469,	1933,	367,	2397,	303,	86.6,	72.97,	73.21,	160,	0.0,	45,	20,	25,	0,	0.0,	0,	0,	0.0,	0,	0,	0,	0,	
15000,	0.711,	3799,	833,	4605,	759,	90.78,	81.45,	81.42,	216,	0.0,	61,	28,	33,	0,	0.0,	0,	0,	0.0,	0,	0,	0,	0,	
20000,	0.902,	3725,	599,	5163,	513,	91.16,	81.62,	81.48,	293,	0.0,	83,	39,	44,	0,	0.0,	0,	0,	0.0,	0,	0,	0,	0,	
25000,	1.096,	5737,	993,	7294,	972,	92.54,	84.74,	84.57,	370,	0.0,	105,	50,	55,	0,	0.0,	0,	0,	0.0,	0,	0,	0,	0,	
30000,	1.35,	5716,	726,	7899,	659,	94.54,	88.83,	88.87,	440,	0.0,	125,	60,	65,	0,	0.0,	0,	0,	0.0,	0,	0,	0,	0,	
35000,	1.572,	8111,	1234,	9340,	1311,	88.4,	76.71,	76.87,	559,	0.0,	159,	77,	82,	0,	0.0,	0,	0,	0.0,	0,	0,	0,	0,	
40000,	1.762,	8218,	888,	10055,	839,	93.16,	86.25,	86.38,	657,	0.0,	187,	91,	96,	0,	0.0,	0,	0,	0.0,	0,	0,	0,	0,	
45000,	2.002,	10644,	1380,	11527,	1445,	94.4,	88.75,	88.8,	748,	0.0,	213,	104,	109,	0,	0.0,	0,	0,	0.0,	0,	0,	0,	0,	
50000,	2.179,	11218,	1129,	11572,	1081,	90.34,	78.82,	78.98,	846,	0.0,	241,	118,	123,	0,	0.0,	0,	0,	0.0,	0,	0,	0,	0,	
55000,	2.356,	13752,	1541,	13045,	1658,	92.52,	83.35,	83.61,	909,	0.0,	259,	127,	132,	0,	0.0,	0,	0,	0.0,	0,	0,	0,	0,	
60000,	2.596,	14240,	1277,	13188,	1295,	92.76,	84.28,	84.48,	1000,	0.0,	285,	140,	145,	0,	0.0,	0,	0,	0.0,	0,	0,	0,	0,	
65000,	2.789,	16201,	1714,	14996,	2085,	88.0,	75.82,	76.13,	1105,	0.0,	315,	155,	160,	0,	0.0,	0,	0,	0.0,	0,	0,	0,	0,	
70000,	2.949,	16679,	1457,	15343,	1521,	91.88,	83.71,	83.5,	1175,	0.0,	335,	165,	170,	0,	0.0,	0,	0,	0.0,	0,	0,	0,	0,	
75000,	3.169,	18663,	1874,	17172,	2287,	92.76,	85.47,	85.24,	1245,	0.0,	355,	175,	180,	0,	0.0,	0,	0,	0.0,	0,	0,	0,	0,	
80000,	3.331,	18491,	1734,	18025,	1750,	89.88,	79.13,	79.12,	1315,	0.0,	375,	185,	190,	0,	0.0,	0,	0,	0.0,	0,	0,	0,	0,	
85000,	3.501,	20383,	2098,	20031,	2484,	91.58,	82.24,	81.93,	1392,	0.0,	397,	196,	201,	0,	0.0,	0,	0,	0.0,	0,	0,	0,	0,	
90000,	3.702,	20264,	1932,	20855,	1949,	92.06,	83.38,	83.42,	1455,	0.0,	415,	205,	210,	0,	0.0,	0,	0,	0.0,	0,	0,	0,	0,	
95000,	3.874,	23002,	2286,	22056,	2652,	92.88,	85.56,	85.42,	1602,	0.0,	457,	226,	231,	0,	0.0,	0,	0,	0.0,	0,	0,	0,	0,	
100000,	4.035,	22907,	2081,	22925,	2087,	94.26,	88.37,	88.07,	1651,	0.0,	471,	233,	238,	0,	0.0,	0,	0,	0.0,	0,	0,	0,	0,	

100000,	4.035,	45909,	4367,	44981,	4739,	90.89,	81.78,	81.26,	1651,	0.0,	471,	233,	238,	0,	0.0,	0,	0,	0.0,	0,	0,	0,	0,	
Pool,	TP,	FN,	TN,	FP
1,	3003,	1076,	2128,	455,	
2,	4267,	524,	7623,	920,	
3,	7747,	1526,	9546,	1209,	
4,	10434,	565,	14238,	1416,	
5,	20458,	676,	11446,	739,	





OzaBoostHT-ProcessRBF
Speed Change:,	0.001,	Centroids:,	100,	DriftCentroid:	100
GracePeriod:,	200,	TieThreshold:,	0.05,	BinarySplit:,	false,	BaseClassifier:,	HT,	
EnsembleSize:,	5
Count,	Time,	TP,	FN,	TN,	FP,	Accu,	Kappa,	Kpa_t,	Mem,	Depth,	TSize,	DcNod,	ActLf,	InacLf,	Reset,	Alter,	Switch,	Prune,	ClOp0,	ClOp1,	ClOp2,	ClOp3
5000,	0.272,	2417,	492,	1621,	460,	80.88,	60.75,	60.17,	76,	0.0,	21,	8,	13,	0,	0.0,	0,	0,	0.0,	0,	0,	0,	0,	
10000,	0.465,	2686,	256,	1777,	281,	89.26,	77.79,	77.66,	139,	0.0,	39,	17,	22,	0,	0.0,	0,	0,	0.0,	0,	0,	0,	0,	
15000,	0.704,	5136,	677,	3486,	691,	91.68,	82.86,	82.48,	230,	0.0,	65,	30,	35,	0,	0.0,	0,	0,	0.0,	0,	0,	0,	0,	
20000,	0.915,	4679,	542,	4142,	637,	87.16,	74.18,	74.26,	314,	0.0,	89,	42,	47,	0,	0.0,	0,	0,	0.0,	0,	0,	0,	0,	
25000,	1.093,	7284,	877,	5837,	992,	89.98,	79.94,	79.07,	384,	0.0,	109,	52,	57,	0,	0.0,	0,	0,	0.0,	0,	0,	0,	0,	
30000,	1.323,	6729,	744,	6629,	898,	90.74,	81.34,	80.98,	468,	0.0,	133,	64,	69,	0,	0.0,	0,	0,	0.0,	0,	0,	0,	0,	
35000,	1.503,	10094,	1095,	7630,	1171,	92.06,	83.43,	83.38,	566,	0.0,	161,	78,	83,	0,	0.0,	0,	0,	0.0,	0,	0,	0,	0,	
40000,	1.685,	9621,	839,	8490,	1050,	95.06,	89.68,	89.44,	629,	0.0,	179,	87,	92,	0,	0.0,	0,	0,	0.0,	0,	0,	0,	0,	
45000,	1.896,	13064,	1147,	9437,	1342,	95.54,	90.58,	90.63,	699,	0.0,	199,	97,	102,	0,	0.0,	0,	0,	0.0,	0,	0,	0,	0,	
50000,	2.086,	12572,	995,	9934,	1499,	87.9,	73.48,	74.03,	811,	0.0,	231,	113,	118,	0,	0.0,	0,	0,	0.0,	0,	0,	0,	0,	
55000,	2.276,	15986,	1332,	11047,	1625,	90.64,	79.9,	80.15,	930,	0.0,	265,	130,	135,	0,	0.0,	0,	0,	0.0,	0,	0,	0,	0,	
60000,	2.512,	15484,	1186,	11615,	1715,	91.86,	82.67,	82.85,	1021,	0.0,	291,	143,	148,	0,	0.0,	0,	0,	0.0,	0,	0,	0,	0,	
65000,	2.693,	17857,	1550,	13606,	1977,	88.6,	76.78,	76.83,	1161,	0.0,	331,	163,	168,	0,	0.0,	0,	0,	0.0,	0,	0,	0,	0,	
70000,	2.853,	17394,	1404,	14232,	1970,	90.54,	80.7,	80.51,	1231,	0.0,	351,	173,	178,	0,	0.0,	0,	0,	0.0,	0,	0,	0,	0,	
75000,	3.077,	19802,	1720,	16281,	2187,	92.4,	84.47,	84.42,	1308,	0.0,	373,	184,	189,	0,	0.0,	0,	0,	0.0,	0,	0,	0,	0,	
80000,	3.27,	20736,	1776,	15322,	2166,	88.64,	71.54,	70.69,	1406,	0.0,	401,	198,	203,	0,	0.0,	0,	0,	0.0,	0,	0,	0,	0,	
85000,	3.43,	23356,	1861,	17436,	2337,	94.18,	84.88,	84.78,	1455,	0.0,	415,	205,	210,	0,	0.0,	0,	0,	0.0,	0,	0,	0,	0,	
90000,	3.658,	24346,	1880,	16476,	2298,	95.28,	87.55,	87.54,	1511,	0.0,	431,	213,	218,	0,	0.0,	0,	0,	0.0,	0,	0,	0,	0,	
95000,	3.827,	26630,	1977,	18701,	2682,	90.78,	78.06,	78.42,	1623,	0.0,	463,	229,	234,	0,	0.0,	0,	0,	0.0,	0,	0,	0,	0,	
100000,	3.997,	27591,	2013,	17836,	2560,	92.1,	81.59,	82.72,	1672,	0.0,	477,	236,	241,	0,	0.0,	0,	0,	0.0,	0,	0,	0,	0,	

100000,	3.997,	54221,	3990,	36537,	5242,	90.76,	80.93,	79.99,	1672,	0.0,	477,	236,	241,	0,	0.0,	0,	0,	0.0,	0,	0,	0,	0,	
Pool,	TP,	FN,	TN,	FP
1,	3381,	474,	2061,	753,	
2,	6662,	705,	4895,	1082,	
3,	14522,	1496,	3312,	636,	
4,	12282,	586,	12331,	1467,	
5,	17374,	729,	13938,	1304,	





OzaBoostHT-ProcessRBF
Speed Change:,	0.01,	Centroids:,	100,	DriftCentroid:	100
GracePeriod:,	200,	TieThreshold:,	0.05,	BinarySplit:,	false,	BaseClassifier:,	HT,	
EnsembleSize:,	5
Count,	Time,	TP,	FN,	TN,	FP,	Accu,	Kappa,	Kpa_t,	Mem,	Depth,	TSize,	DcNod,	ActLf,	InacLf,	Reset,	Alter,	Switch,	Prune,	ClOp0,	ClOp1,	ClOp2,	ClOp3
5000,	0.282,	1649,	550,	2401,	392,	81.12,	61.42,	61.26,	83,	0.0,	23,	9,	14,	0,	0.0,	0,	0,	0.0,	0,	0,	0,	0,	
10000,	0.483,	1873,	371,	2483,	273,	87.12,	73.86,	74.28,	146,	0.0,	41,	18,	23,	0,	0.0,	0,	0,	0.0,	0,	0,	0,	0,	
15000,	0.754,	3449,	913,	5004,	626,	88.06,	75.5,	75.56,	181,	0.0,	51,	23,	28,	0,	0.0,	0,	0,	0.0,	0,	0,	0,	0,	
20000,	0.964,	4524,	817,	4053,	606,	84.42,	67.33,	66.61,	279,	0.0,	79,	37,	42,	0,	0.0,	0,	0,	0.0,	0,	0,	0,	0,	
25000,	1.148,	6314,	1154,	6640,	884,	90.02,	78.76,	78.84,	370,	0.0,	105,	50,	55,	0,	0.0,	0,	0,	0.0,	0,	0,	0,	0,	
30000,	1.381,	7391,	984,	5802,	823,	92.32,	83.83,	83.98,	398,	0.0,	113,	54,	59,	0,	0.0,	0,	0,	0.0,	0,	0,	0,	0,	
35000,	1.571,	8642,	1395,	8712,	1243,	88.0,	75.95,	75.96,	517,	0.0,	147,	71,	76,	0,	0.0,	0,	0,	0.0,	0,	0,	0,	0,	
40000,	1.752,	9771,	1201,	7994,	1034,	91.44,	82.86,	82.76,	594,	0.0,	169,	82,	87,	0,	0.0,	0,	0,	0.0,	0,	0,	0,	0,	
45000,	1.973,	11035,	1568,	10944,	1445,	92.5,	84.98,	85.16,	643,	0.0,	183,	89,	94,	0,	0.0,	0,	0,	0.0,	0,	0,	0,	0,	
50000,	2.174,	11789,	1523,	10374,	1314,	87.96,	75.79,	75.6,	734,	0.0,	209,	102,	107,	0,	0.0,	0,	0,	0.0,	0,	0,	0,	0,	
55000,	2.365,	13156,	1786,	13317,	1733,	89.88,	79.71,	79.78,	797,	0.0,	227,	111,	116,	0,	0.0,	0,	0,	0.0,	0,	0,	0,	0,	
60000,	2.6,	13954,	1723,	12759,	1564,	91.0,	81.97,	81.79,	867,	0.0,	247,	121,	126,	0,	0.0,	0,	0,	0.0,	0,	0,	0,	0,	
65000,	2.784,	15377,	2012,	15608,	1995,	90.24,	80.48,	80.65,	923,	0.0,	263,	129,	134,	0,	0.0,	0,	0,	0.0,	0,	0,	0,	0,	
70000,	2.933,	16216,	1875,	15121,	1788,	92.48,	84.96,	85.03,	993,	0.0,	283,	139,	144,	0,	0.0,	0,	0,	0.0,	0,	0,	0,	0,	
75000,	3.201,	17690,	2125,	17987,	2190,	93.84,	87.68,	87.33,	1070,	0.0,	305,	150,	155,	0,	0.0,	0,	0,	0.0,	0,	0,	0,	0,	
80000,	3.383,	17953,	2204,	17713,	2130,	86.58,	72.35,	72.27,	1168,	0.0,	333,	164,	169,	0,	0.0,	0,	0,	0.0,	0,	0,	0,	0,	
85000,	3.573,	19554,	2350,	20651,	2437,	90.56,	80.62,	80.69,	1245,	0.0,	355,	175,	180,	0,	0.0,	0,	0,	0.0,	0,	0,	0,	0,	
90000,	3.816,	19812,	2422,	20391,	2375,	90.74,	80.97,	81.09,	1364,	0.0,	389,	192,	197,	0,	0.0,	0,	0,	0.0,	0,	0,	0,	0,	
95000,	3.988,	21056,	2565,	23737,	2634,	91.76,	81.69,	81.47,	1413,	0.0,	403,	199,	204,	0,	0.0,	0,	0,	0.0,	0,	0,	0,	0,	
100000,	4.158,	21263,	2595,	23575,	2567,	92.7,	83.41,	83.51,	1490,	0.0,	425,	210,	215,	0,	0.0,	0,	0,	0.0,	0,	0,	0,	0,	

100000,	4.158,	42319,	5160,	47312,	5201,	89.64,	79.22,	78.69,	1490,	0.0,	425,	210,	215,	0,	0.0,	0,	0,	0.0,	0,	0,	0,	0,	
Pool,	TP,	FN,	TN,	FP
1,	3780,	800,	1401,	678,	
2,	5810,	894,	5192,	1413,	
3,	11129,	2173,	6095,	597,	
4,	7814,	662,	16309,	1903,	
5,	13786,	631,	18315,	610,	





OzaBoostHT-ProcessRBF
Speed Change:,	0.1,	Centroids:,	100,	DriftCentroid:	100
GracePeriod:,	200,	TieThreshold:,	0.05,	BinarySplit:,	false,	BaseClassifier:,	HT,	
EnsembleSize:,	5
Count,	Time,	TP,	FN,	TN,	FP,	Accu,	Kappa,	Kpa_t,	Mem,	Depth,	TSize,	DcNod,	ActLf,	InacLf,	Reset,	Alter,	Switch,	Prune,	ClOp0,	ClOp1,	ClOp2,	ClOp3
5000,	0.291,	2653,	353,	1510,	480,	83.28,	64.74,	64.84,	90,	0.0,	25,	10,	15,	0,	0.0,	0,	0,	0.0,	0,	0,	0,	0,	
10000,	0.48,	2771,	244,	1723,	262,	89.88,	78.83,	79.1,	167,	0.0,	47,	21,	26,	0,	0.0,	0,	0,	0.0,	0,	0,	0,	0,	
15000,	0.711,	5424,	598,	3248,	726,	90.18,	79.48,	79.18,	216,	0.0,	61,	28,	33,	0,	0.0,	0,	0,	0.0,	0,	0,	0,	0,	
20000,	0.894,	3864,	554,	4990,	592,	87.2,	68.45,	69.08,	300,	0.0,	85,	40,	45,	0,	0.0,	0,	0,	0.0,	0,	0,	0,	0,	
25000,	1.063,	6584,	860,	6583,	969,	89.9,	75.09,	75.09,	377,	0.0,	107,	51,	56,	0,	0.0,	0,	0,	0.0,	0,	0,	0,	0,	
30000,	1.293,	4979,	834,	8412,	775,	90.74,	76.48,	76.95,	419,	0.0,	119,	57,	62,	0,	0.0,	0,	0,	0.0,	0,	0,	0,	0,	
35000,	1.467,	9621,	1214,	7955,	1206,	88.18,	73.43,	72.63,	510,	0.0,	145,	70,	75,	0,	0.0,	0,	0,	0.0,	0,	0,	0,	0,	
40000,	1.648,	8165,	1033,	9812,	990,	91.72,	81.02,	80.72,	629,	0.0,	179,	87,	92,	0,	0.0,	0,	0,	0.0,	0,	0,	0,	0,	
45000,	1.878,	12886,	1355,	9347,	1408,	93.14,	84.04,	83.74,	678,	0.0,	193,	94,	99,	0,	0.0,	0,	0,	0.0,	0,	0,	0,	0,	
50000,	2.065,	10930,	1206,	11674,	1190,	92.54,	84.58,	84.55,	790,	0.0,	225,	110,	115,	0,	0.0,	0,	0,	0.0,	0,	0,	0,	0,	
55000,	2.227,	15637,	1485,	11287,	1587,	93.82,	87.31,	87.39,	846,	0.0,	241,	118,	123,	0,	0.0,	0,	0,	0.0,	0,	0,	0,	0,	
60000,	2.447,	13749,	1329,	13579,	1343,	94.48,	88.58,	88.48,	937,	0.0,	267,	131,	136,	0,	0.0,	0,	0,	0.0,	0,	0,	0,	0,	
65000,	2.626,	18666,	1680,	12779,	1871,	90.42,	78.84,	79.65,	1042,	0.0,	297,	146,	151,	0,	0.0,	0,	0,	0.0,	0,	0,	0,	0,	
70000,	2.798,	16806,	1523,	15114,	1557,	91.84,	82.01,	81.33,	1112,	0.0,	317,	156,	161,	0,	0.0,	0,	0,	0.0,	0,	0,	0,	0,	
75000,	3.092,	21709,	1842,	14370,	2075,	92.68,	84.01,	83.71,	1182,	0.0,	337,	166,	171,	0,	0.0,	0,	0,	0.0,	0,	0,	0,	0,	
80000,	3.26,	19580,	1779,	16730,	1911,	87.8,	74.22,	74.76,	1259,	0.0,	359,	177,	182,	0,	0.0,	0,	0,	0.0,	0,	0,	0,	0,	
85000,	3.44,	24511,	2038,	16113,	2334,	90.9,	80.95,	80.84,	1336,	0.0,	381,	188,	193,	0,	0.0,	0,	0,	0.0,	0,	0,	0,	0,	
90000,	3.7,	22322,	2002,	18519,	2157,	90.62,	80.53,	79.94,	1406,	0.0,	401,	198,	203,	0,	0.0,	0,	0,	0.0,	0,	0,	0,	0,	
95000,	3.892,	26826,	2256,	18276,	2638,	89.56,	79.11,	78.71,	1490,	0.0,	425,	210,	215,	0,	0.0,	0,	0,	0.0,	0,	0,	0,	0,	
100000,	4.084,	24609,	2217,	20762,	2412,	90.6,	81.2,	80.92,	1609,	0.0,	459,	227,	232,	0,	0.0,	0,	0,	0.0,	0,	0,	0,	0,	

100000,	4.084,	51435,	4473,	39038,	5050,	90.47,	80.65,	79.19,	1609,	0.0,	459,	227,	232,	0,	0.0,	0,	0,	0.0,	0,	0,	0,	0,	
Pool,	TP,	FN,	TN,	FP
1,	2446,	676,	2378,	1168,	
2,	4678,	888,	5949,	1793,	
3,	10452,	920,	8123,	481,	
4,	19504,	1705,	5003,	471,	
5,	14355,	284,	17585,	1137,	





OzaBoostHT-ProcessRBF
Speed Change:,	1.0,	Centroids:,	100,	DriftCentroid:	100
GracePeriod:,	200,	TieThreshold:,	0.05,	BinarySplit:,	false,	BaseClassifier:,	HT,	
EnsembleSize:,	5
Count,	Time,	TP,	FN,	TN,	FP,	Accu,	Kappa,	Kpa_t,	Mem,	Depth,	TSize,	DcNod,	ActLf,	InacLf,	Reset,	Alter,	Switch,	Prune,	ClOp0,	ClOp1,	ClOp2,	ClOp3
5000,	0.304,	1943,	642,	1804,	606,	74.98,	49.92,	49.31,	90,	0.0,	25,	10,	15,	0,	0.0,	0,	0,	0.0,	0,	0,	0,	0,	
10000,	0.485,	2227,	383,	1953,	437,	83.6,	67.11,	67.29,	146,	0.0,	41,	18,	23,	0,	0.0,	0,	0,	0.0,	0,	0,	0,	0,	
15000,	0.767,	4277,	939,	3796,	983,	86.52,	72.92,	72.48,	244,	0.0,	69,	32,	37,	0,	0.0,	0,	0,	0.0,	0,	0,	0,	0,	
20000,	0.973,	4339,	733,	4154,	774,	86.26,	72.51,	72.89,	314,	0.0,	89,	42,	47,	0,	0.0,	0,	0,	0.0,	0,	0,	0,	0,	
25000,	1.139,	6491,	1187,	6027,	1290,	88.9,	77.8,	78.2,	398,	0.0,	113,	54,	59,	0,	0.0,	0,	0,	0.0,	0,	0,	0,	0,	
30000,	1.469,	6606,	977,	6370,	1047,	89.66,	79.32,	78.89,	454,	0.0,	129,	62,	67,	0,	0.0,	0,	0,	0.0,	0,	0,	0,	0,	
35000,	1.66,	8111,	1540,	8658,	1686,	85.02,	68.77,	68.32,	552,	0.0,	157,	76,	81,	0,	0.0,	0,	0,	0.0,	0,	0,	0,	0,	
40000,	1.86,	8367,	1165,	9178,	1290,	91.38,	81.97,	82.07,	622,	0.0,	177,	86,	91,	0,	0.0,	0,	0,	0.0,	0,	0,	0,	0,	
45000,	2.232,	9882,	1737,	11494,	1882,	92.14,	83.53,	83.96,	713,	0.0,	203,	99,	104,	0,	0.0,	0,	0,	0.0,	0,	0,	0,	0,	
50000,	2.432,	11571,	1509,	10343,	1577,	87.38,	69.73,	69.01,	853,	0.0,	243,	119,	124,	0,	0.0,	0,	0,	0.0,	0,	0,	0,	0,	
55000,	2.612,	13283,	1948,	12703,	2061,	92.2,	80.69,	80.35,	930,	0.0,	265,	130,	135,	0,	0.0,	0,	0,	0.0,	0,	0,	0,	0,	
60000,	2.954,	15043,	1636,	11573,	1748,	94.04,	85.08,	85.35,	1021,	0.0,	291,	143,	148,	0,	0.0,	0,	0,	0.0,	0,	0,	0,	0,	
65000,	3.145,	15155,	2099,	15345,	2396,	90.28,	80.12,	80.01,	1147,	0.0,	327,	161,	166,	0,	0.0,	0,	0,	0.0,	0,	0,	0,	0,	
70000,	3.321,	16868,	1757,	14419,	1956,	93.42,	86.27,	86.18,	1196,	0.0,	341,	168,	173,	0,	0.0,	0,	0,	0.0,	0,	0,	0,	0,	
75000,	3.624,	17047,	2215,	18202,	2531,	94.98,	89.57,	89.41,	1259,	0.0,	359,	177,	182,	0,	0.0,	0,	0,	0.0,	0,	0,	0,	0,	
80000,	3.814,	18403,	2047,	17274,	2276,	87.8,	73.77,	73.71,	1343,	0.0,	383,	189,	194,	0,	0.0,	0,	0,	0.0,	0,	0,	0,	0,	
85000,	3.986,	18657,	2426,	21236,	2676,	92.88,	84.51,	84.32,	1455,	0.0,	415,	205,	210,	0,	0.0,	0,	0,	0.0,	0,	0,	0,	0,	
90000,	4.229,	20006,	2229,	20358,	2407,	93.74,	86.28,	86.44,	1553,	0.0,	443,	219,	224,	0,	0.0,	0,	0,	0.0,	0,	0,	0,	0,	
95000,	4.459,	21460,	2741,	22890,	2904,	89.14,	77.07,	76.55,	1658,	0.0,	473,	234,	239,	0,	0.0,	0,	0,	0.0,	0,	0,	0,	0,	
100000,	4.627,	22886,	2396,	22173,	2545,	93.9,	87.22,	86.97,	1707,	0.0,	487,	241,	246,	0,	0.0,	0,	0,	0.0,	0,	0,	0,	0,	

100000,	4.627,	44346,	5137,	45063,	5449,	89.41,	78.82,	77.45,	1707,	0.0,	487,	241,	246,	0,	0.0,	0,	0,	0.0,	0,	0,	0,	0,	
Pool,	TP,	FN,	TN,	FP
1,	2850,	949,	1786,	1060,	
2,	8371,	1392,	2596,	973,	
3,	9744,	1138,	7298,	1854,	
4,	12435,	1181,	12072,	940,	
5,	10946,	477,	21311,	622,	





