OzaBagAdwin-ProcessRBF
Speed Change:,	0.0,	Centroids:,	100,	DriftCentroid:	100
GracePeriod:,	200,	TieThreshold:,	0.05,	BinarySplit:,	false,	BaseClassifier:,	HT,	
EnsembleSize:,	5
Count,	Time,	TP,	FN,	TN,	FP,	Accu,	Kappa,	Kpa_t,	Mem,	Depth,	TSize,	DcNod,	ActLf,	InacLf,	Reset,	Alter,	Switch,	Prune,	ClOp0,	ClOp1,	ClOp2,	ClOp3
5000,	0.326,	1334,	690,	2584,	389,	78.38,	54.06,	53.98,	90,	1.6,	25,	10,	15,	0,	0.0,	0,	0,	0.0,	2,	1,	0,	0,	
10000,	0.487,	1307,	663,	2872,	158,	83.58,	64.0,	65.05,	146,	2.6,	41,	18,	23,	0,	0.0,	0,	0,	0.0,	3,	2,	0,	0,	
15000,	0.722,	2818,	1139,	5459,	581,	87.18,	72.29,	72.58,	230,	4.0,	65,	30,	35,	0,	0.0,	0,	0,	0.0,	4,	4,	0,	0,	
20000,	0.938,	2879,	1346,	5275,	500,	79.5,	58.04,	58.47,	153,	2.6,	43,	19,	24,	0,	1.8,	0,	0,	0.0,	5,	1,	6,	0,	
25000,	1.122,	4384,	1827,	7999,	787,	82.12,	63.19,	63.79,	244,	4.0,	69,	32,	37,	0,	1.8,	0,	0,	0.0,	6,	3,	6,	0,	
30000,	1.374,	4715,	1833,	7712,	740,	85.46,	70.57,	70.44,	335,	5.0,	95,	45,	50,	0,	1.8,	0,	0,	0.0,	6,	4,	6,	0,	
35000,	1.586,	7612,	2056,	8829,	1500,	81.16,	51.65,	56.97,	160,	2.8,	45,	20,	25,	0,	2.6,	0,	0,	0.0,	6,	2,	7,	1,	
40000,	1.757,	8008,	1974,	8593,	1425,	83.48,	57.59,	61.38,	216,	4.2,	61,	28,	33,	0,	2.6,	0,	0,	0.0,	6,	3,	7,	1,	
45000,	1.975,	10895,	2192,	9826,	2084,	85.6,	63.95,	66.57,	279,	5.2,	79,	37,	42,	0,	2.6,	0,	0,	0.0,	6,	4,	7,	1,	
50000,	2.206,	9777,	2423,	10778,	2022,	79.08,	57.91,	58.96,	223,	3.6,	63,	29,	34,	0,	3.4,	0,	0,	0.0,	7,	1,	8,	1,	
55000,	2.376,	12919,	2428,	12130,	2520,	86.56,	73.08,	72.48,	279,	4.4,	79,	37,	42,	0,	3.4,	0,	0,	0.0,	7,	2,	8,	1,	
60000,	2.689,	11745,	2644,	13127,	2484,	86.34,	72.58,	72.28,	349,	4.8,	99,	47,	52,	0,	3.4,	0,	0,	0.0,	7,	3,	8,	1,	
65000,	2.92,	15035,	2793,	13994,	3175,	79.6,	59.24,	58.52,	174,	2.6,	49,	22,	27,	0,	4.8,	0,	0,	0.0,	4,	2,	9,	1,	
70000,	3.139,	14010,	2843,	15078,	3069,	84.32,	68.7,	69.53,	202,	3.0,	57,	26,	31,	0,	4.8,	0,	0,	0.0,	4,	2,	9,	1,	
75000,	3.402,	17259,	3019,	16100,	3619,	86.6,	73.24,	73.12,	293,	4.2,	83,	39,	44,	0,	4.8,	0,	0,	0.0,	5,	3,	9,	1,	
80000,	3.622,	16402,	3192,	16882,	3524,	83.92,	67.4,	67.0,	174,	3.0,	49,	22,	27,	0,	5.8,	0,	0,	0.0,	5,	2,	12,	2,	
85000,	3.824,	19643,	3355,	17983,	4016,	85.34,	70.39,	69.95,	265,	3.6,	75,	35,	40,	0,	5.8,	0,	0,	0.0,	5,	2,	12,	2,	
90000,	4.145,	18816,	3473,	18809,	3902,	86.82,	73.4,	72.91,	356,	4.8,	101,	48,	53,	0,	5.8,	0,	0,	0.0,	7,	4,	12,	2,	
95000,	4.317,	20353,	3849,	21433,	4362,	83.2,	52.04,	53.87,	349,	4.6,	99,	47,	52,	0,	7.2,	0,	0,	0.0,	7,	0,	12,	2,	
100000,	4.479,	19596,	3890,	22433,	4081,	88.08,	64.87,	66.83,	440,	5.8,	125,	60,	65,	0,	7.2,	0,	0,	0.0,	7,	2,	12,	2,	

100000,	4.479,	39949,	7739,	43866,	8443,	83.82,	67.58,	65.43,	440,	5.8,	125,	60,	65,	0,	7.2,	0,	0,	0.0,	7,	2,	12,	2,	
Pool,	TP,	FN,	TN,	FP
1,	3153,	1705,	904,	903,	
2,	3124,	1667,	5529,	2965,	
3,	9019,	1252,	7909,	1807,	
4,	5067,	2347,	16779,	2541,	
5,	19586,	768,	12745,	227,	





OzaBagAdwin-ProcessRBF
Speed Change:,	0.001,	Centroids:,	100,	DriftCentroid:	100
GracePeriod:,	200,	TieThreshold:,	0.05,	BinarySplit:,	false,	BaseClassifier:,	HT,	
EnsembleSize:,	5
Count,	Time,	TP,	FN,	TN,	FP,	Accu,	Kappa,	Kpa_t,	Mem,	Depth,	TSize,	DcNod,	ActLf,	InacLf,	Reset,	Alter,	Switch,	Prune,	ClOp0,	ClOp1,	ClOp2,	ClOp3
5000,	0.372,	1244,	721,	2694,	337,	78.8,	54.01,	54.93,	76,	1.6,	21,	8,	13,	0,	0.2,	0,	0,	0.0,	3,	0,	1,	0,	
10000,	0.61,	1144,	716,	3102,	38,	84.92,	65.13,	67.65,	139,	2.8,	39,	17,	22,	0,	0.2,	0,	0,	0.0,	4,	2,	1,	0,	
15000,	0.95,	2531,	1361,	5705,	399,	85.96,	68.61,	70.55,	230,	4.4,	65,	30,	35,	0,	0.2,	0,	0,	0.0,	5,	4,	1,	0,	
20000,	1.159,	3008,	1181,	5717,	94,	89.58,	78.83,	78.99,	251,	4.0,	71,	33,	38,	0,	1.4,	0,	0,	0.0,	6,	1,	4,	0,	
25000,	1.361,	4506,	1729,	8305,	456,	91.5,	82.8,	82.52,	342,	4.8,	97,	46,	51,	0,	1.4,	0,	0,	0.0,	6,	2,	4,	0,	
30000,	1.699,	5191,	1397,	8244,	168,	94.2,	88.35,	88.42,	440,	5.2,	125,	60,	65,	0,	1.4,	0,	0,	0.0,	7,	3,	4,	0,	
35000,	1.905,	6000,	2563,	10686,	747,	77.5,	54.1,	55.32,	167,	2.0,	47,	21,	26,	0,	3.2,	0,	0,	0.0,	6,	0,	5,	0,	
40000,	2.105,	6796,	2163,	10680,	361,	80.82,	61.08,	61.39,	216,	3.2,	61,	28,	33,	0,	3.2,	0,	0,	0.0,	6,	2,	5,	0,	
45000,	2.354,	7798,	3095,	13188,	915,	86.0,	71.59,	72.0,	300,	4.0,	85,	40,	45,	0,	3.2,	0,	0,	0.0,	6,	3,	5,	0,	
50000,	2.564,	8022,	2733,	13675,	570,	84.42,	64.6,	66.38,	146,	2.4,	41,	18,	23,	0,	4.6,	0,	0,	0.0,	5,	1,	7,	1,	
55000,	2.725,	9029,	3642,	16307,	1018,	87.0,	69.95,	71.29,	181,	2.8,	51,	23,	28,	0,	4.6,	0,	0,	0.0,	6,	2,	7,	1,	
60000,	3.039,	9404,	3225,	16721,	650,	88.56,	74.47,	76.01,	286,	4.6,	81,	38,	43,	0,	4.6,	0,	0,	0.0,	6,	4,	7,	1,	
65000,	3.26,	10079,	4239,	19494,	1184,	84.74,	63.0,	65.4,	195,	2.4,	55,	25,	30,	0,	5.8,	0,	0,	0.0,	5,	1,	10,	1,	
70000,	3.458,	10677,	3632,	19995,	696,	90.94,	78.56,	79.93,	272,	3.6,	77,	36,	41,	0,	5.8,	0,	0,	0.0,	6,	2,	10,	1,	
75000,	3.742,	11375,	4547,	22829,	1245,	92.62,	82.35,	83.01,	335,	4.8,	95,	45,	50,	0,	5.8,	0,	0,	0.0,	7,	3,	10,	1,	
80000,	3.954,	12211,	4121,	22924,	744,	89.26,	76.9,	76.69,	363,	4.4,	103,	49,	54,	0,	7.2,	0,	0,	0.0,	7,	2,	14,	1,	
85000,	4.128,	12949,	4986,	25756,	1305,	90.02,	78.6,	79.11,	433,	4.4,	123,	59,	64,	0,	7.2,	0,	0,	0.0,	7,	2,	14,	1,	
90000,	4.381,	13885,	4463,	25858,	794,	92.16,	83.32,	83.72,	489,	5.2,	139,	67,	72,	0,	7.2,	0,	0,	0.0,	7,	4,	14,	1,	
95000,	4.591,	13959,	5550,	29054,	1433,	86.16,	65.32,	67.28,	391,	3.8,	111,	53,	58,	0,	8.4,	0,	0,	0.0,	6,	1,	16,	1,	
100000,	4.767,	14962,	4904,	29244,	890,	89.26,	72.86,	74.6,	447,	4.4,	127,	61,	66,	0,	8.4,	0,	0,	0.0,	6,	2,	16,	1,	

100000,	4.767,	28921,	10454,	58298,	2323,	87.22,	72.23,	72.76,	447,	4.4,	127,	61,	66,	0,	8.4,	0,	0,	0.0,	6,	2,	16,	1,	
Pool,	TP,	FN,	TN,	FP
1,	1555,	2270,	2537,	304,	
2,	1937,	4028,	6886,	482,	
3,	1197,	1956,	16310,	520,	
4,	4100,	1218,	20371,	964,	
5,	20132,	982,	12194,	53,	





OzaBagAdwin-ProcessRBF
Speed Change:,	0.01,	Centroids:,	100,	DriftCentroid:	100
GracePeriod:,	200,	TieThreshold:,	0.05,	BinarySplit:,	false,	BaseClassifier:,	HT,	
EnsembleSize:,	5
Count,	Time,	TP,	FN,	TN,	FP,	Accu,	Kappa,	Kpa_t,	Mem,	Depth,	TSize,	DcNod,	ActLf,	InacLf,	Reset,	Alter,	Switch,	Prune,	ClOp0,	ClOp1,	ClOp2,	ClOp3
5000,	0.306,	2567,	513,	1505,	413,	81.44,	61.14,	60.73,	90,	1.8,	25,	10,	15,	0,	0.0,	0,	0,	0.0,	2,	1,	0,	0,	
10000,	0.482,	2893,	195,	1548,	364,	88.82,	75.93,	76.23,	209,	3.4,	59,	27,	32,	0,	0.0,	0,	0,	0.0,	4,	3,	0,	0,	
15000,	0.724,	5536,	656,	3162,	644,	92.52,	83.94,	83.82,	286,	4.2,	81,	38,	43,	0,	0.0,	0,	0,	0.0,	5,	4,	0,	0,	
20000,	0.915,	5926,	495,	2847,	732,	86.64,	69.63,	69.73,	251,	3.8,	71,	33,	38,	0,	0.8,	0,	0,	0.0,	6,	2,	3,	0,	
25000,	1.104,	8626,	873,	4547,	952,	89.5,	76.24,	76.35,	314,	4.8,	89,	42,	47,	0,	0.8,	0,	0,	0.0,	7,	2,	3,	0,	
30000,	1.394,	8991,	706,	4313,	990,	90.62,	79.1,	78.8,	363,	5.6,	103,	49,	54,	0,	0.8,	0,	0,	0.0,	7,	4,	3,	0,	
35000,	1.606,	11415,	1192,	6201,	1190,	88.86,	76.52,	76.64,	335,	4.8,	95,	45,	50,	0,	2.4,	0,	0,	0.0,	8,	1,	6,	0,	
40000,	1.814,	11680,	955,	6186,	1179,	91.24,	82.0,	82.05,	433,	6.2,	123,	59,	64,	0,	2.4,	0,	0,	0.0,	9,	3,	6,	0,	
45000,	2.074,	14132,	1416,	8075,	1375,	91.82,	83.16,	82.94,	510,	7.2,	145,	70,	75,	0,	2.4,	0,	0,	0.0,	10,	4,	6,	0,	
50000,	2.292,	14245,	1417,	8045,	1293,	88.48,	76.61,	75.64,	370,	4.6,	105,	50,	55,	0,	3.8,	0,	0,	0.0,	9,	1,	6,	0,	
55000,	2.46,	16896,	1704,	9838,	1560,	90.54,	80.3,	80.17,	475,	5.8,	135,	65,	70,	0,	3.8,	0,	0,	0.0,	9,	3,	6,	0,	
60000,	2.725,	17029,	1689,	9856,	1426,	91.9,	83.18,	82.3,	552,	6.4,	157,	76,	81,	0,	3.8,	0,	0,	0.0,	9,	5,	6,	0,	
65000,	2.954,	19082,	2302,	11780,	1834,	82.56,	65.18,	64.26,	160,	2.6,	45,	20,	25,	0,	5.4,	0,	0,	0.0,	5,	1,	10,	3,	
70000,	3.145,	19456,	1991,	11770,	1783,	86.82,	73.36,	73.81,	237,	3.8,	67,	31,	36,	0,	5.4,	0,	0,	0.0,	6,	2,	10,	3,	
75000,	3.425,	21598,	2540,	13719,	2141,	89.1,	77.91,	77.37,	349,	4.8,	99,	47,	52,	0,	5.4,	0,	0,	0.0,	6,	4,	10,	3,	
80000,	3.63,	22449,	2349,	13077,	2125,	86.0,	68.4,	68.33,	251,	3.6,	71,	33,	38,	0,	6.6,	0,	0,	0.0,	7,	2,	12,	3,	
85000,	3.821,	24828,	2688,	14981,	2501,	89.84,	76.01,	76.38,	293,	4.2,	83,	39,	44,	0,	6.6,	0,	0,	0.0,	7,	2,	12,	3,	
90000,	4.111,	25667,	2540,	14389,	2404,	90.6,	78.01,	78.68,	363,	5.2,	103,	49,	54,	0,	6.6,	0,	0,	0.0,	8,	4,	12,	3,	
95000,	4.327,	27325,	3037,	16942,	2694,	89.16,	78.09,	77.76,	307,	3.6,	87,	41,	46,	0,	7.6,	0,	0,	0.0,	8,	0,	16,	4,	
100000,	4.507,	28218,	2860,	16384,	2538,	90.92,	81.64,	80.94,	419,	5.2,	119,	57,	62,	0,	7.6,	0,	0,	0.0,	9,	2,	16,	4,	

100000,	4.507,	55543,	5897,	33326,	5232,	88.87,	76.58,	76.15,	419,	5.2,	119,	57,	62,	0,	7.6,	0,	0,	0.0,	9,	2,	16,	4,	
Pool,	TP,	FN,	TN,	FP
1,	1878,	1086,	2163,	1509,	
2,	4228,	1012,	6823,	1286,	
3,	7904,	2206,	8889,	1017,	
4,	12886,	1504,	11210,	1039,	
5,	28647,	89,	4241,	381,	





OzaBagAdwin-ProcessRBF
Speed Change:,	0.1,	Centroids:,	100,	DriftCentroid:	100
GracePeriod:,	200,	TieThreshold:,	0.05,	BinarySplit:,	false,	BaseClassifier:,	HT,	
EnsembleSize:,	5
Count,	Time,	TP,	FN,	TN,	FP,	Accu,	Kappa,	Kpa_t,	Mem,	Depth,	TSize,	DcNod,	ActLf,	InacLf,	Reset,	Alter,	Switch,	Prune,	ClOp0,	ClOp1,	ClOp2,	ClOp3
5000,	0.275,	2744,	536,	1030,	684,	75.58,	44.67,	46.0,	62,	1.2,	17,	6,	11,	0,	0.0,	0,	0,	0.0,	2,	1,	0,	0,	
10000,	0.441,	2903,	345,	1132,	620,	80.7,	56.02,	57.99,	153,	3.0,	43,	19,	24,	0,	0.0,	0,	0,	0.0,	4,	2,	0,	0,	
15000,	0.722,	5703,	869,	2250,	1172,	83.58,	62.67,	62.3,	244,	4.2,	69,	32,	37,	0,	0.0,	0,	0,	0.0,	5,	4,	0,	0,	
20000,	0.926,	4953,	901,	2945,	1201,	77.26,	54.42,	54.72,	160,	2.4,	45,	20,	25,	0,	1.0,	0,	0,	0.0,	5,	1,	3,	0,	
25000,	1.129,	7810,	1349,	4217,	1618,	81.48,	62.93,	62.92,	223,	3.2,	63,	29,	34,	0,	1.0,	0,	0,	0.0,	5,	2,	3,	0,	
30000,	1.371,	7091,	1372,	4960,	1577,	83.06,	66.11,	66.31,	279,	4.0,	79,	37,	42,	0,	1.0,	0,	0,	0.0,	6,	3,	3,	0,	
35000,	1.572,	8706,	1818,	7548,	1922,	84.54,	59.52,	60.7,	188,	2.4,	53,	24,	29,	0,	2.0,	0,	0,	0.0,	6,	0,	3,	0,	
40000,	1.753,	8167,	1675,	8308,	1850,	88.48,	70.98,	70.46,	265,	3.2,	75,	35,	40,	0,	2.0,	0,	0,	0.0,	6,	1,	3,	0,	
45000,	2.015,	9778,	2113,	10933,	2170,	89.14,	72.37,	72.8,	363,	4.2,	103,	49,	54,	0,	2.0,	0,	0,	0.0,	7,	3,	3,	0,	
50000,	2.215,	10234,	2223,	10252,	2291,	80.22,	60.43,	60.92,	195,	2.4,	55,	25,	30,	0,	3.2,	0,	0,	0.0,	5,	1,	7,	0,	
55000,	2.411,	12023,	2422,	12997,	2552,	86.18,	72.33,	72.33,	300,	3.8,	85,	40,	45,	0,	3.2,	0,	0,	0.0,	5,	3,	7,	0,	
60000,	2.653,	12635,	2474,	12297,	2594,	88.92,	77.73,	77.88,	377,	4.8,	107,	51,	56,	0,	3.2,	0,	0,	0.0,	6,	4,	7,	0,	
65000,	2.883,	13754,	3079,	15327,	2834,	81.22,	62.11,	62.41,	69,	1.4,	19,	7,	12,	0,	5.0,	0,	0,	0.0,	2,	1,	11,	1,	
70000,	3.094,	14403,	3064,	14822,	2711,	85.86,	71.32,	71.54,	153,	3.0,	43,	19,	24,	0,	5.0,	0,	0,	0.0,	4,	2,	11,	1,	
75000,	3.395,	15838,	3380,	17773,	3003,	90.6,	81.12,	81.14,	251,	4.2,	71,	33,	38,	0,	5.0,	0,	0,	0.0,	5,	4,	11,	1,	
80000,	3.627,	16655,	3961,	16215,	3169,	72.9,	44.58,	41.49,	188,	3.0,	53,	24,	29,	0,	5.6,	0,	0,	0.0,	5,	2,	11,	2,	
85000,	3.829,	18468,	3922,	19031,	3573,	77.76,	51.9,	52.42,	244,	4.0,	69,	32,	37,	0,	5.6,	0,	0,	0.0,	5,	3,	11,	2,	
90000,	4.093,	19478,	4311,	17481,	3730,	81.78,	59.73,	60.8,	279,	4.2,	79,	37,	42,	0,	5.6,	0,	0,	0.0,	5,	4,	11,	2,	
95000,	4.284,	21701,	4219,	19928,	4146,	82.6,	55.66,	57.91,	293,	4.0,	83,	39,	44,	0,	6.2,	0,	0,	0.0,	6,	1,	11,	2,	
100000,	4.469,	22748,	4516,	18557,	4179,	86.92,	67.7,	68.53,	363,	5.0,	103,	49,	54,	0,	6.2,	0,	0,	0.0,	7,	3,	11,	2,	

100000,	4.469,	44449,	8735,	38485,	8325,	82.94,	65.76,	63.15,	363,	5.0,	103,	49,	54,	0,	6.2,	0,	0,	0.0,	7,	3,	11,	2,	
Pool,	TP,	FN,	TN,	FP
1,	1496,	1684,	2149,	1332,	
2,	3666,	1580,	5520,	2557,	
3,	6007,	2262,	9621,	2117,	
4,	11243,	1946,	11683,	1765,	
5,	22037,	1263,	9512,	554,	





OzaBagAdwin-ProcessRBF
Speed Change:,	1.0,	Centroids:,	100,	DriftCentroid:	100
GracePeriod:,	200,	TieThreshold:,	0.05,	BinarySplit:,	false,	BaseClassifier:,	HT,	
EnsembleSize:,	5
Count,	Time,	TP,	FN,	TN,	FP,	Accu,	Kappa,	Kpa_t,	Mem,	Depth,	TSize,	DcNod,	ActLf,	InacLf,	Reset,	Alter,	Switch,	Prune,	ClOp0,	ClOp1,	ClOp2,	ClOp3
5000,	0.286,	3117,	279,	813,	787,	78.66,	46.48,	51.63,	83,	1.6,	23,	9,	14,	0,	0.2,	0,	0,	0.0,	2,	0,	1,	0,	
10000,	0.486,	3091,	217,	1069,	623,	83.2,	60.14,	62.53,	111,	2.0,	31,	13,	18,	0,	0.2,	0,	0,	0.0,	2,	2,	1,	0,	
15000,	0.725,	6363,	410,	1799,	1424,	84.64,	61.87,	65.99,	223,	3.8,	63,	29,	34,	0,	0.2,	0,	0,	0.0,	4,	3,	1,	0,	
20000,	0.945,	6358,	434,	1952,	1256,	83.0,	56.39,	59.02,	62,	1.2,	17,	6,	11,	0,	1.6,	0,	0,	0.0,	2,	1,	3,	1,	
25000,	1.135,	9581,	712,	2697,	2006,	82.32,	55.12,	55.93,	132,	2.2,	37,	16,	21,	0,	1.6,	0,	0,	0.0,	3,	2,	3,	1,	
30000,	1.387,	9697,	619,	2906,	1778,	85.86,	63.61,	65.73,	258,	4.0,	73,	34,	39,	0,	1.6,	0,	0,	0.0,	5,	3,	3,	1,	
35000,	1.607,	11787,	1024,	4658,	2527,	83.34,	66.66,	66.71,	195,	3.0,	55,	25,	30,	0,	2.4,	0,	0,	0.0,	6,	1,	4,	1,	
40000,	1.816,	11984,	869,	4983,	2164,	87.28,	74.53,	74.1,	258,	4.0,	73,	34,	39,	0,	2.4,	0,	0,	0.0,	6,	2,	4,	1,	
45000,	2.076,	14091,	1269,	6743,	2893,	87.78,	75.53,	75.7,	328,	5.0,	93,	44,	49,	0,	2.4,	0,	0,	0.0,	6,	4,	4,	1,	
50000,	2.308,	14139,	1311,	6915,	2635,	81.74,	63.41,	63.08,	132,	2.0,	37,	16,	21,	0,	3.6,	0,	0,	0.0,	5,	1,	7,	2,	
55000,	2.514,	16293,	1684,	8853,	3166,	86.24,	72.49,	72.53,	216,	3.0,	61,	28,	33,	0,	3.6,	0,	0,	0.0,	6,	2,	7,	2,	
60000,	2.796,	16390,	1668,	9050,	2892,	87.72,	75.44,	75.1,	321,	4.6,	91,	43,	48,	0,	3.6,	0,	0,	0.0,	7,	3,	7,	2,	
65000,	3.006,	18852,	2147,	10446,	3551,	83.04,	64.77,	63.67,	230,	2.6,	65,	30,	35,	0,	5.4,	0,	0,	0.0,	7,	1,	8,	2,	
70000,	3.209,	19114,	1991,	10631,	3264,	86.1,	70.67,	70.81,	272,	3.6,	77,	36,	41,	0,	5.4,	0,	0,	0.0,	7,	2,	8,	2,	
75000,	3.489,	21611,	2414,	12119,	3852,	88.64,	76.16,	76.09,	356,	4.8,	101,	48,	53,	0,	5.4,	0,	0,	0.0,	8,	4,	8,	2,	
80000,	3.702,	20742,	2636,	12844,	3778,	76.82,	53.03,	52.69,	125,	2.6,	35,	15,	20,	0,	6.6,	0,	0,	0.0,	5,	2,	10,	3,	
85000,	3.857,	23567,	2757,	14463,	4209,	86.0,	71.83,	72.11,	181,	3.8,	51,	23,	28,	0,	6.6,	0,	0,	0.0,	7,	2,	10,	3,	
90000,	4.077,	22759,	2947,	15205,	4089,	87.56,	75.0,	75.11,	265,	4.6,	75,	35,	40,	0,	6.6,	0,	0,	0.0,	7,	3,	10,	3,	
95000,	4.299,	25805,	3277,	16291,	4623,	81.32,	62.4,	62.95,	181,	2.8,	51,	23,	28,	0,	7.6,	0,	0,	0.0,	5,	1,	11,	5,	
100000,	4.509,	25163,	3265,	17185,	4387,	87.68,	75.18,	74.4,	251,	3.8,	71,	33,	38,	0,	7.6,	0,	0,	0.0,	6,	2,	11,	5,	

100000,	4.509,	50968,	6542,	33476,	9010,	84.45,	67.93,	67.08,	251,	3.8,	71,	33,	38,	0,	7.6,	0,	0,	0.0,	6,	2,	11,	5,	
Pool,	TP,	FN,	TN,	FP
1,	2569,	1339,	1545,	1228,	
2,	6206,	1524,	2797,	2813,	
3,	5530,	913,	10973,	2579,	
4,	13031,	1197,	10778,	1652,	
5,	23632,	1569,	7383,	738,	





