OzaBoostAdwin-ProcessRBF
Speed Change:,	0.0,	Centroids:,	100,	DriftCentroid:	100
GracePeriod:,	200,	TieThreshold:,	0.05,	BinarySplit:,	false,	BaseClassifier:,	HT,	
EnsembleSize:,	5
Count,	Time,	TP,	FN,	TN,	FP,	Accu,	Kappa,	Kpa_t,	Mem,	Depth,	TSize,	DcNod,	ActLf,	InacLf,	Reset,	Alter,	Switch,	Prune,	ClOp0,	ClOp1,	ClOp2,	ClOp3
5000,	0.571,	3161,	372,	845,	608,	80.36,	49.95,	53.19,	146,	2.0,	41,	18,	23,	0,	0.2,	0,	0,	0.0,	5,	0,	1,	0,	
10000,	0.853,	3437,	155,	1085,	323,	90.44,	75.48,	76.44,	216,	2.8,	61,	28,	33,	0,	0.2,	0,	0,	0.0,	5,	2,	1,	0,	
15000,	1.53,	6573,	510,	1944,	959,	90.22,	75.15,	76.58,	657,	4.6,	187,	91,	96,	0,	0.8,	0,	0,	0.0,	9,	0,	3,	0,	
20000,	1.866,	6080,	449,	2687,	784,	84.9,	68.45,	68.99,	1252,	5.4,	357,	176,	181,	0,	2.6,	0,	0,	0.0,	12,	0,	11,	0,	
25000,	2.033,	9224,	759,	3657,	1346,	87.28,	73.65,	73.99,	1378,	5.6,	393,	194,	199,	0,	3.6,	0,	0,	0.0,	12,	0,	16,	0,	
30000,	2.248,	8733,	712,	4461,	1094,	88.54,	76.35,	76.81,	1469,	6.0,	419,	207,	212,	0,	3.6,	0,	0,	0.0,	12,	0,	16,	0,	
35000,	2.892,	11557,	1052,	5600,	1777,	85.52,	70.88,	70.82,	2876,	6.2,	821,	408,	413,	0,	5.4,	0,	0,	0.0,	14,	0,	19,	0,	
40000,	3.084,	11124,	965,	6492,	1419,	88.44,	76.76,	76.46,	3156,	6.6,	901,	448,	453,	0,	6.2,	0,	0,	0.0,	15,	0,	23,	0,	
45000,	3.343,	13990,	1288,	7621,	2087,	89.08,	78.02,	78.09,	3310,	6.8,	945,	470,	475,	0,	6.4,	0,	0,	0.0,	15,	0,	24,	0,	
50000,	3.955,	14113,	1268,	7837,	1782,	86.68,	70.13,	70.78,	4451,	8.2,	1271,	633,	638,	0,	8.0,	0,	0,	0.0,	17,	2,	28,	0,	
55000,	4.22,	17085,	1487,	9033,	2381,	90.14,	77.76,	77.96,	4913,	8.6,	1403,	699,	704,	0,	8.0,	0,	0,	0.0,	17,	3,	28,	0,	
60000,	4.667,	17226,	1461,	9268,	2045,	90.88,	79.42,	79.56,	6033,	9.0,	1723,	859,	864,	0,	8.2,	0,	0,	0.0,	17,	2,	28,	0,	
65000,	5.124,	19656,	1630,	11072,	2628,	92.2,	84.22,	84.33,	7104,	9.4,	2029,	1012,	1017,	0,	8.4,	0,	0,	0.0,	17,	3,	28,	0,	
70000,	5.327,	19784,	1585,	11380,	2251,	93.4,	86.7,	86.78,	7342,	9.8,	2097,	1046,	1051,	0,	8.4,	0,	0,	0.0,	17,	3,	28,	0,	
75000,	5.579,	22395,	1740,	13037,	2814,	94.08,	87.87,	87.95,	6922,	7.6,	1977,	986,	991,	0,	8.6,	0,	0,	0.0,	17,	0,	29,	0,	
80000,	6.212,	22500,	1882,	12969,	2649,	86.1,	70.7,	71.09,	8630,	9.2,	2465,	1230,	1235,	0,	11.6,	0,	0,	0.0,	17,	0,	38,	0,	
85000,	6.632,	25162,	1974,	14740,	3110,	89.4,	77.8,	78.3,	9659,	9.4,	2759,	1377,	1382,	0,	11.6,	0,	0,	0.0,	18,	0,	38,	0,	
90000,	7.093,	25227,	2130,	14716,	2927,	89.48,	78.12,	77.95,	10709,	9.8,	3059,	1527,	1532,	0,	11.8,	0,	0,	0.0,	18,	0,	38,	0,	
95000,	8.116,	28431,	2211,	15985,	3359,	90.28,	76.7,	77.11,	14153,	9.2,	4043,	2019,	2024,	0,	13.4,	0,	0,	0.0,	19,	0,	38,	0,	
100000,	8.562,	28531,	2321,	15973,	3175,	91.22,	78.9,	78.77,	15609,	9.8,	4459,	2227,	2232,	0,	13.6,	0,	0,	0.0,	19,	0,	38,	0,	

100000,	8.562,	56962,	4532,	31958,	6534,	88.93,	76.39,	76.25,	15609,	9.8,	4459,	2227,	2232,	0,	13.6,	0,	0,	0.0,	19,	0,	38,	0,	
Pool,	TP,	FN,	TN,	FP
1,	1253,	228,	3991,	1218,	
2,	10618,	915,	1239,	588,	
3,	11462,	884,	5602,	2041,	
4,	15361,	1107,	9354,	826,	
5,	18268,	1398,	11772,	1861,	





OzaBoostAdwin-ProcessRBF
Speed Change:,	0.001,	Centroids:,	100,	DriftCentroid:	100
GracePeriod:,	200,	TieThreshold:,	0.05,	BinarySplit:,	false,	BaseClassifier:,	HT,	
EnsembleSize:,	5
Count,	Time,	TP,	FN,	TN,	FP,	Accu,	Kappa,	Kpa_t,	Mem,	Depth,	TSize,	DcNod,	ActLf,	InacLf,	Reset,	Alter,	Switch,	Prune,	ClOp0,	ClOp1,	ClOp2,	ClOp3
5000,	0.323,	2207,	391,	1904,	495,	82.22,	64.33,	64.97,	181,	2.2,	51,	23,	28,	0,	1.6,	0,	0,	0.0,	6,	0,	5,	0,	
10000,	0.533,	2407,	242,	2112,	239,	90.38,	80.69,	80.79,	265,	3.2,	75,	35,	40,	0,	1.6,	0,	0,	0.0,	7,	0,	5,	0,	
15000,	0.829,	4557,	613,	4109,	718,	91.1,	82.19,	82.6,	328,	4.0,	93,	44,	49,	0,	1.8,	0,	0,	0.0,	8,	0,	6,	0,	
20000,	1.208,	4764,	471,	4206,	559,	89.02,	77.99,	77.94,	1042,	6.0,	297,	146,	151,	0,	2.8,	0,	0,	0.0,	11,	1,	10,	0,	
25000,	1.411,	7021,	807,	6217,	952,	91.44,	82.79,	83.24,	1231,	6.6,	351,	173,	178,	0,	2.8,	0,	0,	0.0,	12,	2,	10,	0,	
30000,	1.666,	7175,	635,	6403,	787,	92.16,	84.29,	84.02,	1301,	6.8,	371,	183,	188,	0,	2.8,	0,	0,	0.0,	12,	3,	10,	0,	
35000,	2.143,	10495,	989,	7226,	1265,	90.02,	73.53,	75.32,	2302,	6.8,	657,	326,	331,	0,	4.4,	0,	0,	0.0,	13,	0,	16,	1,	
40000,	2.367,	10748,	791,	7423,	1038,	91.86,	77.99,	78.81,	2561,	7.4,	731,	363,	368,	0,	5.4,	0,	0,	0.0,	14,	0,	21,	1,	
45000,	2.634,	14086,	1133,	8297,	1459,	93.24,	81.88,	81.85,	2680,	7.6,	765,	380,	385,	0,	5.4,	0,	0,	0.0,	14,	0,	21,	1,	
50000,	3.052,	13933,	987,	8766,	1305,	90.64,	78.32,	78.35,	3653,	8.2,	1043,	519,	524,	0,	6.2,	0,	0,	0.0,	16,	1,	24,	1,	
55000,	3.45,	17260,	1302,	9697,	1716,	91.48,	80.51,	81.48,	4353,	8.4,	1243,	619,	624,	0,	7.4,	0,	0,	0.0,	17,	0,	28,	1,	
60000,	3.949,	17067,	1164,	10210,	1550,	91.56,	80.94,	81.11,	5886,	10.2,	1681,	838,	843,	0,	8.0,	0,	0,	0.0,	17,	0,	28,	1,	
65000,	4.609,	19369,	1560,	11974,	2072,	87.72,	75.42,	76.0,	8084,	11.2,	2309,	1152,	1157,	0,	10.4,	0,	0,	0.0,	20,	0,	28,	1,	
70000,	5.049,	19205,	1407,	12552,	1827,	89.6,	79.17,	78.96,	9316,	11.2,	2661,	1328,	1333,	0,	10.6,	0,	0,	0.0,	20,	0,	28,	1,	
75000,	5.535,	21561,	1777,	14283,	2354,	90.02,	80.03,	79.85,	10331,	11.2,	2951,	1473,	1478,	0,	10.8,	0,	0,	0.0,	20,	0,	28,	1,	
80000,	5.99,	21631,	1651,	14535,	2174,	88.18,	76.18,	76.09,	11780,	11.4,	3365,	1680,	1685,	0,	11.4,	0,	0,	0.0,	20,	0,	28,	1,	
85000,	6.36,	24020,	1988,	16370,	2597,	90.92,	81.74,	81.79,	12732,	11.6,	3637,	1816,	1821,	0,	11.6,	0,	0,	0.0,	20,	0,	28,	1,	
90000,	6.687,	24135,	1844,	16597,	2415,	91.32,	82.5,	82.51,	13103,	11.8,	3743,	1869,	1874,	0,	11.6,	0,	0,	0.0,	20,	0,	28,	1,	
95000,	7.353,	26983,	2407,	17705,	2880,	85.96,	68.61,	68.56,	15651,	12.0,	4471,	2233,	2238,	0,	13.0,	0,	0,	0.0,	21,	0,	32,	1,	
100000,	7.732,	27256,	2102,	17972,	2661,	89.92,	77.01,	77.43,	16911,	12.0,	4831,	2413,	2418,	0,	13.4,	0,	0,	0.0,	21,	0,	32,	1,	

100000,	7.732,	54239,	4509,	35677,	5541,	89.94,	79.16,	78.6,	16911,	12.0,	4831,	2413,	2418,	0,	13.4,	0,	0,	0.0,	21,	0,	32,	1,	
Pool,	TP,	FN,	TN,	FP
1,	3378,	421,	1993,	862,	
2,	6672,	1567,	3860,	1236,	
3,	9614,	827,	8787,	764,	
4,	10062,	667,	14069,	1865,	
5,	24513,	1027,	6968,	814,	





OzaBoostAdwin-ProcessRBF
Speed Change:,	0.01,	Centroids:,	100,	DriftCentroid:	100
GracePeriod:,	200,	TieThreshold:,	0.05,	BinarySplit:,	false,	BaseClassifier:,	HT,	
EnsembleSize:,	5
Count,	Time,	TP,	FN,	TN,	FP,	Accu,	Kappa,	Kpa_t,	Mem,	Depth,	TSize,	DcNod,	ActLf,	InacLf,	Reset,	Alter,	Switch,	Prune,	ClOp0,	ClOp1,	ClOp2,	ClOp3
5000,	0.284,	2683,	253,	1680,	378,	87.34,	73.63,	74.19,	125,	2.0,	35,	15,	20,	0,	0.8,	0,	0,	0.0,	4,	1,	2,	0,	
10000,	0.48,	2885,	147,	1747,	221,	92.64,	84.48,	84.5,	195,	3.0,	55,	25,	30,	0,	0.8,	0,	0,	0.0,	5,	2,	2,	0,	
15000,	0.912,	5573,	429,	3394,	598,	92.08,	83.23,	83.5,	832,	4.4,	237,	116,	121,	0,	1.4,	0,	0,	0.0,	10,	0,	4,	0,	
20000,	1.312,	6256,	394,	2842,	508,	89.32,	73.05,	73.42,	1896,	5.4,	541,	268,	273,	0,	3.6,	0,	0,	0.0,	13,	0,	13,	0,	
25000,	1.57,	9071,	596,	4540,	787,	92.88,	81.71,	82.18,	2337,	6.2,	667,	331,	336,	0,	3.6,	0,	0,	0.0,	14,	2,	13,	0,	
30000,	1.827,	9775,	508,	4044,	673,	94.42,	85.78,	85.48,	2561,	6.4,	731,	363,	368,	0,	3.6,	0,	0,	0.0,	14,	3,	13,	0,	
35000,	2.76,	12261,	790,	5726,	1129,	88.78,	72.9,	73.45,	5620,	10.6,	1605,	800,	805,	0,	7.6,	0,	0,	0.0,	16,	0,	13,	1,	
40000,	3.132,	13098,	687,	5269,	928,	91.18,	78.5,	78.79,	6684,	11.4,	1909,	952,	957,	0,	8.0,	0,	0,	0.0,	20,	0,	13,	3,	
45000,	3.506,	15529,	926,	7081,	1356,	92.68,	82.81,	83.19,	7475,	11.6,	2135,	1065,	1070,	0,	8.2,	0,	0,	0.0,	21,	0,	13,	4,	
50000,	3.932,	15400,	966,	7433,	1183,	89.32,	78.62,	78.71,	8581,	11.0,	2451,	1223,	1228,	0,	9.8,	0,	0,	0.0,	21,	0,	17,	4,	
55000,	4.172,	17874,	1137,	9346,	1535,	92.2,	84.4,	84.02,	8931,	11.0,	2551,	1273,	1278,	0,	9.8,	0,	0,	0.0,	21,	0,	17,	4,	
60000,	4.454,	17770,	1160,	9710,	1342,	92.94,	85.88,	85.54,	9211,	11.2,	2631,	1313,	1318,	0,	9.8,	0,	0,	0.0,	21,	0,	17,	4,	
65000,	5.055,	20991,	1322,	10732,	1847,	90.06,	77.39,	77.73,	9953,	11.4,	2843,	1419,	1424,	0,	10.6,	0,	0,	0.0,	21,	0,	17,	4,	
70000,	5.482,	20932,	1342,	11113,	1595,	91.3,	80.15,	80.74,	11206,	12.0,	3201,	1598,	1603,	0,	10.8,	0,	0,	0.0,	22,	0,	17,	4,	
75000,	5.856,	24198,	1488,	12129,	2077,	92.08,	81.76,	81.88,	11766,	12.0,	3361,	1678,	1683,	0,	10.8,	0,	0,	0.0,	22,	0,	17,	4,	
80000,	7.427,	22408,	1549,	13948,	1993,	86.8,	71.67,	71.76,	16477,	13.8,	4707,	2351,	2356,	0,	14.2,	0,	0,	0.0,	23,	0,	18,	6,	
85000,	8.56,	25658,	1674,	15165,	2373,	90.08,	78.03,	77.7,	18514,	14.2,	5289,	2642,	2647,	0,	15.0,	0,	0,	0.0,	24,	0,	18,	10,	
90000,	9.223,	23874,	1739,	17012,	2262,	90.74,	79.41,	78.95,	19921,	14.2,	5691,	2843,	2848,	0,	15.4,	0,	0,	0.0,	24,	0,	18,	12,	
95000,	10.302,	28585,	2093,	16554,	2598,	86.84,	70.83,	70.27,	23092,	14.4,	6597,	3296,	3301,	0,	16.8,	0,	0,	0.0,	25,	0,	19,	14,	
100000,	10.917,	26866,	2067,	18433,	2500,	88.54,	74.49,	74.07,	24534,	15.0,	7009,	3502,	3507,	0,	17.2,	0,	0,	0.0,	25,	2,	19,	16,	

100000,	10.917,	55451,	4160,	34987,	5098,	90.61,	80.38,	79.03,	24534,	15.0,	7009,	3502,	3507,	0,	17.2,	0,	0,	0.0,	25,	2,	19,	16,	
Pool,	TP,	FN,	TN,	FP
1,	4520,	1035,	767,	300,	
2,	8252,	578,	3869,	597,	
3,	11293,	908,	6838,	861,	
4,	11823,	683,	12248,	1834,	
5,	19563,	956,	11265,	1506,	





OzaBoostAdwin-ProcessRBF
Speed Change:,	0.1,	Centroids:,	100,	DriftCentroid:	100
GracePeriod:,	200,	TieThreshold:,	0.05,	BinarySplit:,	false,	BaseClassifier:,	HT,	
EnsembleSize:,	5
Count,	Time,	TP,	FN,	TN,	FP,	Accu,	Kappa,	Kpa_t,	Mem,	Depth,	TSize,	DcNod,	ActLf,	InacLf,	Reset,	Alter,	Switch,	Prune,	ClOp0,	ClOp1,	ClOp2,	ClOp3
5000,	0.26,	2032,	436,	2112,	415,	82.94,	65.87,	66.61,	167,	2.2,	47,	21,	26,	0,	1.0,	0,	0,	0.0,	7,	0,	4,	0,	
10000,	0.523,	2013,	362,	2281,	344,	85.88,	71.68,	71.2,	657,	4.0,	187,	91,	96,	0,	2.0,	0,	0,	0.0,	11,	1,	7,	0,	
15000,	0.843,	4194,	711,	4403,	687,	89.06,	78.11,	77.99,	1021,	4.4,	291,	143,	148,	0,	2.4,	0,	0,	0.0,	13,	0,	8,	0,	
20000,	1.241,	3447,	737,	5070,	746,	84.46,	66.46,	65.8,	2197,	5.8,	627,	311,	316,	0,	4.2,	0,	0,	0.0,	15,	0,	12,	0,	
25000,	1.474,	5608,	1047,	7315,	1025,	86.52,	70.39,	70.15,	2400,	5.8,	685,	340,	345,	0,	4.8,	0,	0,	0.0,	16,	0,	15,	0,	
30000,	1.747,	4812,	1064,	8073,	1051,	87.36,	71.68,	71.67,	2561,	6.0,	731,	363,	368,	0,	5.8,	0,	0,	0.0,	16,	0,	20,	0,	
35000,	1.959,	6912,	1357,	10377,	1349,	87.32,	71.06,	70.55,	2785,	6.6,	795,	395,	400,	0,	8.0,	0,	0,	0.0,	16,	0,	31,	0,	
40000,	2.148,	6201,	1340,	11202,	1257,	90.36,	78.07,	78.47,	2876,	6.8,	821,	408,	413,	0,	8.0,	0,	0,	0.0,	16,	0,	31,	0,	
45000,	2.408,	8357,	1590,	13502,	1546,	91.4,	80.61,	80.52,	2953,	7.0,	843,	419,	424,	0,	8.0,	0,	0,	0.0,	16,	0,	31,	0,	
50000,	2.593,	7704,	1674,	14118,	1504,	88.38,	74.75,	75.57,	3079,	7.4,	879,	437,	442,	0,	9.6,	0,	0,	0.0,	16,	0,	39,	0,	
55000,	2.759,	9935,	1827,	16485,	1748,	91.22,	80.94,	81.15,	3163,	7.6,	903,	449,	454,	0,	9.6,	0,	0,	0.0,	16,	0,	39,	0,	
60000,	2.984,	9296,	1928,	17095,	1681,	91.38,	81.33,	81.5,	3184,	7.6,	909,	452,	457,	0,	9.6,	0,	0,	0.0,	16,	0,	39,	0,	
65000,	3.191,	11474,	2126,	19346,	2049,	88.0,	74.2,	74.37,	3261,	7.6,	931,	463,	468,	0,	11.8,	0,	0,	0.0,	16,	0,	50,	0,	
70000,	3.377,	10915,	2175,	20017,	1893,	90.82,	80.3,	80.21,	3338,	7.8,	953,	474,	479,	0,	11.8,	0,	0,	0.0,	16,	0,	50,	0,	
75000,	3.624,	13109,	2390,	22250,	2246,	90.78,	80.29,	80.35,	3380,	8.0,	965,	480,	485,	0,	12.0,	0,	0,	0.0,	16,	0,	51,	0,	
80000,	4.322,	12771,	2483,	22567,	2170,	88.14,	75.82,	75.59,	5067,	8.6,	1447,	721,	726,	0,	13.4,	0,	0,	0.0,	16,	0,	56,	0,	
85000,	4.563,	15045,	2623,	24804,	2523,	89.8,	79.29,	79.29,	5592,	9.0,	1597,	796,	801,	0,	13.6,	0,	0,	0.0,	16,	0,	57,	0,	
90000,	4.862,	14718,	2678,	25183,	2412,	91.26,	82.21,	81.83,	5886,	9.4,	1681,	838,	843,	0,	14.0,	0,	0,	0.0,	16,	0,	59,	0,	
95000,	5.074,	17072,	2912,	27124,	2887,	86.94,	73.8,	74.14,	6047,	9.6,	1727,	861,	866,	0,	17.2,	0,	0,	0.0,	16,	0,	75,	0,	
100000,	5.248,	16736,	2918,	27632,	2705,	89.34,	78.52,	78.24,	6222,	9.6,	1777,	886,	891,	0,	17.2,	0,	0,	0.0,	16,	0,	75,	0,	

100000,	5.248,	33808,	5830,	54756,	5592,	88.57,	76.09,	75.76,	6222,	9.6,	1777,	886,	891,	0,	17.2,	0,	0,	0.0,	16,	0,	75,	0,	
Pool,	TP,	FN,	TN,	FP
1,	2085,	994,	2805,	778,	
2,	5742,	1507,	5405,	675,	
3,	8040,	1673,	9219,	1074,	
4,	8176,	1067,	15822,	1568,	
5,	9765,	589,	21505,	1497,	





OzaBoostAdwin-ProcessRBF
Speed Change:,	1.0,	Centroids:,	100,	DriftCentroid:	100
GracePeriod:,	200,	TieThreshold:,	0.05,	BinarySplit:,	false,	BaseClassifier:,	HT,	
EnsembleSize:,	5
Count,	Time,	TP,	FN,	TN,	FP,	Accu,	Kappa,	Kpa_t,	Mem,	Depth,	TSize,	DcNod,	ActLf,	InacLf,	Reset,	Alter,	Switch,	Prune,	ClOp0,	ClOp1,	ClOp2,	ClOp3
5000,	0.334,	1198,	392,	3064,	332,	85.34,	65.97,	66.88,	384,	4.2,	109,	52,	57,	0,	0.8,	0,	0,	0.0,	8,	0,	3,	0,	
10000,	0.553,	1334,	221,	3195,	250,	90.58,	78.13,	77.89,	748,	5.4,	213,	104,	109,	0,	1.2,	0,	0,	0.0,	11,	0,	3,	0,	
15000,	1.027,	2509,	646,	6287,	544,	90.68,	78.18,	77.82,	1791,	7.4,	511,	253,	258,	0,	2.2,	0,	0,	0.0,	16,	0,	5,	0,	
20000,	1.372,	2672,	656,	6015,	641,	83.2,	63.18,	63.01,	2211,	7.6,	631,	313,	318,	0,	5.4,	0,	0,	0.0,	16,	0,	18,	2,	
25000,	1.549,	3921,	1027,	9154,	884,	85.58,	68.49,	68.49,	2330,	8.0,	665,	330,	335,	0,	5.6,	0,	0,	0.0,	16,	0,	19,	2,	
30000,	1.752,	4138,	1012,	8928,	906,	87.58,	72.9,	72.8,	2358,	8.2,	673,	334,	339,	0,	6.0,	0,	0,	0.0,	16,	0,	21,	2,	
35000,	2.522,	5022,	1462,	12236,	1257,	83.68,	61.31,	61.6,	4766,	9.4,	1361,	678,	683,	0,	8.6,	0,	0,	0.0,	16,	0,	23,	2,	
40000,	2.931,	5345,	1343,	12148,	1148,	88.54,	72.69,	73.47,	6166,	10.2,	1761,	878,	883,	0,	9.2,	0,	0,	0.0,	18,	0,	23,	2,	
45000,	3.468,	6326,	1774,	15359,	1518,	88.54,	73.6,	73.55,	6992,	10.6,	1997,	996,	1001,	0,	9.4,	0,	0,	0.0,	19,	0,	23,	2,	
50000,	3.937,	7183,	1729,	14583,	1489,	85.46,	70.5,	70.08,	8511,	11.0,	2431,	1213,	1218,	0,	10.8,	0,	0,	0.0,	19,	0,	24,	2,	
55000,	4.182,	8336,	2035,	17878,	1728,	90.58,	80.96,	81.15,	8861,	11.2,	2531,	1263,	1268,	0,	10.8,	0,	0,	0.0,	19,	0,	24,	2,	
60000,	4.574,	9159,	1971,	17180,	1674,	91.46,	82.66,	82.66,	9729,	11.2,	2779,	1387,	1392,	0,	11.0,	0,	0,	0.0,	19,	0,	24,	2,	
65000,	5.553,	9573,	2392,	20958,	2053,	86.36,	68.45,	68.74,	9449,	11.0,	2699,	1347,	1352,	0,	13.2,	0,	0,	0.0,	19,	0,	25,	2,	
70000,	6.077,	10456,	2195,	20451,	1882,	91.36,	79.54,	79.35,	11059,	11.6,	3159,	1577,	1582,	0,	14.0,	0,	0,	0.0,	19,	0,	25,	2,	
75000,	6.538,	10936,	2613,	24204,	2223,	92.18,	81.8,	81.71,	11850,	12.4,	3385,	1690,	1695,	0,	14.2,	0,	0,	0.0,	19,	2,	25,	2,	
80000,	7.386,	13022,	2613,	22013,	2327,	82.66,	63.83,	65.25,	6033,	9.2,	1723,	859,	864,	0,	17.8,	0,	0,	0.0,	19,	0,	38,	4,	
85000,	7.821,	13574,	2906,	25971,	2525,	88.1,	75.46,	75.7,	7643,	10.2,	2183,	1089,	1094,	0,	18.2,	0,	0,	0.0,	19,	0,	38,	4,	
90000,	8.203,	15720,	2881,	23789,	2585,	89.48,	78.22,	78.46,	8511,	10.6,	2431,	1213,	1218,	0,	18.2,	0,	0,	0.0,	19,	0,	38,	4,	
95000,	8.69,	15147,	3198,	28788,	2843,	87.8,	74.01,	74.4,	10247,	11.4,	2927,	1461,	1466,	0,	19.4,	0,	0,	0.0,	19,	0,	38,	4,	
100000,	9.04,	17386,	3127,	26704,	2758,	91.62,	82.14,	82.26,	11108,	11.6,	3173,	1584,	1589,	0,	19.6,	0,	0,	0.0,	19,	0,	38,	4,	

100000,	9.04,	32533,	6325,	55492,	5601,	88.04,	74.76,	73.81,	11108,	11.6,	3173,	1584,	1589,	0,	19.6,	0,	0,	0.0,	19,	0,	38,	4,	
Pool,	TP,	FN,	TN,	FP
1,	3767,	1689,	884,	337,	
2,	5598,	1489,	5080,	1179,	
3,	7514,	1801,	9029,	1609,	
4,	9761,	1154,	14624,	1136,	
5,	5893,	192,	25875,	1340,	





