OzaBagAdaHT-ProcessRBF
Speed Change:,	0.0,	Centroids:,	100,	DriftCentroid:	100
GracePeriod:,	200,	TieThreshold:,	0.05,	BinarySplit:,	false,	BaseClassifier:,	HT,	
EnsembleSize:,	5
Count,	Time,	TP,	FN,	TN,	FP,	Accu,	Kappa,	Kpa_t,	Mem,	Depth,	TSize,	DcNod,	ActLf,	InacLf,	Reset,	Alter,	Switch,	Prune,	ClOp0,	ClOp1,	ClOp2,	ClOp3
5000,	0.567,	1001,	806,	2919,	272,	78.4,	50.01,	52.34,	124,	2.0,	27,	11,	16,	0,	0.0,	0,	0,	0.0,	2,	2,	0,	0,	
10000,	0.963,	1362,	474,	3008,	156,	87.4,	71.86,	72.51,	322,	4.2,	71,	33,	38,	0,	0.0,	0,	0,	0.0,	5,	4,	0,	0,	
15000,	1.449,	2505,	1110,	5915,	468,	90.0,	78.06,	77.92,	439,	5.0,	97,	46,	51,	0,	0.0,	0,	0,	0.0,	6,	4,	0,	0,	
20000,	2.177,	3238,	946,	5422,	394,	85.8,	71.33,	70.72,	298,	3.6,	111,	68,	43,	0,	0.0,	0,	0,	0.0,	6,	2,	0,	0,	
25000,	2.604,	4581,	1366,	8256,	795,	88.34,	76.62,	76.81,	358,	4.4,	139,	82,	57,	0,	0.0,	0,	0,	0.0,	6,	3,	0,	0,	
30000,	3.102,	5265,	1157,	7964,	614,	91.38,	82.58,	82.69,	502,	5.4,	171,	98,	73,	0,	0.0,	0,	0,	0.0,	7,	4,	0,	0,	
35000,	3.622,	6989,	1653,	10175,	1181,	86.54,	72.83,	72.45,	567,	5.0,	211,	118,	93,	0,	0.0,	0,	0,	0.0,	7,	2,	0,	0,	
40000,	3.956,	7886,	1298,	9890,	926,	90.94,	81.55,	81.71,	700,	5.6,	255,	140,	115,	0,	0.0,	0,	0,	0.0,	8,	4,	0,	0,	
45000,	4.45,	9503,	1794,	12258,	1443,	91.94,	83.77,	83.8,	817,	5.8,	281,	153,	128,	0,	0.0,	0,	0,	0.0,	8,	4,	0,	0,	
50000,	5.046,	10241,	1548,	11805,	1406,	85.4,	70.64,	70.41,	599,	4.8,	283,	174,	109,	0,	0.0,	0,	0,	0.0,	9,	2,	0,	0,	
55000,	5.382,	11838,	2115,	14316,	1729,	87.86,	75.65,	75.41,	629,	5.2,	317,	191,	126,	0,	0.0,	0,	0,	0.0,	9,	3,	0,	0,	
60000,	5.746,	12613,	1861,	13848,	1678,	88.3,	76.5,	76.51,	707,	5.8,	342,	208,	134,	0,	0.0,	0,	0,	0.0,	9,	4,	0,	0,	
65000,	6.142,	14679,	2402,	15815,	2102,	86.8,	71.56,	71.29,	794,	5.6,	375,	229,	146,	0,	0.0,	0,	0,	0.0,	9,	2,	0,	0,	
70000,	6.476,	15475,	2057,	15399,	2069,	88.26,	74.83,	74.98,	713,	6.0,	381,	242,	139,	0,	0.0,	0,	0,	0.0,	10,	4,	0,	0,	
75000,	6.856,	17592,	2650,	17348,	2408,	88.92,	76.02,	75.62,	869,	6.2,	415,	259,	156,	0,	0.0,	0,	0,	0.0,	10,	4,	0,	0,	
80000,	7.26,	17974,	2278,	17324,	2424,	88.48,	76.67,	77.38,	1006,	6.8,	456,	286,	170,	0,	0.0,	0,	0,	0.0,	10,	5,	0,	0,	
85000,	7.646,	20157,	2842,	19350,	2649,	91.34,	82.46,	82.71,	1155,	6.8,	490,	303,	187,	0,	0.0,	0,	0,	0.0,	10,	5,	0,	0,	
90000,	8.083,	20547,	2447,	19382,	2624,	92.62,	85.08,	85.12,	1286,	6.8,	530,	323,	207,	0,	0.0,	0,	0,	0.0,	10,	5,	0,	0,	
95000,	8.574,	22344,	3005,	21682,	2967,	90.38,	80.76,	80.71,	1184,	6.6,	578,	347,	231,	0,	0.0,	0,	0,	0.0,	10,	3,	0,	0,	
100000,	8.939,	22824,	2548,	21736,	2892,	92.62,	85.25,	85.46,	1165,	7.0,	616,	366,	250,	0,	0.0,	0,	0,	0.0,	10,	4,	0,	0,	

100000,	8.939,	45168,	5553,	43418,	5859,	88.59,	77.17,	76.5,	1165,	7.0,	616,	366,	250,	0,	0.0,	0,	0,	0.0,	10,	4,	0,	0,	
Pool,	TP,	FN,	TN,	FP
1,	1161,	970,	2696,	1841,	
2,	6290,	1348,	4358,	1351,	
3,	6680,	1298,	11269,	746,	
4,	17361,	1282,	7227,	791,	
5,	13676,	655,	17868,	1130,	





OzaBagAdaHT-ProcessRBF
Speed Change:,	0.001,	Centroids:,	100,	DriftCentroid:	100
GracePeriod:,	200,	TieThreshold:,	0.05,	BinarySplit:,	false,	BaseClassifier:,	HT,	
EnsembleSize:,	5
Count,	Time,	TP,	FN,	TN,	FP,	Accu,	Kappa,	Kpa_t,	Mem,	Depth,	TSize,	DcNod,	ActLf,	InacLf,	Reset,	Alter,	Switch,	Prune,	ClOp0,	ClOp1,	ClOp2,	ClOp3
5000,	0.311,	1571,	623,	2355,	447,	78.58,	56.14,	56.45,	142,	2.2,	31,	13,	18,	0,	0.0,	0,	0,	0.0,	3,	2,	0,	0,	
10000,	0.58,	1792,	405,	2454,	349,	84.92,	69.31,	69.15,	277,	4.2,	61,	28,	33,	0,	0.0,	0,	0,	0.0,	5,	3,	0,	0,	
15000,	0.962,	3467,	930,	4948,	651,	89.78,	79.16,	78.71,	439,	5.4,	97,	46,	51,	0,	0.0,	0,	0,	0.0,	6,	5,	0,	0,	
20000,	1.331,	3893,	821,	4722,	564,	87.38,	74.77,	75.01,	603,	6.0,	133,	64,	69,	0,	0.0,	0,	0,	0.0,	7,	5,	0,	0,	
25000,	1.704,	5773,	1184,	7163,	876,	90.42,	80.83,	81.05,	650,	6.4,	167,	81,	86,	0,	0.0,	0,	0,	0.0,	7,	5,	0,	0,	
30000,	2.165,	6182,	1048,	7033,	737,	92.0,	84.0,	84.06,	871,	7.0,	217,	106,	111,	0,	0.0,	0,	0,	0.0,	8,	5,	0,	0,	
35000,	2.647,	7514,	1437,	9883,	1162,	89.22,	77.59,	77.26,	1052,	7.6,	246,	123,	123,	0,	0.0,	0,	0,	0.0,	8,	6,	0,	0,	
40000,	3.027,	7927,	1236,	9924,	913,	92.72,	84.63,	84.69,	1161,	8.2,	271,	138,	133,	0,	0.0,	0,	0,	0.0,	10,	6,	0,	0,	
45000,	3.498,	9306,	1634,	12800,	1256,	94.18,	87.74,	87.9,	1348,	9.2,	313,	159,	154,	0,	0.0,	0,	0,	0.0,	11,	7,	0,	0,	
50000,	4.019,	9800,	1572,	12485,	1143,	88.68,	76.93,	77.09,	1238,	7.2,	357,	181,	176,	0,	0.0,	0,	0,	0.0,	9,	6,	0,	0,	
55000,	4.394,	11310,	1887,	15359,	1440,	91.26,	82.31,	82.55,	1241,	7.6,	386,	198,	188,	0,	0.0,	0,	0,	0.0,	9,	7,	0,	0,	
60000,	4.798,	11827,	1819,	15025,	1329,	91.34,	82.5,	82.78,	1305,	7.8,	410,	210,	200,	0,	0.0,	0,	0,	0.0,	9,	7,	0,	0,	
65000,	5.198,	13240,	2093,	18032,	1631,	92.06,	83.76,	83.99,	1414,	7.8,	454,	237,	217,	0,	0.0,	0,	0,	0.0,	9,	7,	0,	0,	
70000,	5.542,	13803,	2000,	17776,	1421,	94.54,	88.81,	89.13,	1553,	7.8,	488,	254,	234,	0,	0.0,	0,	0,	0.0,	9,	7,	0,	0,	
75000,	5.938,	15232,	2242,	20809,	1713,	95.38,	90.53,	90.62,	1649,	8.0,	524,	272,	252,	0,	0.0,	0,	0,	0.0,	9,	7,	0,	0,	
80000,	6.615,	16280,	2359,	19771,	1590,	89.44,	78.71,	78.53,	1649,	8.6,	538,	303,	235,	0,	0.0,	0,	0,	0.0,	10,	7,	0,	0,	
85000,	7.026,	17960,	2425,	22776,	1835,	93.9,	87.51,	87.1,	1633,	8.4,	592,	330,	262,	0,	0.0,	0,	0,	0.0,	9,	8,	0,	0,	
90000,	7.436,	18979,	2534,	21801,	1686,	94.58,	88.96,	88.83,	1563,	8.4,	612,	344,	268,	0,	0.0,	0,	0,	0.0,	10,	7,	0,	0,	
95000,	7.765,	19452,	2812,	25739,	1993,	89.1,	76.19,	76.64,	720,	4.8,	652,	364,	288,	0,	0.0,	0,	0,	0.0,	10,	1,	0,	0,	
100000,	8.027,	20459,	2940,	24765,	1836,	88.88,	75.68,	76.68,	795,	5.2,	680,	378,	302,	0,	0.0,	0,	0,	0.0,	10,	2,	0,	0,	

100000,	8.027,	39911,	5752,	50504,	3829,	90.42,	80.63,	80.42,	795,	5.2,	680,	378,	302,	0,	0.0,	0,	0,	0.0,	10,	2,	0,	0,	
Pool,	TP,	FN,	TN,	FP
1,	2178,	1271,	2589,	635,	
2,	4330,	898,	7063,	1012,	
3,	10108,	1621,	7764,	532,	
4,	12554,	1214,	12171,	718,	
5,	10741,	748,	20917,	932,	





OzaBagAdaHT-ProcessRBF
Speed Change:,	0.01,	Centroids:,	100,	DriftCentroid:	100
GracePeriod:,	200,	TieThreshold:,	0.05,	BinarySplit:,	false,	BaseClassifier:,	HT,	
EnsembleSize:,	5
Count,	Time,	TP,	FN,	TN,	FP,	Accu,	Kappa,	Kpa_t,	Mem,	Depth,	TSize,	DcNod,	ActLf,	InacLf,	Reset,	Alter,	Switch,	Prune,	ClOp0,	ClOp1,	ClOp2,	ClOp3
5000,	0.331,	2813,	369,	1414,	392,	84.76,	66.89,	67.03,	142,	2.2,	31,	13,	18,	0,	0.0,	0,	0,	0.0,	3,	2,	0,	0,	
10000,	0.612,	2960,	256,	1527,	257,	89.74,	77.64,	77.98,	331,	3.6,	73,	34,	39,	0,	0.0,	0,	0,	0.0,	4,	3,	0,	0,	
15000,	0.955,	5764,	593,	3010,	621,	90.94,	80.44,	80.81,	430,	4.8,	95,	45,	50,	0,	0.0,	0,	0,	0.0,	6,	4,	0,	0,	
20000,	1.366,	3777,	697,	4867,	659,	83.14,	54.76,	53.81,	142,	2.2,	48,	68,	-20,	0,	0.0,	0,	0,	0.0,	3,	2,	0,	0,	
25000,	1.569,	6620,	993,	6610,	765,	89.12,	68.98,	71.16,	268,	3.2,	76,	82,	-6,	0,	0.0,	0,	0,	0.0,	4,	3,	0,	0,	
30000,	1.909,	4747,	1043,	8422,	788,	90.5,	74.14,	75.89,	358,	4.2,	96,	92,	4,	0,	0.0,	0,	0,	0.0,	5,	4,	0,	0,	
35000,	2.305,	8844,	1524,	8673,	947,	85.74,	71.59,	71.46,	262,	3.2,	105,	116,	-11,	0,	0.0,	0,	0,	0.0,	5,	2,	0,	0,	
40000,	2.627,	7236,	1319,	10497,	948,	91.28,	82.45,	82.23,	411,	5.0,	139,	133,	6,	0,	0.0,	0,	0,	0.0,	6,	4,	0,	0,	
45000,	2.983,	11484,	1671,	10739,	1094,	94.12,	88.08,	87.76,	572,	5.6,	175,	151,	24,	0,	0.0,	0,	0,	0.0,	6,	5,	0,	0,	
50000,	3.485,	9612,	1697,	12451,	1240,	86.6,	73.02,	73.79,	445,	4.8,	227,	177,	50,	0,	0.0,	0,	0,	0.0,	7,	3,	0,	0,	
55000,	3.8,	14027,	1897,	12664,	1400,	89.36,	78.4,	78.78,	448,	5.0,	247,	187,	60,	0,	0.0,	0,	0,	0.0,	7,	3,	0,	0,	
60000,	4.18,	12166,	1890,	14415,	1529,	90.36,	80.46,	80.63,	583,	5.4,	277,	202,	75,	0,	0.0,	0,	0,	0.0,	7,	4,	0,	0,	
65000,	4.532,	16347,	2210,	14826,	1605,	89.64,	79.27,	78.84,	735,	6.4,	319,	223,	96,	0,	0.0,	0,	0,	0.0,	8,	5,	0,	0,	
70000,	4.853,	14598,	2157,	16540,	1705,	91.14,	82.22,	81.87,	934,	7.0,	361,	244,	117,	0,	0.0,	0,	0,	0.0,	8,	6,	0,	0,	
75000,	5.302,	18808,	2382,	17006,	1792,	92.82,	85.59,	85.64,	1094,	7.6,	403,	265,	138,	0,	0.0,	0,	0,	0.0,	9,	6,	0,	0,	
80000,	5.863,	17660,	2428,	17859,	2053,	87.62,	71.81,	72.03,	1381,	8.0,	473,	300,	173,	0,	0.0,	0,	0,	0.0,	9,	7,	0,	0,	
85000,	6.234,	21999,	2510,	18372,	2107,	91.14,	79.59,	79.39,	1063,	7.2,	503,	315,	188,	0,	0.0,	0,	0,	0.0,	9,	4,	0,	0,	
90000,	6.676,	20925,	2543,	19181,	2351,	91.74,	80.57,	81.36,	1017,	7.6,	537,	332,	205,	0,	0.0,	0,	0,	0.0,	9,	6,	0,	0,	
95000,	7.125,	24311,	2693,	20367,	2617,	86.14,	72.29,	72.7,	415,	4.6,	580,	355,	225,	0,	0.0,	0,	0,	0.0,	6,	3,	0,	0,	
100000,	7.456,	23241,	2745,	21360,	2654,	89.9,	79.79,	80.06,	537,	5.0,	608,	369,	239,	0,	0.0,	0,	0,	0.0,	6,	4,	0,	0,	

100000,	7.456,	47552,	5438,	41727,	5271,	89.29,	78.51,	77.03,	537,	5.0,	608,	369,	239,	0,	0.0,	0,	0,	0.0,	6,	4,	0,	0,	
Pool,	TP,	FN,	TN,	FP
1,	1462,	1021,	2758,	1423,	
2,	7685,	1896,	3080,	685,	
3,	5346,	535,	12830,	1289,	
4,	13171,	1234,	11374,	844,	
5,	19888,	752,	11685,	1030,	





OzaBagAdaHT-ProcessRBF
Speed Change:,	0.1,	Centroids:,	100,	DriftCentroid:	100
GracePeriod:,	200,	TieThreshold:,	0.05,	BinarySplit:,	false,	BaseClassifier:,	HT,	
EnsembleSize:,	5
Count,	Time,	TP,	FN,	TN,	FP,	Accu,	Kappa,	Kpa_t,	Mem,	Depth,	TSize,	DcNod,	ActLf,	InacLf,	Reset,	Alter,	Switch,	Prune,	ClOp0,	ClOp1,	ClOp2,	ClOp3
5000,	0.282,	1853,	343,	2489,	312,	86.86,	73.29,	73.48,	142,	2.0,	31,	13,	18,	0,	0.0,	0,	0,	0.0,	2,	2,	0,	0,	
10000,	0.503,	1894,	278,	2549,	279,	88.86,	77.33,	77.61,	295,	3.8,	65,	30,	35,	0,	0.0,	0,	0,	0.0,	4,	3,	0,	0,	
15000,	0.855,	3872,	603,	4924,	598,	89.08,	78.01,	78.0,	412,	5.0,	91,	43,	48,	0,	0.0,	0,	0,	0.0,	6,	4,	0,	0,	
20000,	1.31,	3285,	675,	5381,	659,	84.46,	66.11,	65.51,	362,	3.8,	136,	72,	64,	0,	0.0,	0,	0,	0.0,	6,	2,	0,	0,	
25000,	1.603,	5415,	842,	7903,	837,	90.44,	79.16,	78.93,	533,	5.6,	174,	91,	83,	0,	0.0,	0,	0,	0.0,	7,	4,	0,	0,	
30000,	1.937,	4814,	944,	8357,	885,	90.1,	78.4,	78.57,	646,	5.8,	206,	107,	99,	0,	0.0,	0,	0,	0.0,	7,	4,	0,	0,	
35000,	2.424,	7856,	1138,	9914,	1089,	89.04,	77.92,	77.75,	407,	4.8,	219,	135,	84,	0,	0.0,	0,	0,	0.0,	7,	3,	0,	0,	
40000,	2.7,	7465,	1103,	10279,	1153,	91.46,	82.56,	82.84,	461,	4.8,	239,	145,	94,	0,	0.0,	0,	0,	0.0,	7,	2,	0,	0,	
45000,	3.091,	10506,	1278,	11886,	1327,	92.44,	84.6,	84.92,	650,	6.0,	281,	166,	115,	0,	0.0,	0,	0,	0.0,	8,	4,	0,	0,	
50000,	3.466,	9558,	1343,	12523,	1576,	86.74,	73.49,	73.33,	524,	5.4,	326,	192,	134,	0,	0.0,	0,	0,	0.0,	8,	2,	0,	0,	
55000,	3.802,	12538,	1556,	14347,	1556,	89.86,	79.57,	79.73,	594,	5.6,	364,	211,	153,	0,	0.0,	0,	0,	0.0,	8,	4,	0,	0,	
60000,	4.183,	11589,	1608,	15027,	1776,	90.7,	81.24,	81.12,	717,	6.8,	416,	237,	179,	0,	0.0,	0,	0,	0.0,	9,	6,	0,	0,	
65000,	4.553,	13852,	1845,	17498,	1802,	89.3,	75.26,	75.24,	326,	3.2,	386,	248,	138,	0,	0.0,	0,	0,	0.0,	7,	1,	0,	0,	
70000,	4.824,	12980,	1901,	18251,	1868,	92.3,	82.24,	82.55,	496,	4.8,	422,	266,	156,	0,	0.0,	0,	0,	0.0,	7,	3,	0,	0,	
75000,	5.158,	15406,	2028,	20595,	1968,	93.02,	84.57,	84.69,	632,	5.6,	454,	282,	172,	0,	0.0,	0,	0,	0.0,	8,	4,	0,	0,	
80000,	5.638,	14863,	2262,	20771,	2104,	88.06,	75.74,	75.78,	542,	5.8,	468,	298,	170,	0,	0.0,	0,	0,	0.0,	8,	4,	0,	0,	
85000,	5.978,	17387,	2268,	23230,	2112,	92.32,	84.38,	84.31,	497,	5.4,	524,	326,	198,	0,	0.0,	0,	0,	0.0,	7,	4,	0,	0,	
90000,	6.323,	16921,	2401,	23374,	2304,	93.22,	86.28,	86.48,	614,	5.6,	550,	339,	211,	0,	0.0,	0,	0,	0.0,	7,	5,	0,	0,	
95000,	6.697,	18468,	2530,	26722,	2277,	91.46,	77.77,	78.0,	669,	5.8,	573,	358,	215,	0,	0.0,	0,	0,	0.0,	8,	5,	0,	0,	
100000,	7.03,	18062,	2593,	26951,	2394,	94.36,	85.22,	85.02,	782,	5.8,	612,	380,	232,	0,	0.0,	0,	0,	0.0,	8,	5,	0,	0,	

100000,	7.03,	36530,	5123,	53673,	4671,	90.2,	79.82,	79.19,	782,	5.8,	612,	380,	232,	0,	0.0,	0,	0,	0.0,	8,	5,	0,	0,	
Pool,	TP,	FN,	TN,	FP
1,	1472,	754,	2965,	1457,	
2,	4714,	742,	6805,	1058,	
3,	8936,	1261,	9012,	815,	
4,	7911,	1570,	16108,	1025,	
5,	13497,	796,	18783,	316,	





OzaBagAdaHT-ProcessRBF
Speed Change:,	1.0,	Centroids:,	100,	DriftCentroid:	100
GracePeriod:,	200,	TieThreshold:,	0.05,	BinarySplit:,	false,	BaseClassifier:,	HT,	
EnsembleSize:,	5
Count,	Time,	TP,	FN,	TN,	FP,	Accu,	Kappa,	Kpa_t,	Mem,	Depth,	TSize,	DcNod,	ActLf,	InacLf,	Reset,	Alter,	Switch,	Prune,	ClOp0,	ClOp1,	ClOp2,	ClOp3
5000,	0.288,	3040,	398,	1105,	455,	82.9,	59.78,	60.99,	169,	2.4,	37,	16,	21,	0,	0.0,	0,	0,	0.0,	3,	2,	0,	0,	
10000,	0.543,	3071,	398,	1252,	279,	86.46,	68.81,	68.08,	304,	4.0,	67,	31,	36,	0,	0.0,	0,	0,	0.0,	4,	4,	0,	0,	
15000,	0.888,	6175,	674,	2375,	774,	88.1,	72.36,	73.35,	403,	5.6,	89,	42,	47,	0,	0.0,	0,	0,	0.0,	7,	4,	0,	0,	
20000,	1.322,	4991,	967,	3037,	1005,	74.1,	48.21,	47.25,	190,	2.6,	72,	63,	9,	0,	0.0,	0,	0,	0.0,	5,	2,	0,	0,	
25000,	1.624,	8325,	1018,	4406,	1249,	83.62,	67.24,	68.08,	331,	4.6,	103,	80,	23,	0,	0.0,	0,	0,	0.0,	6,	4,	0,	0,	
30000,	2.025,	7059,	1299,	5246,	1396,	85.54,	71.06,	71.67,	466,	6.4,	133,	95,	38,	0,	0.0,	0,	0,	0.0,	7,	6,	0,	0,	
35000,	2.385,	11007,	1422,	5739,	1830,	80.3,	57.56,	59.18,	133,	2.2,	131,	112,	19,	0,	0.0,	0,	0,	0.0,	3,	2,	0,	0,	
40000,	2.631,	9890,	1510,	6600,	2000,	83.7,	64.51,	65.47,	304,	4.8,	169,	131,	38,	0,	0.0,	0,	0,	0.0,	6,	4,	0,	0,	
45000,	3.027,	13905,	1615,	7353,	2125,	90.24,	79.11,	79.23,	439,	5.8,	199,	146,	53,	0,	0.0,	0,	0,	0.0,	6,	5,	0,	0,	
50000,	3.456,	12220,	2061,	8187,	2532,	78.34,	55.7,	55.56,	160,	2.4,	196,	167,	29,	0,	0.0,	0,	0,	0.0,	4,	2,	0,	0,	
55000,	3.706,	16495,	1903,	9025,	2575,	85.24,	69.48,	69.91,	268,	3.8,	220,	179,	41,	0,	0.0,	0,	0,	0.0,	4,	3,	0,	0,	
60000,	4.043,	14865,	2333,	9836,	2966,	85.88,	70.63,	71.44,	412,	4.4,	252,	195,	57,	0,	0.0,	0,	0,	0.0,	5,	4,	0,	0,	
65000,	4.488,	18067,	2439,	11387,	3105,	78.68,	56.27,	55.68,	155,	2.4,	257,	208,	49,	0,	0.0,	0,	0,	0.0,	4,	2,	0,	0,	
70000,	4.807,	16592,	2740,	12367,	3301,	85.16,	69.54,	69.15,	286,	3.8,	287,	223,	64,	0,	0.0,	0,	0,	0.0,	5,	3,	0,	0,	
75000,	5.193,	19919,	2746,	13965,	3368,	88.6,	76.71,	76.62,	484,	5.2,	331,	245,	86,	0,	0.0,	0,	0,	0.0,	6,	5,	0,	0,	
80000,	5.725,	18244,	3269,	14905,	3582,	83.8,	66.63,	66.67,	738,	6.4,	375,	267,	108,	0,	0.0,	0,	0,	0.0,	7,	5,	0,	0,	
85000,	6.088,	21775,	3041,	16559,	3623,	89.0,	77.51,	77.81,	591,	6.2,	388,	282,	106,	0,	0.0,	0,	0,	0.0,	8,	5,	0,	0,	
90000,	6.476,	20213,	3533,	17467,	3787,	90.62,	80.98,	81.19,	682,	7.0,	422,	299,	123,	0,	0.0,	0,	0,	0.0,	9,	6,	0,	0,	
95000,	6.882,	24351,	3575,	18016,	4056,	80.66,	59.3,	59.27,	133,	2.4,	344,	318,	26,	0,	0.0,	0,	0,	0.0,	3,	2,	0,	0,	
100000,	7.158,	22958,	3946,	18983,	4113,	85.22,	68.54,	67.98,	331,	4.0,	388,	340,	48,	0,	0.0,	0,	0,	0.0,	4,	4,	0,	0,	

100000,	7.158,	47309,	7521,	36999,	8169,	84.31,	68.28,	67.26,	331,	4.0,	388,	340,	48,	0,	0.0,	0,	0,	0.0,	4,	4,	0,	0,	
Pool,	TP,	FN,	TN,	FP
1,	1961,	1071,	2216,	1434,	
2,	5399,	1194,	5170,	1545,	
3,	11277,	1300,	5850,	1599,	
4,	13310,	1730,	9585,	2038,	
5,	15362,	2226,	14178,	1553,	





