OzaBagASHT-ProcessRBF
Speed Change:,	0.0,	Centroids:,	100,	DriftCentroid:	100
GracePeriod:,	200,	TieThreshold:,	0.05,	BinarySplit:,	false,	BaseClassifier:,	HT,	
EnsembleSize:,	5,	FirstClassifier:,	2,	Reset:,	true
Count,	Time,	TP,	FN,	TN,	FP,	Accu,	Kappa,	Kpa_t,	Mem,	Depth,	TSize,	DcNod,	ActLf,	InacLf,	Reset,	Alter,	Switch,	Prune,	ClOp0,	ClOp1,	ClOp2,	ClOp3
5000,	0.282,	2473,	517,	1288,	718,	75.28,	47.69,	49.76,	62,	1.2,	17,	6,	11,	0,	0.03,	0,	0,	0.0,	2,	0,	1,	0,	
10000,	0.463,	2612,	329,	1450,	609,	81.24,	60.47,	62.1,	69,	1.0,	19,	7,	12,	0,	0.32,	0,	0,	0.0,	3,	0,	2,	0,	
15000,	0.705,	5147,	891,	2647,	1311,	80.66,	58.52,	59.62,	111,	1.6,	31,	13,	18,	0,	0.45,	0,	0,	0.0,	3,	0,	4,	0,	
20000,	0.931,	4404,	732,	3586,	1278,	78.56,	57.04,	56.83,	90,	1.2,	25,	10,	15,	0,	0.94,	0,	0,	0.0,	5,	0,	5,	0,	
25000,	1.176,	6981,	1307,	4984,	1724,	83.42,	66.5,	66.31,	174,	2.2,	49,	22,	27,	0,	1.06,	0,	0,	0.0,	5,	0,	7,	0,	
30000,	1.506,	6395,	972,	6023,	1610,	88.56,	76.94,	76.64,	202,	2.4,	57,	26,	31,	0,	1.1,	0,	0,	0.0,	5,	0,	8,	0,	
35000,	1.746,	9172,	1868,	6492,	2464,	73.98,	47.04,	48.41,	41,	0.6,	11,	3,	8,	0,	2.19,	0,	0,	0.0,	1,	0,	10,	1,	
40000,	1.953,	8725,	1317,	7706,	2252,	80.26,	59.99,	59.58,	83,	1.4,	23,	9,	14,	0,	2.29,	0,	0,	0.0,	3,	0,	11,	1,	
45000,	2.265,	11524,	2187,	8252,	3033,	82.24,	64.07,	64.47,	111,	2.0,	31,	13,	18,	0,	2.55,	0,	0,	0.0,	5,	0,	13,	1,	
50000,	2.486,	11035,	1647,	9285,	3033,	77.78,	54.96,	56.62,	104,	1.4,	29,	12,	17,	0,	2.9,	0,	0,	0.0,	4,	0,	14,	1,	
55000,	2.698,	13874,	2503,	10047,	3572,	82.9,	65.44,	65.95,	111,	1.4,	31,	13,	18,	0,	3.23,	0,	0,	0.0,	5,	0,	16,	1,	
60000,	2.973,	13482,	1932,	11027,	3559,	83.78,	66.98,	66.21,	153,	2.2,	43,	19,	24,	0,	3.32,	0,	0,	0.0,	6,	0,	17,	1,	
65000,	3.163,	16001,	2728,	12088,	4179,	83.36,	66.9,	67.11,	167,	2.0,	47,	21,	26,	0,	3.58,	0,	0,	0.0,	6,	0,	19,	1,	
70000,	3.343,	15430,	2340,	12882,	4348,	76.06,	52.38,	52.67,	48,	0.8,	13,	4,	9,	0,	4.45,	0,	0,	0.0,	3,	0,	20,	2,	
75000,	3.601,	18009,	3092,	13962,	4933,	77.64,	55.52,	54.85,	66,	1.2,	18,	7,	11,	0,	4.77,	0,	0,	0.0,	2,	0,	22,	2,	
80000,	3.781,	16910,	2688,	15856,	4546,	89.08,	76.06,	76.42,	132,	2.2,	37,	16,	21,	0,	5.26,	0,	0,	0.0,	4,	0,	29,	2,	
85000,	3.943,	19492,	3439,	16905,	5160,	88.52,	74.92,	75.02,	139,	2.2,	39,	17,	22,	0,	5.81,	0,	0,	0.0,	4,	0,	36,	2,	
90000,	4.168,	18287,	3060,	18938,	4715,	89.18,	75.56,	75.94,	125,	1.6,	35,	15,	20,	0,	6.45,	0,	0,	0.0,	5,	0,	42,	2,	
95000,	4.348,	22583,	3831,	17986,	5596,	83.44,	60.5,	61.31,	153,	2.0,	43,	19,	24,	0,	6.74,	0,	0,	0.0,	6,	0,	43,	2,	
100000,	4.539,	21605,	3258,	20035,	5102,	88.3,	70.9,	71.7,	90,	1.2,	25,	10,	15,	0,	7.35,	0,	0,	0.0,	3,	0,	44,	3,	

100000,	4.539,	44188,	7089,	38021,	10698,	82.21,	64.33,	63.14,	90,	1.2,	25,	10,	15,	0,	7.35,	0,	0,	0.0,	3,	0,	44,	3,	
Pool,	TP,	FN,	TN,	FP
1,	2053,	1336,	1215,	2073,	
2,	4087,	1443,	3829,	3974,	
3,	7838,	2277,	7376,	2553,	
4,	19233,	1749,	4609,	1033,	
5,	10977,	284,	20992,	1065,	





OzaBagASHT-ProcessRBF
Speed Change:,	0.001,	Centroids:,	100,	DriftCentroid:	100
GracePeriod:,	200,	TieThreshold:,	0.05,	BinarySplit:,	false,	BaseClassifier:,	HT,	
EnsembleSize:,	5,	FirstClassifier:,	2,	Reset:,	true
Count,	Time,	TP,	FN,	TN,	FP,	Accu,	Kappa,	Kpa_t,	Mem,	Depth,	TSize,	DcNod,	ActLf,	InacLf,	Reset,	Alter,	Switch,	Prune,	ClOp0,	ClOp1,	ClOp2,	ClOp3
5000,	0.266,	1013,	571,	3036,	377,	81.0,	54.65,	56.02,	69,	1.4,	19,	7,	12,	0,	0.03,	0,	0,	0.0,	2,	0,	1,	0,	
10000,	0.437,	1009,	532,	3176,	283,	83.7,	59.98,	62.11,	83,	1.8,	23,	9,	14,	0,	0.19,	0,	0,	0.0,	4,	0,	2,	0,	
15000,	0.672,	2126,	1083,	6166,	622,	84.86,	63.96,	64.99,	97,	1.6,	27,	11,	16,	0,	0.45,	0,	0,	0.0,	4,	0,	4,	0,	
20000,	0.862,	3639,	984,	4520,	857,	79.48,	56.07,	56.4,	97,	1.6,	27,	11,	16,	0,	0.81,	0,	0,	0.0,	6,	0,	5,	0,	
25000,	1.043,	4755,	1441,	7785,	1016,	84.96,	68.64,	68.82,	104,	1.6,	29,	12,	17,	0,	1.06,	0,	0,	0.0,	6,	0,	7,	0,	
30000,	1.303,	6409,	1292,	6013,	1286,	85.26,	68.48,	68.88,	160,	2.8,	45,	20,	25,	0,	1.16,	0,	0,	0.0,	6,	0,	8,	0,	
35000,	1.49,	7351,	1723,	9474,	1449,	85.7,	70.45,	69.95,	167,	2.0,	47,	21,	26,	0,	1.48,	0,	0,	0.0,	6,	0,	10,	0,	
40000,	1.672,	9029,	1612,	7700,	1659,	86.14,	71.28,	71.26,	55,	1.0,	15,	5,	10,	0,	2.32,	0,	0,	0.0,	3,	0,	12,	1,	
45000,	2.02,	9910,	2080,	11155,	1852,	84.8,	68.64,	68.19,	76,	1.2,	21,	8,	13,	0,	2.65,	0,	0,	0.0,	2,	0,	14,	1,	
50000,	2.194,	10087,	2138,	10600,	2175,	79.16,	51.78,	52.11,	118,	1.6,	33,	14,	19,	0,	2.9,	0,	0,	0.0,	4,	0,	16,	1,	
55000,	2.359,	10950,	2597,	14189,	2261,	81.48,	55.98,	56.65,	97,	1.2,	27,	11,	16,	0,	3.26,	0,	0,	0.0,	4,	0,	17,	1,	
60000,	2.679,	11235,	2602,	13583,	2580,	82.62,	59.84,	59.37,	111,	1.6,	31,	13,	18,	0,	3.52,	0,	0,	0.0,	5,	0,	19,	1,	
65000,	2.869,	11958,	3069,	17412,	2558,	84.62,	61.79,	61.51,	160,	2.2,	45,	20,	25,	0,	3.61,	0,	0,	0.0,	6,	0,	20,	1,	
70000,	3.039,	12243,	3105,	16797,	2855,	84.44,	61.46,	63.49,	83,	1.2,	23,	9,	14,	0,	4.39,	0,	0,	0.0,	4,	0,	22,	2,	
75000,	3.321,	12942,	3652,	20529,	2874,	82.02,	56.19,	57.73,	48,	0.8,	13,	4,	9,	0,	4.74,	0,	0,	0.0,	2,	0,	23,	2,	
80000,	3.501,	14317,	3884,	18265,	3534,	70.84,	40.83,	40.54,	76,	1.6,	21,	8,	13,	0,	5.0,	0,	0,	0.0,	4,	0,	25,	2,	
85000,	3.681,	15246,	4161,	22176,	3414,	79.02,	57.3,	57.03,	104,	1.8,	29,	12,	17,	0,	5.1,	0,	0,	0.0,	4,	0,	26,	2,	
90000,	3.937,	16802,	4224,	19874,	4100,	81.88,	62.69,	63.48,	125,	1.8,	35,	15,	20,	0,	5.32,	0,	0,	0.0,	4,	0,	27,	2,	
95000,	4.113,	16325,	4560,	25160,	3952,	81.26,	56.2,	55.61,	90,	1.4,	25,	10,	15,	0,	5.77,	0,	0,	0.0,	4,	0,	31,	2,	
100000,	4.293,	17842,	4632,	23074,	4452,	84.8,	62.63,	63.71,	153,	2.2,	43,	19,	24,	0,	6.13,	0,	0,	0.0,	6,	0,	36,	2,	

100000,	4.293,	34167,	9192,	48234,	8404,	82.4,	64.1,	60.95,	153,	2.2,	43,	19,	24,	0,	6.13,	0,	0,	0.0,	6,	0,	36,	2,	
Pool,	TP,	FN,	TN,	FP
1,	2145,	1397,	1932,	1211,	
2,	5610,	2724,	3477,	1517,	
3,	6675,	3210,	7439,	2696,	
4,	7258,	1100,	15805,	2481,	
5,	12479,	761,	19581,	499,	





OzaBagASHT-ProcessRBF
Speed Change:,	0.01,	Centroids:,	100,	DriftCentroid:	100
GracePeriod:,	200,	TieThreshold:,	0.05,	BinarySplit:,	false,	BaseClassifier:,	HT,	
EnsembleSize:,	5,	FirstClassifier:,	2,	Reset:,	true
Count,	Time,	TP,	FN,	TN,	FP,	Accu,	Kappa,	Kpa_t,	Mem,	Depth,	TSize,	DcNod,	ActLf,	InacLf,	Reset,	Alter,	Switch,	Prune,	ClOp0,	ClOp1,	ClOp2,	ClOp3
5000,	0.248,	1009,	563,	3089,	337,	81.96,	56.48,	57.21,	69,	1.2,	19,	7,	12,	0,	0.1,	0,	0,	0.0,	2,	0,	1,	0,	
10000,	0.398,	1237,	355,	3067,	341,	86.08,	67.85,	67.55,	62,	1.0,	17,	6,	11,	0,	0.32,	0,	0,	0.0,	3,	0,	2,	0,	
15000,	0.632,	2217,	917,	6209,	655,	86.56,	68.52,	68.6,	118,	2.0,	33,	14,	19,	0,	0.45,	0,	0,	0.0,	4,	0,	4,	0,	
20000,	0.8,	3745,	974,	4429,	852,	77.4,	52.31,	50.59,	125,	1.8,	35,	15,	20,	0,	0.68,	0,	0,	0.0,	5,	0,	5,	0,	
25000,	0.98,	5087,	1220,	7361,	1330,	80.44,	55.91,	57.03,	97,	1.4,	27,	11,	16,	0,	1.13,	0,	0,	0.0,	5,	0,	7,	0,	
30000,	1.21,	6631,	1268,	5568,	1533,	80.5,	55.88,	57.33,	125,	1.8,	35,	15,	20,	0,	1.35,	0,	0,	0.0,	7,	0,	8,	0,	
35000,	1.403,	8114,	1566,	8290,	2028,	79.12,	49.62,	52.18,	62,	1.0,	17,	6,	11,	0,	2.0,	0,	0,	0.0,	4,	0,	10,	1,	
40000,	1.593,	9685,	1609,	6598,	2108,	81.68,	56.29,	58.66,	97,	1.6,	27,	11,	16,	0,	2.1,	0,	0,	0.0,	4,	0,	11,	1,	
45000,	1.833,	11082,	1958,	9273,	2685,	79.02,	50.35,	51.9,	48,	0.8,	13,	4,	9,	0,	2.68,	0,	0,	0.0,	3,	0,	13,	1,	
50000,	2.01,	11901,	2067,	8365,	2667,	79.66,	59.01,	59.22,	118,	1.8,	33,	14,	19,	0,	2.77,	0,	0,	0.0,	5,	0,	14,	1,	
55000,	2.181,	13223,	2445,	11305,	3025,	83.46,	66.93,	66.89,	125,	1.8,	35,	15,	20,	0,	3.03,	0,	0,	0.0,	6,	0,	16,	1,	
60000,	2.411,	14005,	2555,	10502,	2938,	84.82,	69.7,	70.15,	111,	1.6,	31,	13,	18,	0,	3.39,	0,	0,	0.0,	6,	0,	17,	1,	
65000,	2.581,	15736,	2899,	12794,	3569,	80.04,	58.34,	58.59,	41,	0.4,	11,	3,	8,	0,	4.16,	0,	0,	0.0,	2,	0,	19,	2,	
70000,	2.752,	16577,	3018,	11820,	3585,	77.8,	52.69,	55.17,	83,	1.4,	23,	9,	14,	0,	4.26,	0,	0,	0.0,	3,	0,	20,	2,	
75000,	2.963,	18216,	3329,	14423,	4030,	82.18,	63.3,	63.71,	83,	1.2,	23,	9,	14,	0,	4.58,	0,	0,	0.0,	4,	0,	22,	2,	
80000,	3.154,	19081,	3406,	13167,	4346,	77.02,	51.72,	54.19,	90,	1.2,	25,	10,	15,	0,	4.94,	0,	0,	0.0,	4,	0,	23,	2,	
85000,	3.336,	20747,	3644,	15895,	4712,	80.06,	58.48,	59.07,	118,	1.8,	33,	14,	19,	0,	5.06,	0,	0,	0.0,	4,	0,	25,	2,	
90000,	3.546,	21610,	3718,	14553,	5119,	78.3,	54.61,	55.4,	132,	1.8,	37,	16,	21,	0,	5.29,	0,	0,	0.0,	4,	0,	26,	2,	
95000,	3.721,	23180,	3993,	17625,	5200,	83.26,	65.87,	65.28,	174,	2.6,	49,	22,	27,	0,	5.42,	0,	0,	0.0,	6,	0,	28,	2,	
100000,	3.902,	24026,	4039,	16337,	5598,	84.0,	67.51,	68.62,	76,	1.0,	21,	8,	13,	0,	6.23,	0,	0,	0.0,	4,	0,	29,	3,	

100000,	3.902,	47206,	8032,	33962,	10798,	81.17,	61.69,	59.96,	76,	1.0,	21,	8,	13,	0,	6.23,	0,	0,	0.0,	4,	0,	29,	3,	
Pool,	TP,	FN,	TN,	FP
1,	788,	946,	3283,	1653,	
2,	2228,	1374,	7440,	2276,	
3,	6442,	2031,	9399,	2162,	
4,	15654,	1420,	5226,	4358,	
5,	22094,	2261,	8614,	349,	





OzaBagASHT-ProcessRBF
Speed Change:,	0.1,	Centroids:,	100,	DriftCentroid:	100
GracePeriod:,	200,	TieThreshold:,	0.05,	BinarySplit:,	false,	BaseClassifier:,	HT,	
EnsembleSize:,	5,	FirstClassifier:,	2,	Reset:,	true
Count,	Time,	TP,	FN,	TN,	FP,	Accu,	Kappa,	Kpa_t,	Mem,	Depth,	TSize,	DcNod,	ActLf,	InacLf,	Reset,	Alter,	Switch,	Prune,	ClOp0,	ClOp1,	ClOp2,	ClOp3
5000,	0.243,	1228,	941,	2427,	401,	73.12,	43.66,	45.3,	55,	1.0,	15,	5,	10,	0,	0.1,	0,	0,	0.0,	2,	0,	1,	0,	
10000,	0.405,	1389,	762,	2637,	212,	80.52,	58.98,	60.63,	83,	1.4,	23,	9,	14,	0,	0.13,	0,	0,	0.0,	2,	0,	2,	0,	
15000,	0.635,	2803,	1543,	4985,	666,	82.66,	64.1,	64.9,	97,	1.6,	27,	11,	16,	0,	0.45,	0,	0,	0.0,	4,	0,	4,	0,	
20000,	0.816,	3188,	1274,	4947,	591,	82.18,	64.01,	63.54,	90,	1.2,	25,	10,	15,	0,	0.81,	0,	0,	0.0,	4,	0,	5,	0,	
25000,	0.989,	4571,	2067,	7409,	950,	83.84,	67.19,	67.05,	139,	2.0,	39,	17,	22,	0,	0.94,	0,	0,	0.0,	6,	0,	7,	0,	
30000,	1.225,	5035,	1791,	7322,	852,	84.44,	68.61,	68.78,	153,	2.0,	43,	19,	24,	0,	1.16,	0,	0,	0.0,	6,	0,	8,	0,	
35000,	1.38,	5238,	2939,	10639,	1181,	77.94,	41.46,	47.68,	83,	1.2,	23,	9,	14,	0,	1.81,	0,	0,	0.0,	4,	0,	10,	1,	
40000,	1.512,	5425,	2925,	10671,	979,	74.78,	26.93,	40.66,	55,	1.0,	15,	5,	10,	0,	2.29,	0,	0,	0.0,	3,	0,	11,	1,	
45000,	1.719,	5845,	3870,	13949,	1333,	78.34,	40.82,	50.16,	69,	1.0,	19,	7,	12,	0,	2.55,	0,	0,	0.0,	3,	0,	13,	1,	
50000,	1.902,	6823,	3725,	13077,	1375,	76.08,	50.47,	52.24,	118,	1.6,	33,	14,	19,	0,	2.65,	0,	0,	0.0,	4,	0,	14,	1,	
55000,	2.092,	7540,	4469,	16153,	1835,	77.98,	55.52,	55.41,	111,	1.4,	31,	13,	18,	0,	3.16,	0,	0,	0.0,	5,	0,	16,	1,	
60000,	2.307,	8634,	4204,	15305,	1857,	80.78,	61.29,	61.83,	139,	2.0,	39,	17,	22,	0,	3.26,	0,	0,	0.0,	5,	0,	17,	1,	
65000,	2.501,	9343,	4979,	18440,	2235,	81.8,	63.27,	63.31,	69,	1.0,	19,	7,	12,	0,	4.03,	0,	0,	0.0,	3,	0,	19,	2,	
70000,	2.691,	10469,	4670,	17748,	2113,	85.56,	70.74,	70.77,	90,	1.6,	25,	10,	15,	0,	4.13,	0,	0,	0.0,	4,	0,	20,	2,	
75000,	2.918,	11135,	5444,	20961,	2457,	86.26,	71.99,	71.91,	66,	1.2,	18,	7,	11,	0,	4.65,	0,	0,	0.0,	5,	0,	22,	2,	
80000,	3.108,	12354,	5202,	19991,	2453,	82.56,	64.99,	65.42,	125,	2.2,	35,	15,	20,	0,	4.74,	0,	0,	0.0,	5,	0,	23,	2,	
85000,	3.28,	13105,	5935,	23245,	2712,	85.08,	70.11,	70.28,	139,	2.0,	39,	17,	22,	0,	4.97,	0,	0,	0.0,	6,	0,	24,	2,	
90000,	3.512,	14416,	5563,	22318,	2703,	87.78,	75.5,	75.35,	174,	2.6,	49,	22,	27,	0,	5.1,	0,	0,	0.0,	6,	0,	26,	2,	
95000,	3.692,	14973,	6424,	25432,	3168,	81.1,	62.05,	62.14,	188,	2.6,	53,	24,	29,	0,	5.32,	0,	0,	0.0,	7,	0,	27,	2,	
100000,	3.883,	16143,	6183,	24573,	3101,	79.64,	58.9,	59.0,	55,	0.8,	15,	5,	10,	0,	6.29,	0,	0,	0.0,	2,	0,	29,	3,	

100000,	3.883,	31116,	12607,	50005,	6269,	81.12,	61.01,	61.13,	55,	0.8,	15,	5,	10,	0,	6.29,	0,	0,	0.0,	2,	0,	29,	3,	
Pool,	TP,	FN,	TN,	FP
1,	1887,	2226,	2066,	488,	
2,	3375,	3636,	5770,	540,	
3,	7082,	2593,	8654,	1662,	
4,	8726,	2115,	13137,	2735,	
5,	10046,	2037,	20378,	844,	





OzaBagASHT-ProcessRBF
Speed Change:,	1.0,	Centroids:,	100,	DriftCentroid:	100
GracePeriod:,	200,	TieThreshold:,	0.05,	BinarySplit:,	false,	BaseClassifier:,	HT,	
EnsembleSize:,	5,	FirstClassifier:,	2,	Reset:,	true
Count,	Time,	TP,	FN,	TN,	FP,	Accu,	Kappa,	Kpa_t,	Mem,	Depth,	TSize,	DcNod,	ActLf,	InacLf,	Reset,	Alter,	Switch,	Prune,	ClOp0,	ClOp1,	ClOp2,	ClOp3
5000,	0.26,	2204,	712,	1504,	576,	74.2,	47.4,	47.75,	41,	0.6,	11,	3,	8,	0,	0.1,	0,	0,	0.0,	1,	0,	1,	0,	
10000,	0.458,	2611,	308,	1479,	602,	81.8,	61.77,	62.43,	69,	1.0,	19,	7,	12,	0,	0.32,	0,	0,	0.0,	3,	0,	2,	0,	
15000,	0.754,	4887,	984,	3059,	1066,	84.76,	67.95,	68.64,	111,	2.0,	31,	13,	18,	0,	0.45,	0,	0,	0.0,	4,	0,	4,	0,	
20000,	0.935,	6123,	553,	2223,	1101,	85.12,	57.25,	60.24,	97,	1.4,	27,	11,	16,	0,	0.84,	0,	0,	0.0,	4,	0,	6,	0,	
25000,	1.085,	8475,	1112,	3861,	1548,	87.8,	64.87,	68.08,	132,	1.8,	37,	16,	21,	0,	1.16,	0,	0,	0.0,	5,	0,	10,	0,	
30000,	1.3,	9717,	702,	3051,	1530,	88.44,	66.83,	69.17,	76,	1.4,	21,	8,	13,	0,	1.81,	0,	0,	0.0,	3,	0,	12,	1,	
35000,	1.502,	10236,	1687,	5983,	2090,	77.66,	55.09,	53.84,	97,	1.8,	27,	11,	16,	0,	2.1,	0,	0,	0.0,	5,	0,	13,	1,	
40000,	1.682,	11228,	1401,	5521,	1850,	79.62,	57.93,	58.79,	62,	0.8,	17,	6,	11,	0,	2.58,	0,	0,	0.0,	3,	0,	14,	1,	
45000,	1.97,	11876,	2304,	8329,	2487,	79.72,	58.7,	57.93,	97,	1.6,	27,	11,	16,	0,	2.71,	0,	0,	0.0,	4,	0,	16,	1,	
50000,	2.15,	12783,	1895,	7819,	2503,	77.06,	53.13,	52.8,	125,	2.0,	35,	15,	20,	0,	2.81,	0,	0,	0.0,	4,	0,	17,	1,	
55000,	2.332,	13434,	2724,	10674,	3164,	78.06,	55.13,	53.87,	139,	1.8,	39,	17,	22,	0,	3.06,	0,	0,	0.0,	4,	0,	19,	1,	
60000,	2.568,	14355,	2349,	10206,	3090,	79.18,	57.25,	56.73,	125,	1.8,	35,	15,	20,	0,	3.42,	0,	0,	0.0,	6,	0,	20,	1,	
65000,	2.778,	16419,	3263,	11685,	3629,	79.92,	52.44,	51.57,	41,	0.4,	11,	3,	8,	0,	4.19,	0,	0,	0.0,	2,	0,	22,	2,	
70000,	2.949,	17544,	2715,	11155,	3586,	82.76,	56.9,	58.2,	90,	1.4,	25,	10,	15,	0,	4.32,	0,	0,	0.0,	3,	0,	24,	2,	
75000,	3.239,	19542,	3680,	12682,	4092,	82.4,	57.04,	58.27,	111,	1.6,	31,	13,	18,	0,	4.55,	0,	0,	0.0,	4,	0,	25,	2,	
80000,	3.415,	19160,	3140,	13493,	4207,	79.08,	57.34,	56.9,	111,	1.8,	31,	13,	18,	0,	4.94,	0,	0,	0.0,	5,	0,	27,	2,	
85000,	3.604,	20853,	4343,	15331,	4469,	79.2,	55.35,	56.52,	132,	1.8,	37,	16,	21,	0,	5.16,	0,	0,	0.0,	6,	0,	28,	2,	
90000,	3.847,	20672,	3578,	16230,	4520,	84.98,	68.06,	68.34,	181,	3.0,	51,	23,	28,	0,	5.29,	0,	0,	0.0,	6,	0,	30,	2,	
95000,	4.028,	23819,	4734,	16431,	5012,	81.32,	56.64,	58.06,	167,	2.4,	47,	21,	26,	0,	5.61,	0,	0,	0.0,	7,	0,	32,	2,	
100000,	4.212,	23818,	3788,	17231,	5163,	82.94,	58.57,	61.63,	48,	0.8,	13,	4,	9,	0,	6.48,	0,	0,	0.0,	3,	0,	33,	3,	

100000,	4.212,	47637,	8522,	33662,	10175,	81.3,	61.87,	58.79,	48,	0.8,	13,	4,	9,	0,	6.48,	0,	0,	0.0,	3,	0,	33,	3,	
Pool,	TP,	FN,	TN,	FP
1,	1989,	1232,	1759,	1701,	
2,	6093,	1699,	2604,	2952,	
3,	12603,	2436,	3067,	1887,	
4,	9414,	1426,	12862,	2950,	
5,	17538,	1729,	13370,	685,	





