OzaBagSRHT-RandomRBF
Speed Change:,	0.0,	Centroids:,	100,	DriftCentroid:	100
GracePeriod:,	200,	TieThreshold:,	0.05,	BinarySplit:,	false,	BaseClassifier:,	HT,	
EnsembleSize:,	5,	FirstClassifier:,	2,	Reset:,	true
Count,	Time,	TP,	FN,	TN,	FP,	Accu,	Kappa,	Kpa_t,	Mem,	Depth,	TSize,	DcNod,	ActLf,	InacLf,	Reset,	Alter,	Switch,	Prune,	ClOp0,	ClOp1,	ClOp2,	ClOp3
5000,	0.419,	2726,	408,	802,	1062,	70.56,	32.26,	37.49,	62,	1.2,	17,	6,	11,	0,	0.0,	0,	0,	0.0,	2,	0,	0,	0,	
10000,	0.593,	2724,	392,	891,	993,	72.3,	37.05,	40.94,	76,	1.4,	21,	8,	13,	0,	0.0,	0,	0,	0.0,	3,	0,	0,	0,	
15000,	1.439,	5419,	805,	1784,	1990,	73.5,	40.73,	42.64,	104,	1.4,	29,	12,	17,	0,	0.0,	0,	0,	0.0,	3,	0,	0,	0,	
20000,	1.753,	5265,	808,	1857,	2070,	70.14,	34.96,	36.9,	139,	1.8,	39,	17,	22,	0,	0.0,	0,	0,	0.0,	4,	0,	0,	0,	
25000,	2.353,	7919,	1248,	3072,	2759,	75.76,	48.73,	49.63,	90,	1.0,	25,	10,	15,	0,	0.0,	0,	0,	0.0,	4,	0,	0,	0,	
30000,	3.394,	7722,	1307,	3004,	2967,	72.08,	40.45,	42.93,	125,	1.8,	35,	15,	20,	0,	0.0,	0,	0,	0.0,	5,	0,	0,	0,	
35000,	3.659,	11379,	1424,	3399,	3796,	75.74,	23.83,	38.8,	118,	1.0,	33,	14,	19,	0,	0.0,	0,	0,	0.0,	5,	0,	0,	0,	
40000,	4.386,	11222,	1377,	3547,	3854,	80.86,	43.41,	53.09,	153,	1.8,	43,	19,	24,	0,	0.0,	0,	0,	0.0,	5,	0,	0,	0,	
45000,	5.308,	14935,	1502,	3932,	4629,	81.78,	44.56,	54.4,	69,	1.0,	19,	7,	12,	0,	1.0,	0,	0,	0.0,	3,	0,	0,	0,	
50000,	6.224,	13828,	1606,	4622,	4944,	73.62,	43.63,	46.25,	76,	1.0,	21,	8,	13,	0,	2.0,	0,	0,	0.0,	4,	0,	0,	0,	
55000,	6.919,	17423,	1863,	5258,	5454,	76.28,	50.3,	50.0,	69,	1.2,	19,	7,	12,	0,	3.0,	0,	0,	0.0,	3,	0,	0,	0,	
60000,	7.832,	16258,	2017,	6031,	5694,	76.78,	51.77,	53.03,	97,	1.4,	27,	11,	16,	0,	3.0,	0,	0,	0.0,	3,	0,	0,	0,	
65000,	8.639,	19398,	2437,	6771,	6392,	69.76,	39.32,	38.21,	111,	1.4,	31,	13,	18,	0,	4.0,	0,	0,	0.0,	4,	0,	0,	0,	
70000,	9.313,	18095,	2770,	7953,	6182,	75.18,	50.48,	49.35,	153,	2.2,	43,	19,	24,	0,	4.0,	0,	0,	0.0,	4,	0,	0,	0,	
75000,	9.839,	21360,	3084,	8697,	6857,	77.76,	55.58,	55.59,	153,	1.8,	43,	19,	24,	0,	5.0,	0,	0,	0.0,	5,	0,	0,	0,	
80000,	10.67,	20610,	3228,	9163,	6999,	74.5,	45.57,	47.27,	125,	1.4,	35,	15,	20,	0,	6.0,	0,	0,	0.0,	4,	0,	0,	0,	
85000,	11.421,	24116,	3340,	9813,	7729,	77.44,	50.29,	53.0,	146,	1.8,	41,	18,	23,	0,	7.0,	0,	0,	0.0,	5,	0,	0,	0,	
90000,	12.292,	23406,	3436,	10277,	7881,	78.2,	51.82,	55.24,	76,	1.4,	21,	8,	13,	0,	8.0,	0,	0,	0.0,	3,	0,	0,	0,	
95000,	13.076,	26631,	3736,	10918,	8713,	72.4,	40.92,	41.62,	104,	2.2,	29,	12,	17,	0,	9.0,	0,	0,	0.0,	5,	0,	0,	0,	
100000,	14.037,	25820,	3860,	11463,	8857,	72.0,	41.17,	42.88,	76,	1.4,	21,	8,	13,	0,	10.0,	0,	0,	0.0,	4,	0,	0,	0,	

100000,	14.037,	52451,	7596,	22381,	17570,	74.83,	45.26,	46.47,	76,	1.4,	21,	8,	13,	0,	10.0,	0,	0,	0.0,	4,	0,	0,	0,	
Pool,	TP,	FN,	TN,	FP
1,	2500,	845,	889,	2438,	
2,	5338,	1237,	2491,	4287,	
3,	9113,	1980,	4388,	4521,	
4,	12929,	2394,	6900,	4443,	
5,	22571,	1140,	7713,	1881,	





OzaBagSRHT-RandomRBF
Speed Change:,	0.001,	Centroids:,	100,	DriftCentroid:	100
GracePeriod:,	200,	TieThreshold:,	0.05,	BinarySplit:,	false,	BaseClassifier:,	HT,	
EnsembleSize:,	5,	FirstClassifier:,	2,	Reset:,	true
Count,	Time,	TP,	FN,	TN,	FP,	Accu,	Kappa,	Kpa_t,	Mem,	Depth,	TSize,	DcNod,	ActLf,	InacLf,	Reset,	Alter,	Switch,	Prune,	ClOp0,	ClOp1,	ClOp2,	ClOp3
5000,	0.362,	1368,	796,	2140,	693,	70.18,	38.93,	38.94,	55,	1.0,	15,	5,	10,	0,	0.0,	0,	0,	0.0,	2,	0,	0,	0,	
10000,	0.543,	1422,	732,	2350,	496,	75.44,	49.24,	50.18,	69,	1.2,	19,	7,	12,	0,	0.0,	0,	0,	0.0,	2,	0,	0,	0,	
15000,	1.158,	2839,	1508,	4432,	1218,	75.26,	49.22,	49.49,	97,	1.6,	27,	11,	16,	0,	0.0,	0,	0,	0.0,	4,	0,	0,	0,	
20000,	1.467,	2631,	1637,	4662,	1070,	70.42,	38.1,	40.05,	97,	1.4,	27,	11,	16,	0,	0.0,	0,	0,	0.0,	4,	0,	0,	0,	
25000,	1.84,	4167,	2332,	6884,	1614,	75.6,	49.0,	50.73,	104,	1.4,	29,	12,	17,	0,	0.0,	0,	0,	0.0,	4,	0,	0,	0,	
30000,	2.767,	4056,	2363,	7066,	1515,	76.58,	51.45,	53.23,	132,	1.6,	37,	16,	21,	0,	0.0,	0,	0,	0.0,	4,	0,	0,	0,	
35000,	3.518,	5404,	3056,	9527,	2010,	77.6,	51.58,	53.04,	181,	2.4,	51,	23,	28,	0,	0.0,	0,	0,	0.0,	6,	0,	0,	0,	
40000,	4.154,	5301,	3053,	9777,	1869,	79.12,	54.54,	56.41,	104,	1.8,	29,	12,	17,	0,	0.0,	0,	0,	0.0,	4,	0,	0,	0,	
45000,	5.228,	6677,	3687,	12238,	2395,	79.68,	55.81,	57.44,	48,	0.8,	13,	4,	9,	0,	2.0,	0,	0,	0.0,	4,	0,	0,	0,	
50000,	6.174,	7016,	3868,	11609,	2507,	70.94,	41.92,	41.74,	90,	2.0,	25,	10,	15,	0,	2.0,	0,	0,	0.0,	5,	0,	0,	0,	
55000,	6.843,	8567,	4347,	13974,	3109,	72.52,	44.99,	45.48,	132,	2.6,	37,	16,	21,	0,	2.0,	0,	0,	0.0,	6,	0,	0,	0,	
60000,	7.599,	8912,	4485,	13351,	3252,	72.76,	45.5,	45.69,	146,	3.0,	41,	18,	23,	0,	3.0,	0,	0,	0.0,	7,	0,	0,	0,	
65000,	8.208,	9629,	5119,	16580,	3669,	73.36,	41.22,	42.14,	111,	2.2,	31,	13,	18,	0,	4.0,	0,	0,	0.0,	8,	0,	0,	0,	
70000,	9.222,	9968,	5249,	16240,	3543,	78.9,	51.75,	54.39,	118,	2.2,	33,	14,	19,	0,	5.0,	0,	0,	0.0,	8,	0,	0,	0,	
75000,	9.817,	10621,	5965,	19451,	3960,	77.26,	47.79,	50.33,	146,	2.6,	41,	18,	23,	0,	5.0,	0,	0,	0.0,	8,	0,	0,	0,	
80000,	10.758,	11756,	6084,	18147,	4013,	73.9,	48.05,	49.73,	132,	2.2,	37,	16,	21,	0,	6.0,	0,	0,	0.0,	8,	0,	0,	0,	
85000,	11.542,	12588,	6584,	21298,	4527,	76.28,	52.54,	52.35,	83,	1.2,	23,	9,	14,	0,	7.0,	0,	0,	0.0,	4,	0,	0,	0,	
90000,	12.834,	13782,	6698,	19903,	4617,	75.64,	51.14,	50.73,	69,	1.2,	19,	7,	12,	0,	8.0,	0,	0,	0.0,	2,	0,	0,	0,	
95000,	13.603,	14998,	7096,	22649,	5254,	75.22,	48.21,	49.33,	90,	1.4,	25,	10,	15,	0,	9.0,	0,	0,	0.0,	3,	0,	0,	0,	
100000,	13.975,	16411,	7066,	21047,	5476,	75.46,	46.72,	49.21,	104,	1.8,	29,	12,	17,	0,	10.0,	0,	0,	0.0,	4,	0,	0,	0,	

100000,	13.975,	31409,	14162,	43696,	10730,	75.11,	49.51,	49.0,	104,	1.8,	29,	12,	17,	0,	10.0,	0,	0,	0.0,	4,	0,	0,	0,	
Pool,	TP,	FN,	TN,	FP
1,	1402,	1772,	2466,	1017,	
2,	3362,	2354,	5046,	2576,	
3,	6299,	5119,	5508,	3087,	
4,	12286,	3431,	9091,	1864,	
5,	8060,	1486,	21585,	2186,	





OzaBagSRHT-RandomRBF
Speed Change:,	0.01,	Centroids:,	100,	DriftCentroid:	100
GracePeriod:,	200,	TieThreshold:,	0.05,	BinarySplit:,	false,	BaseClassifier:,	HT,	
EnsembleSize:,	5,	FirstClassifier:,	2,	Reset:,	true
Count,	Time,	TP,	FN,	TN,	FP,	Accu,	Kappa,	Kpa_t,	Mem,	Depth,	TSize,	DcNod,	ActLf,	InacLf,	Reset,	Alter,	Switch,	Prune,	ClOp0,	ClOp1,	ClOp2,	ClOp3
5000,	0.388,	1123,	960,	2332,	581,	69.14,	34.85,	36.94,	48,	0.8,	13,	4,	9,	0,	0.0,	0,	0,	0.0,	2,	0,	0,	0,	
10000,	0.574,	1219,	808,	2474,	499,	73.86,	44.43,	45.72,	76,	1.2,	21,	8,	13,	0,	0.0,	0,	0,	0.0,	2,	0,	0,	0,	
15000,	0.95,	2410,	1766,	4832,	988,	75.74,	48.79,	48.73,	83,	1.4,	23,	9,	14,	0,	0.0,	0,	0,	0.0,	3,	0,	0,	0,	
20000,	1.5,	2533,	1736,	4687,	1044,	70.54,	39.48,	41.31,	83,	1.0,	23,	9,	14,	0,	0.0,	0,	0,	0.0,	3,	0,	0,	0,	
25000,	2.178,	3990,	2522,	6987,	1497,	74.7,	48.85,	49.03,	104,	1.4,	29,	12,	17,	0,	0.0,	0,	0,	0.0,	4,	0,	0,	0,	
30000,	2.842,	4073,	2462,	6906,	1559,	75.18,	49.52,	48.97,	146,	2.0,	41,	18,	23,	0,	0.0,	0,	0,	0.0,	5,	0,	0,	0,	
35000,	3.384,	5791,	3325,	8789,	2091,	72.06,	44.22,	44.65,	153,	1.8,	43,	19,	24,	0,	0.0,	0,	0,	0.0,	5,	0,	0,	0,	
40000,	4.09,	6008,	3139,	8729,	2124,	75.16,	50.32,	51.06,	139,	1.6,	39,	17,	22,	0,	0.0,	0,	0,	0.0,	5,	0,	0,	0,	
45000,	5.157,	7821,	3978,	10408,	2789,	72.98,	45.6,	45.55,	62,	1.0,	17,	6,	11,	0,	1.0,	0,	0,	0.0,	2,	0,	0,	0,	
50000,	6.034,	7989,	3649,	10542,	2820,	75.88,	51.77,	51.97,	76,	1.4,	21,	8,	13,	0,	2.0,	0,	0,	0.0,	3,	0,	0,	0,	
55000,	6.76,	9777,	4488,	12262,	3469,	76.2,	52.43,	52.32,	90,	1.6,	25,	10,	15,	0,	2.0,	0,	0,	0.0,	3,	0,	0,	0,	
60000,	7.277,	9898,	4214,	12484,	3404,	77.02,	54.04,	54.37,	55,	0.6,	15,	5,	10,	0,	4.0,	0,	0,	0.0,	3,	0,	0,	0,	
65000,	7.934,	10785,	5195,	14994,	4022,	74.8,	42.86,	44.2,	104,	1.8,	29,	12,	17,	0,	4.0,	0,	0,	0.0,	5,	0,	0,	0,	
70000,	8.706,	10739,	5020,	15553,	3688,	78.2,	46.33,	50.92,	118,	1.4,	33,	14,	19,	0,	5.0,	0,	0,	0.0,	5,	0,	0,	0,	
75000,	9.785,	11671,	6026,	18044,	4255,	78.72,	48.54,	54.28,	153,	2.0,	43,	19,	24,	0,	5.0,	0,	0,	0.0,	5,	0,	0,	0,	
80000,	10.483,	11581,	6138,	18302,	3979,	71.82,	36.09,	40.75,	153,	1.8,	43,	19,	24,	0,	6.0,	0,	0,	0.0,	5,	0,	0,	0,	
85000,	11.163,	12810,	6846,	20829,	4511,	78.48,	52.41,	54.52,	125,	1.4,	35,	15,	20,	0,	7.0,	0,	0,	0.0,	5,	0,	0,	0,	
90000,	12.307,	12641,	7009,	21079,	4271,	76.74,	48.05,	50.36,	34,	0.4,	9,	2,	7,	0,	9.0,	0,	0,	0.0,	2,	0,	0,	0,	
95000,	13.068,	14563,	7684,	22740,	5009,	73.28,	46.75,	46.5,	83,	1.4,	23,	9,	14,	0,	9.0,	0,	0,	0.0,	3,	0,	0,	0,	
100000,	13.813,	14611,	7603,	22878,	4908,	75.38,	50.71,	50.8,	111,	1.8,	31,	13,	18,	0,	9.0,	0,	0,	0.0,	4,	0,	0,	0,	

100000,	13.813,	29174,	15287,	45618,	9917,	74.79,	48.34,	48.14,	111,	1.8,	31,	13,	18,	0,	9.0,	0,	0,	0.0,	4,	0,	0,	0,	
Pool,	TP,	FN,	TN,	FP
1,	842,	1421,	2521,	1910,	
2,	4108,	3127,	4626,	1454,	
3,	6940,	4120,	6174,	2764,	
4,	5866,	4304,	13982,	2491,	
5,	11418,	2315,	18315,	1298,	





OzaBagSRHT-RandomRBF
Speed Change:,	0.1,	Centroids:,	100,	DriftCentroid:	100
GracePeriod:,	200,	TieThreshold:,	0.05,	BinarySplit:,	false,	BaseClassifier:,	HT,	
EnsembleSize:,	5,	FirstClassifier:,	2,	Reset:,	true
Count,	Time,	TP,	FN,	TN,	FP,	Accu,	Kappa,	Kpa_t,	Mem,	Depth,	TSize,	DcNod,	ActLf,	InacLf,	Reset,	Alter,	Switch,	Prune,	ClOp0,	ClOp1,	ClOp2,	ClOp3
5000,	0.368,	2098,	584,	1255,	1060,	67.08,	32.86,	33.28,	62,	1.2,	17,	6,	11,	0,	0.0,	0,	0,	0.0,	2,	0,	0,	0,	
10000,	0.558,	2268,	387,	1375,	970,	72.86,	44.71,	45.44,	69,	1.4,	19,	7,	12,	0,	0.0,	0,	0,	0.0,	3,	0,	0,	0,	
15000,	1.036,	4337,	1026,	2750,	1884,	74.68,	48.52,	49.8,	97,	1.8,	27,	11,	16,	0,	0.0,	0,	0,	0.0,	4,	0,	0,	0,	
20000,	1.486,	4374,	1037,	2833,	1756,	71.28,	41.62,	41.53,	139,	2.4,	39,	17,	22,	0,	0.0,	0,	0,	0.0,	5,	0,	0,	0,	
25000,	2.126,	6655,	1528,	4263,	2551,	76.62,	52.05,	52.54,	97,	1.4,	27,	11,	16,	0,	0.0,	0,	0,	0.0,	6,	0,	0,	0,	
30000,	2.835,	6625,	1556,	4453,	2366,	77.42,	54.12,	54.31,	146,	2.0,	41,	18,	23,	0,	0.0,	0,	0,	0.0,	6,	0,	0,	0,	
35000,	3.44,	8835,	2090,	5787,	3285,	74.08,	47.32,	47.45,	153,	2.0,	43,	19,	24,	0,	0.0,	0,	0,	0.0,	7,	0,	0,	0,	
40000,	4.15,	8883,	1956,	6060,	3101,	77.3,	54.03,	56.08,	90,	1.4,	25,	10,	15,	0,	0.0,	0,	0,	0.0,	4,	0,	0,	0,	
45000,	5.288,	11134,	2458,	7365,	4040,	77.54,	54.41,	55.03,	62,	1.2,	17,	6,	11,	0,	1.0,	0,	0,	0.0,	3,	0,	0,	0,	
50000,	6.142,	11158,	2416,	7573,	3853,	75.76,	50.54,	51.64,	76,	1.2,	21,	8,	13,	0,	2.0,	0,	0,	0.0,	3,	0,	0,	0,	
55000,	6.909,	13484,	2847,	9024,	4642,	80.18,	59.66,	60.75,	125,	2.0,	35,	15,	20,	0,	2.0,	0,	0,	0.0,	5,	0,	0,	0,	
60000,	7.417,	13532,	2801,	9199,	4468,	80.0,	59.17,	58.98,	132,	1.6,	37,	16,	21,	0,	3.0,	0,	0,	0.0,	5,	0,	0,	0,	
65000,	8.405,	15769,	3360,	10481,	5387,	74.84,	48.38,	48.27,	167,	2.4,	47,	21,	26,	0,	3.0,	0,	0,	0.0,	6,	0,	0,	0,	
70000,	9.241,	15881,	3244,	10711,	5164,	77.22,	53.25,	53.19,	27,	0.2,	7,	1,	6,	0,	6.0,	0,	0,	0.0,	1,	0,	0,	0,	
75000,	10.497,	18132,	3791,	11965,	6109,	76.94,	52.57,	52.47,	62,	1.2,	17,	6,	11,	0,	6.0,	0,	0,	0.0,	2,	0,	0,	0,	
80000,	11.399,	17463,	3746,	13020,	5771,	77.82,	54.71,	55.52,	83,	1.4,	23,	9,	14,	0,	7.0,	0,	0,	0.0,	4,	0,	0,	0,	
85000,	11.91,	19591,	4377,	14510,	6519,	80.08,	58.24,	58.34,	76,	1.2,	21,	8,	13,	0,	8.0,	0,	0,	0.0,	3,	0,	0,	0,	
90000,	13.217,	18954,	4378,	15535,	6133,	80.12,	58.62,	59.56,	125,	2.0,	35,	15,	20,	0,	8.0,	0,	0,	0.0,	4,	0,	0,	0,	
95000,	13.692,	21673,	5095,	16172,	7057,	74.88,	49.47,	49.29,	153,	2.0,	43,	19,	24,	0,	9.0,	0,	0,	0.0,	5,	0,	0,	0,	
100000,	14.329,	21296,	4903,	17019,	6782,	76.52,	51.65,	52.26,	83,	1.4,	23,	9,	14,	0,	10.0,	0,	0,	0.0,	4,	0,	0,	0,	

100000,	14.329,	42969,	9998,	33191,	13839,	76.16,	51.93,	51.79,	83,	1.4,	23,	9,	14,	0,	10.0,	0,	0,	0.0,	4,	0,	0,	0,	
Pool,	TP,	FN,	TN,	FP
1,	2355,	1472,	1375,	1463,	
2,	3850,	2082,	4037,	3391,	
3,	6977,	2647,	6070,	4314,	
4,	10603,	2044,	10558,	3453,	
5,	19184,	1753,	11151,	1218,	





OzaBagSRHT-RandomRBF
Speed Change:,	1.0,	Centroids:,	100,	DriftCentroid:	100
GracePeriod:,	200,	TieThreshold:,	0.05,	BinarySplit:,	false,	BaseClassifier:,	HT,	
EnsembleSize:,	5,	FirstClassifier:,	2,	Reset:,	true
Count,	Time,	TP,	FN,	TN,	FP,	Accu,	Kappa,	Kpa_t,	Mem,	Depth,	TSize,	DcNod,	ActLf,	InacLf,	Reset,	Alter,	Switch,	Prune,	ClOp0,	ClOp1,	ClOp2,	ClOp3
5000,	0.361,	1729,	798,	1674,	796,	68.08,	36.15,	35.15,	55,	1.0,	15,	5,	10,	0,	0.0,	0,	0,	0.0,	2,	0,	0,	0,	
10000,	0.54,	1951,	601,	1802,	646,	75.06,	50.08,	50.52,	76,	1.2,	21,	8,	13,	0,	0.0,	0,	0,	0.0,	2,	0,	0,	0,	
15000,	1.162,	3782,	1266,	3531,	1418,	78.2,	56.37,	56.33,	111,	2.0,	31,	13,	18,	0,	0.0,	0,	0,	0.0,	4,	0,	0,	0,	
20000,	1.456,	4270,	1057,	3180,	1493,	73.94,	46.31,	47.54,	104,	1.4,	29,	12,	17,	0,	0.0,	0,	0,	0.0,	4,	0,	0,	0,	
25000,	1.847,	6063,	1696,	4984,	2254,	74.68,	48.28,	49.03,	104,	1.4,	29,	12,	17,	0,	0.0,	0,	0,	0.0,	4,	0,	0,	0,	
30000,	2.901,	6636,	1469,	4539,	2356,	74.5,	47.28,	49.02,	146,	2.0,	41,	18,	23,	0,	0.0,	0,	0,	0.0,	5,	0,	0,	0,	
35000,	3.388,	7590,	2343,	6997,	3067,	70.8,	41.11,	40.63,	160,	1.8,	45,	20,	25,	0,	0.0,	0,	0,	0.0,	5,	0,	0,	0,	
40000,	4.006,	8135,	2107,	6654,	3104,	72.28,	43.73,	42.11,	83,	1.2,	23,	9,	14,	0,	0.0,	0,	0,	0.0,	4,	0,	0,	0,	
45000,	4.582,	9086,	2997,	9159,	3755,	73.16,	45.35,	45.09,	34,	0.4,	9,	2,	7,	0,	2.0,	0,	0,	0.0,	2,	0,	0,	0,	
50000,	5.788,	10145,	2763,	8192,	3900,	70.96,	41.44,	43.28,	76,	1.6,	21,	8,	13,	0,	2.0,	0,	0,	0.0,	3,	0,	0,	0,	
55000,	6.705,	11327,	3417,	10494,	4759,	71.52,	41.93,	41.4,	90,	1.6,	25,	10,	15,	0,	3.0,	0,	0,	0.0,	4,	0,	0,	0,	
60000,	7.396,	12355,	3236,	9603,	4806,	72.42,	43.83,	44.01,	132,	2.4,	37,	16,	21,	0,	3.0,	0,	0,	0.0,	5,	0,	0,	0,	
65000,	8.066,	13593,	4023,	11796,	5585,	71.36,	40.63,	40.85,	76,	1.0,	21,	8,	13,	0,	5.0,	0,	0,	0.0,	5,	0,	0,	0,	
70000,	8.94,	14604,	3857,	10958,	5581,	72.08,	42.36,	42.48,	125,	2.2,	35,	15,	20,	0,	5.0,	0,	0,	0.0,	6,	0,	0,	0,	
75000,	9.913,	15861,	4611,	13159,	6366,	72.62,	43.46,	44.87,	146,	2.2,	41,	18,	23,	0,	6.0,	0,	0,	0.0,	7,	0,	0,	0,	
80000,	10.664,	16325,	4578,	12755,	6342,	70.36,	40.71,	42.09,	181,	2.4,	51,	23,	28,	0,	6.0,	0,	0,	0.0,	7,	0,	0,	0,	
85000,	11.282,	17645,	5299,	15109,	6944,	74.68,	49.33,	48.68,	48,	0.8,	13,	4,	9,	0,	8.0,	0,	0,	0.0,	3,	0,	0,	0,	
90000,	12.293,	17990,	5336,	14752,	6922,	73.24,	46.31,	47.01,	55,	0.8,	15,	5,	10,	0,	9.0,	0,	0,	0.0,	2,	0,	0,	0,	
95000,	13.024,	19309,	5935,	17170,	7583,	74.5,	48.68,	48.17,	97,	1.6,	27,	11,	16,	0,	9.0,	0,	0,	0.0,	4,	0,	0,	0,	
100000,	13.591,	19546,	6051,	16879,	7524,	73.66,	46.65,	47.0,	90,	1.4,	25,	10,	15,	0,	10.0,	0,	0,	0.0,	4,	0,	0,	0,	

100000,	13.591,	38855,	11986,	34049,	15107,	72.91,	45.74,	45.29,	90,	1.4,	25,	10,	15,	0,	10.0,	0,	0,	0.0,	4,	0,	0,	0,	
Pool,	TP,	FN,	TN,	FP
1,	1006,	821,	2487,	2327,	
2,	4354,	2929,	3225,	2855,	
3,	8006,	4823,	3910,	3259,	
4,	8384,	1854,	11673,	4746,	
5,	17105,	1559,	12754,	1920,	





