OzaBagHT-ProcessRBF
Speed Change:,	0.0,	Centroids:,	100,	DriftCentroid:	100
GracePeriod:,	200,	TieThreshold:,	0.05,	BinarySplit:,	false,	BaseClassifier:,	HT,	
EnsembleSize:,	5
Count,	Time,	TP,	FN,	TN,	FP,	Accu,	Kappa,	Kpa_t,	Mem,	Depth,	TSize,	DcNod,	ActLf,	InacLf,	Reset,	Alter,	Switch,	Prune,	ClOp0,	ClOp1,	ClOp2,	ClOp3
5000,	0.764,	2198,	417,	1778,	603,	79.58,	58.92,	59.68,	97,	2.0,	27,	11,	16,	0,	0.0,	0,	0,	0.0,	2,	2,	0,	0,	
10000,	0.991,	2245,	367,	1990,	398,	84.7,	69.32,	69.36,	160,	3.0,	45,	20,	25,	0,	0.0,	0,	0,	0.0,	3,	3,	0,	0,	
15000,	1.349,	4466,	792,	3832,	906,	86.44,	72.84,	73.04,	265,	3.8,	75,	35,	40,	0,	0.0,	0,	0,	0.0,	4,	3,	0,	0,	
20000,	1.619,	3995,	768,	4235,	1002,	79.9,	59.47,	58.93,	335,	4.4,	95,	45,	50,	0,	0.0,	0,	0,	0.0,	5,	4,	0,	0,	
25000,	2.163,	6294,	1137,	6277,	1288,	85.46,	70.47,	70.29,	391,	4.8,	111,	53,	58,	0,	0.0,	0,	0,	0.0,	5,	4,	0,	0,	
30000,	2.472,	5785,	1128,	6756,	1331,	86.22,	71.84,	71.7,	475,	5.0,	135,	65,	70,	0,	0.0,	0,	0,	0.0,	6,	4,	0,	0,	
35000,	2.677,	8514,	1563,	8365,	1554,	86.16,	72.33,	72.22,	573,	5.8,	163,	79,	84,	0,	0.0,	0,	0,	0.0,	7,	5,	0,	0,	
40000,	2.872,	8284,	1351,	8775,	1590,	90.36,	80.54,	80.49,	671,	6.4,	191,	93,	98,	0,	0.0,	0,	0,	0.0,	7,	6,	0,	0,	
45000,	3.182,	10931,	1771,	10516,	1778,	91.36,	82.67,	82.6,	727,	6.8,	207,	101,	106,	0,	0.0,	0,	0,	0.0,	8,	6,	0,	0,	
50000,	3.401,	11306,	1947,	9804,	1943,	81.02,	55.0,	53.48,	783,	6.8,	223,	109,	114,	0,	0.0,	0,	0,	0.0,	8,	6,	0,	0,	
55000,	3.599,	14293,	2005,	11581,	2117,	88.54,	70.95,	72.32,	874,	6.8,	249,	122,	127,	0,	0.0,	0,	0,	0.0,	8,	6,	0,	0,	
60000,	3.888,	14796,	2130,	10806,	2268,	89.84,	73.02,	73.9,	951,	7.0,	271,	133,	138,	0,	0.0,	0,	0,	0.0,	8,	6,	0,	0,	
65000,	4.061,	17069,	2167,	13026,	2734,	84.42,	66.76,	68.28,	1056,	7.6,	301,	148,	153,	0,	0.0,	0,	0,	0.0,	8,	7,	0,	0,	
70000,	4.221,	17595,	2265,	12487,	2653,	89.6,	78.16,	78.52,	1161,	7.8,	331,	163,	168,	0,	0.0,	0,	0,	0.0,	8,	7,	0,	0,	
75000,	4.461,	19842,	2315,	14775,	3064,	90.44,	80.07,	80.14,	1252,	7.8,	357,	176,	181,	0,	0.0,	0,	0,	0.0,	8,	7,	0,	0,	
80000,	4.611,	20903,	2552,	13573,	2972,	87.88,	69.8,	69.58,	1294,	8.0,	369,	182,	187,	0,	0.0,	0,	0,	0.0,	8,	8,	0,	0,	
85000,	4.761,	23232,	2471,	15889,	3404,	90.08,	75.01,	76.04,	1371,	8.0,	391,	193,	198,	0,	0.0,	0,	0,	0.0,	8,	8,	0,	0,	
90000,	4.971,	24340,	2685,	14696,	3279,	91.2,	77.64,	78.66,	1406,	8.2,	401,	198,	203,	0,	0.0,	0,	0,	0.0,	9,	8,	0,	0,	
95000,	5.123,	24844,	2591,	18263,	4298,	79.72,	59.47,	55.43,	1476,	8.8,	421,	208,	213,	0,	0.0,	0,	0,	0.0,	10,	8,	0,	0,	
100000,	5.273,	26008,	2798,	17360,	3834,	86.64,	72.4,	70.73,	1539,	8.8,	439,	217,	222,	0,	0.0,	0,	0,	0.0,	10,	8,	0,	0,	

100000,	5.273,	50852,	5389,	35623,	8132,	86.48,	72.33,	70.82,	1539,	8.8,	439,	217,	222,	0,	0.0,	0,	0,	0.0,	10,	8,	0,	0,	
Pool,	TP,	FN,	TN,	FP
1,	1340,	368,	3062,	1904,	
2,	2346,	1036,	7868,	2081,	
3,	12221,	1344,	5433,	1032,	
4,	15249,	1377,	8304,	1747,	
5,	19696,	1264,	10956,	1368,	





OzaBagHT-ProcessRBF
Speed Change:,	0.001,	Centroids:,	100,	DriftCentroid:	100
GracePeriod:,	200,	TieThreshold:,	0.05,	BinarySplit:,	false,	BaseClassifier:,	HT,	
EnsembleSize:,	5
Count,	Time,	TP,	FN,	TN,	FP,	Accu,	Kappa,	Kpa_t,	Mem,	Depth,	TSize,	DcNod,	ActLf,	InacLf,	Reset,	Alter,	Switch,	Prune,	ClOp0,	ClOp1,	ClOp2,	ClOp3
5000,	0.252,	875,	567,	3378,	178,	85.06,	60.44,	63.65,	62,	1.2,	17,	6,	11,	0,	0.0,	0,	0,	0.0,	2,	1,	0,	0,	
10000,	0.415,	1069,	429,	3349,	153,	88.36,	70.72,	72.23,	181,	3.2,	51,	23,	28,	0,	0.0,	0,	0,	0.0,	4,	3,	0,	0,	
15000,	0.695,	1950,	931,	6797,	320,	89.88,	74.14,	75.53,	272,	4.4,	77,	36,	41,	0,	0.0,	0,	0,	0.0,	5,	4,	0,	0,	
20000,	0.883,	2143,	872,	6661,	324,	87.72,	69.4,	71.67,	356,	4.8,	101,	48,	53,	0,	0.0,	0,	0,	0.0,	5,	4,	0,	0,	
25000,	1.074,	3100,	1250,	10179,	469,	90.64,	76.65,	77.34,	447,	5.2,	127,	61,	66,	0,	0.0,	0,	0,	0.0,	6,	5,	0,	0,	
30000,	1.328,	3375,	1154,	9988,	483,	91.18,	78.62,	78.72,	531,	6.4,	151,	73,	78,	0,	0.0,	0,	0,	0.0,	7,	6,	0,	0,	
35000,	1.476,	4550,	1682,	13115,	651,	87.72,	73.13,	73.6,	573,	6.8,	163,	79,	84,	0,	0.0,	0,	0,	0.0,	7,	6,	0,	0,	
40000,	1.624,	5043,	1424,	12833,	700,	90.26,	79.38,	79.67,	622,	7.0,	177,	86,	91,	0,	0.0,	0,	0,	0.0,	8,	6,	0,	0,	
45000,	1.931,	6194,	1955,	15979,	870,	90.16,	79.08,	79.21,	720,	7.8,	205,	100,	105,	0,	0.0,	0,	0,	0.0,	9,	6,	0,	0,	
50000,	2.071,	6871,	1671,	15577,	881,	91.44,	82.29,	82.62,	797,	8.2,	227,	111,	116,	0,	0.0,	0,	0,	0.0,	9,	7,	0,	0,	
55000,	2.19,	8021,	2178,	18752,	1047,	92.0,	83.41,	83.41,	881,	8.2,	251,	123,	128,	0,	0.0,	0,	0,	0.0,	9,	7,	0,	0,	
60000,	2.42,	8751,	1885,	18298,	1066,	92.02,	83.58,	83.48,	958,	8.4,	273,	134,	139,	0,	0.0,	0,	0,	0.0,	9,	8,	0,	0,	
65000,	2.57,	9802,	2564,	21391,	1241,	88.4,	76.13,	76.74,	1042,	8.6,	297,	146,	151,	0,	0.0,	0,	0,	0.0,	9,	8,	0,	0,	
70000,	2.714,	10748,	2089,	20932,	1231,	92.62,	85.0,	84.7,	1154,	9.0,	329,	162,	167,	0,	0.0,	0,	0,	0.0,	10,	8,	0,	0,	
75000,	2.972,	11745,	2730,	24087,	1436,	92.78,	85.23,	85.34,	1238,	10.2,	353,	174,	179,	0,	0.0,	0,	0,	0.0,	11,	10,	0,	0,	
80000,	3.123,	12858,	2233,	23504,	1405,	93.64,	87.17,	87.27,	1350,	10.2,	385,	190,	195,	0,	0.0,	0,	0,	0.0,	11,	10,	0,	0,	
85000,	3.273,	13831,	2884,	26675,	1608,	93.48,	86.83,	86.93,	1441,	10.2,	411,	203,	208,	0,	0.0,	0,	0,	0.0,	11,	10,	0,	0,	
90000,	3.469,	15004,	2336,	26062,	1598,	94.08,	88.08,	88.03,	1567,	10.4,	447,	221,	226,	0,	0.0,	0,	0,	0.0,	11,	10,	0,	0,	
95000,	3.589,	15687,	2996,	29482,	1833,	93.26,	86.02,	85.71,	1630,	10.4,	465,	230,	235,	0,	0.0,	0,	0,	0.0,	11,	10,	0,	0,	
100000,	3.709,	16778,	2439,	29016,	1767,	94.56,	88.48,	88.27,	1714,	10.6,	489,	242,	247,	0,	0.0,	0,	0,	0.0,	11,	10,	0,	0,	

100000,	3.709,	32465,	5435,	58498,	3600,	90.96,	80.62,	80.53,	1714,	10.6,	489,	242,	247,	0,	0.0,	0,	0,	0.0,	11,	10,	0,	0,	
Pool,	TP,	FN,	TN,	FP
1,	2214,	1468,	2189,	807,	
2,	4102,	868,	7295,	1071,	
3,	5271,	1682,	11691,	1364,	
4,	20135,	1255,	5209,	59,	
5,	743,	162,	32114,	299,	





OzaBagHT-ProcessRBF
Speed Change:,	0.01,	Centroids:,	100,	DriftCentroid:	100
GracePeriod:,	200,	TieThreshold:,	0.05,	BinarySplit:,	false,	BaseClassifier:,	HT,	
EnsembleSize:,	5
Count,	Time,	TP,	FN,	TN,	FP,	Accu,	Kappa,	Kpa_t,	Mem,	Depth,	TSize,	DcNod,	ActLf,	InacLf,	Reset,	Alter,	Switch,	Prune,	ClOp0,	ClOp1,	ClOp2,	ClOp3
5000,	0.235,	1355,	701,	2555,	387,	78.2,	53.93,	52.75,	90,	2.0,	25,	10,	15,	0,	0.0,	0,	0,	0.0,	2,	2,	0,	0,	
10000,	0.371,	1784,	372,	2599,	245,	87.66,	74.66,	75.29,	160,	3.6,	45,	20,	25,	0,	0.0,	0,	0,	0.0,	5,	2,	0,	0,	
15000,	0.571,	2989,	1130,	5325,	554,	88.08,	74.93,	75.49,	237,	4.2,	67,	31,	36,	0,	0.0,	0,	0,	0.0,	5,	4,	0,	0,	
20000,	0.712,	3054,	639,	5825,	482,	89.92,	76.2,	76.1,	356,	5.2,	101,	48,	53,	0,	0.0,	0,	0,	0.0,	6,	4,	0,	0,	
25000,	0.834,	4285,	1315,	8705,	693,	93.52,	84.32,	84.2,	384,	5.4,	109,	52,	57,	0,	0.0,	0,	0,	0.0,	6,	5,	0,	0,	
30000,	1.026,	4336,	830,	9250,	584,	94.14,	85.65,	85.82,	496,	6.0,	141,	68,	73,	0,	0.0,	0,	0,	0.0,	7,	5,	0,	0,	
35000,	1.191,	7070,	1925,	10196,	807,	85.52,	69.29,	66.39,	671,	6.2,	191,	93,	98,	0,	0.0,	0,	0,	0.0,	7,	6,	0,	0,	
40000,	1.371,	7484,	1053,	10732,	731,	92.6,	83.35,	83.08,	790,	6.4,	225,	110,	115,	0,	0.0,	0,	0,	0.0,	7,	6,	0,	0,	
45000,	1.61,	10256,	2139,	11662,	941,	93.04,	84.22,	84.04,	860,	6.6,	245,	120,	125,	0,	0.0,	0,	0,	0.0,	8,	6,	0,	0,	
50000,	1.783,	10108,	1282,	12366,	1244,	85.16,	69.21,	70.16,	944,	6.8,	269,	132,	137,	0,	0.0,	0,	0,	0.0,	8,	6,	0,	0,	
55000,	1.963,	12809,	2370,	13606,	1213,	89.94,	79.58,	79.69,	1035,	7.0,	295,	145,	150,	0,	0.0,	0,	0,	0.0,	8,	6,	0,	0,	
60000,	2.214,	12748,	1449,	14294,	1509,	91.36,	82.37,	82.27,	1126,	7.4,	321,	158,	163,	0,	0.0,	0,	0,	0.0,	8,	7,	0,	0,	
65000,	2.377,	15188,	2586,	15739,	1485,	90.24,	80.44,	80.96,	1182,	7.4,	337,	166,	171,	0,	0.0,	0,	0,	0.0,	8,	7,	0,	0,	
70000,	2.537,	15196,	1629,	16469,	1706,	92.46,	84.87,	85.1,	1259,	7.6,	359,	177,	182,	0,	0.0,	0,	0,	0.0,	8,	7,	0,	0,	
75000,	2.782,	17643,	2772,	17910,	1673,	92.52,	84.99,	84.99,	1322,	7.6,	377,	186,	191,	0,	0.0,	0,	0,	0.0,	8,	7,	0,	0,	
80000,	2.952,	18392,	1891,	17842,	1875,	91.38,	80.12,	80.03,	1406,	7.8,	401,	198,	203,	0,	0.0,	0,	0,	0.0,	8,	7,	0,	0,	
85000,	3.072,	20834,	3005,	19323,	1836,	92.08,	81.87,	81.73,	1532,	8.0,	437,	216,	221,	0,	0.0,	0,	0,	0.0,	8,	8,	0,	0,	
90000,	3.249,	21617,	2095,	19259,	2029,	92.84,	83.53,	83.08,	1595,	8.0,	455,	225,	230,	0,	0.0,	0,	0,	0.0,	8,	8,	0,	0,	
95000,	3.396,	22694,	3410,	21678,	2216,	84.3,	68.29,	68.28,	1714,	8.4,	489,	242,	247,	0,	0.0,	0,	0,	0.0,	9,	8,	0,	0,	
100000,	3.538,	23596,	2408,	21736,	2260,	89.12,	78.03,	78.57,	1805,	9.2,	515,	255,	260,	0,	0.0,	0,	0,	0.0,	10,	9,	0,	0,	

100000,	3.538,	46290,	5818,	43414,	4476,	89.7,	79.39,	77.82,	1805,	9.2,	515,	255,	260,	0,	0.0,	0,	0,	0.0,	10,	9,	0,	0,	
Pool,	TP,	FN,	TN,	FP
1,	2394,	1071,	2803,	388,	
2,	3819,	486,	7474,	1566,	
3,	9372,	1508,	8351,	756,	
4,	13282,	1396,	11101,	890,	
5,	17423,	1357,	13685,	876,	





OzaBagHT-ProcessRBF
Speed Change:,	0.1,	Centroids:,	100,	DriftCentroid:	100
GracePeriod:,	200,	TieThreshold:,	0.05,	BinarySplit:,	false,	BaseClassifier:,	HT,	
EnsembleSize:,	5
Count,	Time,	TP,	FN,	TN,	FP,	Accu,	Kappa,	Kpa_t,	Mem,	Depth,	TSize,	DcNod,	ActLf,	InacLf,	Reset,	Alter,	Switch,	Prune,	ClOp0,	ClOp1,	ClOp2,	ClOp3
5000,	0.261,	1968,	604,	1847,	579,	76.3,	52.57,	53.01,	90,	2.0,	25,	10,	15,	0,	0.0,	0,	0,	0.0,	2,	2,	0,	0,	
10000,	0.398,	2044,	507,	2007,	442,	81.02,	62.04,	60.74,	167,	3.8,	47,	21,	26,	0,	0.0,	0,	0,	0.0,	4,	3,	0,	0,	
15000,	0.628,	4249,	872,	3978,	899,	88.24,	76.46,	76.87,	202,	4.6,	57,	26,	31,	0,	0.0,	0,	0,	0.0,	6,	4,	0,	0,	
20000,	0.793,	3645,	944,	4651,	760,	84.9,	68.45,	68.28,	314,	6.2,	89,	42,	47,	0,	0.0,	0,	0,	0.0,	7,	5,	0,	0,	
25000,	0.954,	6117,	1090,	6691,	1100,	91.62,	82.75,	82.84,	433,	6.8,	123,	59,	64,	0,	0.0,	0,	0,	0.0,	8,	5,	0,	0,	
30000,	1.156,	5475,	1153,	7445,	927,	92.48,	84.38,	84.83,	510,	7.0,	145,	70,	75,	0,	0.0,	0,	0,	0.0,	8,	6,	0,	0,	
35000,	1.336,	7352,	1457,	9709,	1480,	85.06,	65.77,	65.73,	643,	7.6,	183,	89,	94,	0,	0.0,	0,	0,	0.0,	8,	7,	0,	0,	
40000,	1.496,	6803,	1439,	10529,	1229,	88.24,	73.18,	73.21,	741,	8.0,	211,	103,	108,	0,	0.0,	0,	0,	0.0,	9,	7,	0,	0,	
45000,	1.718,	8706,	1727,	12832,	1733,	89.54,	76.09,	76.24,	804,	8.6,	229,	112,	117,	0,	0.0,	0,	0,	0.0,	10,	7,	0,	0,	
50000,	1.878,	8335,	1851,	13346,	1468,	86.98,	72.15,	72.99,	895,	8.8,	255,	125,	130,	0,	0.0,	0,	0,	0.0,	10,	7,	0,	0,	
55000,	2.048,	10395,	2032,	15657,	1914,	90.28,	79.52,	79.72,	958,	9.0,	273,	134,	139,	0,	0.0,	0,	0,	0.0,	10,	7,	0,	0,	
60000,	2.285,	10006,	2135,	16212,	1647,	90.74,	80.37,	80.58,	1049,	9.2,	299,	147,	152,	0,	0.0,	0,	0,	0.0,	10,	8,	0,	0,	
65000,	2.435,	12907,	2607,	17467,	2017,	86.44,	72.58,	71.16,	1091,	9.4,	311,	153,	158,	0,	0.0,	0,	0,	0.0,	11,	8,	0,	0,	
70000,	2.595,	12738,	2442,	18040,	1780,	91.2,	81.83,	81.71,	1175,	9.6,	335,	165,	170,	0,	0.0,	0,	0,	0.0,	12,	8,	0,	0,	
75000,	2.868,	15718,	2863,	19294,	2123,	92.76,	84.95,	84.76,	1301,	9.8,	371,	183,	188,	0,	0.0,	0,	0,	0.0,	12,	8,	0,	0,	
80000,	3.008,	15292,	2786,	19828,	2094,	86.84,	73.05,	73.45,	1364,	10.0,	389,	192,	197,	0,	0.0,	0,	0,	0.0,	12,	8,	0,	0,	
85000,	3.148,	18443,	3163,	21077,	2315,	90.16,	79.6,	79.39,	1462,	10.0,	417,	206,	211,	0,	0.0,	0,	0,	0.0,	12,	8,	0,	0,	
90000,	3.344,	17921,	3062,	21711,	2306,	90.24,	80.04,	80.39,	1518,	10.0,	433,	214,	219,	0,	0.0,	0,	0,	0.0,	12,	8,	0,	0,	
95000,	3.484,	20965,	3671,	22869,	2493,	86.28,	72.09,	70.61,	1637,	10.4,	467,	231,	236,	0,	0.0,	0,	0,	0.0,	12,	8,	0,	0,	
100000,	3.634,	20589,	3381,	23530,	2500,	89.74,	78.88,	78.57,	1700,	10.6,	485,	240,	245,	0,	0.0,	0,	0,	0.0,	12,	9,	0,	0,	

100000,	3.634,	41554,	7052,	46399,	4993,	87.95,	75.86,	74.78,	1700,	10.6,	485,	240,	245,	0,	0.0,	0,	0,	0.0,	12,	9,	0,	0,	
Pool,	TP,	FN,	TN,	FP
1,	835,	787,	4478,	557,	
2,	4920,	1415,	6224,	793,	
3,	5347,	2123,	10810,	1698,	
4,	11252,	1492,	12996,	980,	
5,	19200,	1235,	11891,	965,	





OzaBagHT-ProcessRBF
Speed Change:,	1.0,	Centroids:,	100,	DriftCentroid:	100
GracePeriod:,	200,	TieThreshold:,	0.05,	BinarySplit:,	false,	BaseClassifier:,	HT,	
EnsembleSize:,	5
Count,	Time,	TP,	FN,	TN,	FP,	Accu,	Kappa,	Kpa_t,	Mem,	Depth,	TSize,	DcNod,	ActLf,	InacLf,	Reset,	Alter,	Switch,	Prune,	ClOp0,	ClOp1,	ClOp2,	ClOp3
5000,	0.213,	2431,	451,	1454,	660,	77.76,	53.83,	54.39,	97,	2.0,	27,	11,	16,	0,	0.0,	0,	0,	0.0,	2,	2,	0,	0,	
10000,	0.34,	2612,	279,	1474,	635,	81.72,	61.63,	62.66,	167,	3.2,	47,	21,	26,	0,	0.0,	0,	0,	0.0,	4,	3,	0,	0,	
15000,	0.56,	4961,	800,	3052,	1183,	82.56,	63.91,	64.52,	244,	4.0,	69,	32,	37,	0,	0.0,	0,	0,	0.0,	4,	4,	0,	0,	
20000,	0.794,	4742,	721,	3161,	1376,	76.34,	52.48,	52.77,	314,	5.2,	89,	42,	47,	0,	0.0,	0,	0,	0.0,	6,	4,	0,	0,	
25000,	1.013,	6996,	1213,	5221,	1566,	84.08,	68.14,	68.1,	454,	5.6,	129,	62,	67,	0,	0.0,	0,	0,	0.0,	6,	5,	0,	0,	
30000,	1.242,	6854,	1124,	5340,	1682,	85.82,	71.65,	71.2,	517,	6.0,	147,	71,	76,	0,	0.0,	0,	0,	0.0,	7,	5,	0,	0,	
35000,	1.422,	8951,	1773,	7353,	1919,	81.74,	63.5,	64.2,	643,	7.2,	183,	89,	94,	0,	0.0,	0,	0,	0.0,	8,	6,	0,	0,	
40000,	1.587,	8990,	1521,	7532,	1957,	86.56,	73.13,	72.68,	741,	7.8,	211,	103,	108,	0,	0.0,	0,	0,	0.0,	9,	7,	0,	0,	
45000,	1.907,	11032,	2122,	9634,	2208,	87.24,	74.44,	74.53,	797,	8.2,	227,	111,	116,	0,	0.0,	0,	0,	0.0,	9,	7,	0,	0,	
50000,	2.037,	11395,	1903,	8947,	2755,	76.4,	51.23,	52.63,	853,	9.0,	243,	119,	124,	0,	0.0,	0,	0,	0.0,	10,	8,	0,	0,	
55000,	2.164,	13549,	2439,	11296,	2712,	83.58,	66.22,	66.49,	937,	9.0,	267,	131,	136,	0,	0.0,	0,	0,	0.0,	10,	8,	0,	0,	
60000,	2.34,	13900,	2213,	10747,	3140,	86.1,	71.64,	71.21,	1028,	9.2,	293,	144,	149,	0,	0.0,	0,	0,	0.0,	10,	8,	0,	0,	
65000,	2.491,	15294,	3135,	13456,	3111,	78.1,	56.05,	57.43,	1126,	9.2,	321,	158,	163,	0,	0.0,	0,	0,	0.0,	10,	8,	0,	0,	
70000,	2.632,	15976,	2625,	13032,	3367,	87.22,	74.43,	74.57,	1238,	9.6,	353,	174,	179,	0,	0.0,	0,	0,	0.0,	10,	9,	0,	0,	
75000,	2.843,	17510,	3393,	15775,	3318,	90.7,	81.39,	81.64,	1308,	9.6,	373,	184,	189,	0,	0.0,	0,	0,	0.0,	10,	9,	0,	0,	
80000,	3.043,	18054,	3206,	14861,	3879,	78.14,	56.18,	56.73,	1420,	9.8,	405,	200,	205,	0,	0.0,	0,	0,	0.0,	11,	9,	0,	0,	
85000,	3.235,	19909,	3724,	17757,	3606,	87.62,	75.07,	75.43,	1532,	10.2,	437,	216,	221,	0,	0.0,	0,	0,	0.0,	11,	9,	0,	0,	
90000,	3.492,	20477,	3413,	16976,	4134,	90.76,	81.45,	81.28,	1651,	10.6,	471,	233,	238,	0,	0.0,	0,	0,	0.0,	12,	10,	0,	0,	
95000,	3.684,	22613,	4048,	19178,	4157,	82.5,	62.62,	63.62,	1763,	10.8,	503,	249,	254,	0,	0.0,	0,	0,	0.0,	12,	10,	0,	0,	
100000,	3.834,	23157,	3676,	18684,	4483,	87.76,	74.57,	74.91,	1861,	10.8,	531,	263,	268,	0,	0.0,	0,	0,	0.0,	12,	10,	0,	0,	

100000,	3.834,	45770,	7724,	37862,	8640,	83.64,	67.07,	67.04,	1861,	10.8,	531,	263,	268,	0,	0.0,	0,	0,	0.0,	12,	10,	0,	0,	
Pool,	TP,	FN,	TN,	FP
1,	2510,	1056,	2066,	1041,	
2,	3349,	1685,	6386,	1911,	
3,	5892,	1916,	9826,	2372,	
4,	9687,	1600,	12542,	2812,	
5,	24332,	1467,	7042,	504,	





