OzaBoostAdaHT-ProcessRBF
Speed Change:,	0.0,	Centroids:,	100,	DriftCentroid:	100
GracePeriod:,	200,	TieThreshold:,	0.05,	BinarySplit:,	false,	BaseClassifier:,	HT,	
EnsembleSize:,	5
Count,	Time,	TP,	FN,	TN,	FP,	Accu,	Kappa,	Kpa_t,	Mem,	Depth,	TSize,	DcNod,	ActLf,	InacLf,	Reset,	Alter,	Switch,	Prune,	ClOp0,	ClOp1,	ClOp2,	ClOp3
5000,	0.357,	1973,	451,	2012,	560,	79.72,	59.46,	59.68,	151,	2.0,	33,	14,	19,	0,	0.0,	0,	0,	0.0,	0,	0,	0,	0,	
10000,	0.628,	2045,	316,	2271,	368,	86.32,	72.59,	71.89,	250,	3.6,	55,	25,	30,	0,	0.0,	0,	0,	0.0,	0,	0,	0,	0,	
15000,	1.02,	4084,	698,	4366,	848,	89.3,	78.55,	78.23,	349,	4.0,	77,	36,	41,	0,	0.0,	0,	0,	0.0,	0,	0,	0,	0,	
20000,	1.38,	3356,	626,	5315,	703,	87.1,	70.68,	70.88,	562,	5.6,	120,	61,	59,	0,	0.0,	0,	0,	0.4,	0,	0,	0,	0,	
25000,	1.641,	5338,	1019,	7537,	1102,	88.5,	73.04,	73.33,	623,	5.4,	152,	77,	75,	0,	0.0,	0,	0,	0.6,	0,	0,	0,	0,	
30000,	2.019,	4735,	896,	8412,	957,	89.52,	76.23,	76.44,	758,	6.4,	182,	92,	90,	0,	0.0,	0,	0,	0.6,	0,	0,	0,	0,	
35000,	2.413,	7700,	1398,	9512,	1386,	86.74,	73.33,	73.65,	747,	6.6,	186,	105,	81,	0,	0.0,	0,	0,	3.0,	0,	0,	0,	0,	
40000,	2.754,	7174,	1208,	10423,	1195,	89.0,	77.84,	78.49,	807,	6.8,	222,	123,	99,	0,	0.0,	0,	0,	4.0,	0,	0,	0,	0,	
45000,	3.146,	10176,	1684,	11536,	1600,	90.0,	79.84,	80.14,	923,	7.4,	246,	135,	111,	0,	0.0,	0,	0,	4.0,	0,	0,	0,	0,	
50000,	3.491,	10547,	1487,	11526,	1440,	89.52,	73.6,	73.39,	1056,	7.4,	276,	150,	126,	0,	0.0,	0,	0,	4.6,	0,	0,	0,	0,	
55000,	3.829,	13563,	1871,	12723,	1839,	91.48,	78.87,	78.63,	1165,	7.6,	301,	166,	135,	0,	0.0,	0,	0,	5.2,	0,	0,	0,	0,	
60000,	4.429,	14020,	1673,	12650,	1657,	91.94,	79.32,	79.54,	1278,	7.6,	331,	181,	150,	0,	0.0,	0,	0,	5.4,	0,	0,	0,	0,	
65000,	4.866,	16684,	2129,	13998,	2185,	87.92,	72.02,	72.57,	1312,	7.8,	349,	203,	146,	0,	0.0,	0,	0,	8.6,	0,	0,	0,	0,	
70000,	5.22,	17254,	1835,	13935,	1976,	90.38,	77.34,	78.49,	1438,	8.2,	378,	219,	159,	0,	0.0,	0,	0,	10.0,	0,	0,	0,	0,	
75000,	5.664,	19969,	2323,	15291,	2413,	91.56,	79.94,	79.67,	1532,	8.2,	402,	231,	171,	0,	0.0,	0,	0,	11.0,	0,	0,	0,	0,	
80000,	6.098,	20445,	2089,	15153,	2313,	88.18,	72.01,	72.04,	1724,	8.6,	446,	253,	193,	0,	0.0,	0,	0,	12.8,	0,	0,	0,	0,	
85000,	6.521,	23144,	2540,	16592,	2720,	89.52,	75.62,	76.7,	1919,	8.8,	482,	271,	211,	0,	0.0,	0,	0,	14.6,	0,	0,	0,	0,	
90000,	6.987,	23646,	2294,	16483,	2577,	90.62,	78.18,	78.2,	1958,	8.8,	504,	282,	222,	0,	0.0,	0,	0,	16.0,	0,	0,	0,	0,	
95000,	7.426,	25953,	2710,	18312,	3021,	90.58,	80.23,	80.49,	1949,	9.4,	539,	307,	232,	0,	0.0,	0,	0,	16.8,	0,	0,	0,	0,	
100000,	7.791,	26405,	2493,	18297,	2805,	91.46,	82.29,	82.13,	2095,	9.6,	575,	325,	250,	0,	0.0,	0,	0,	17.4,	0,	0,	0,	0,	

100000,	7.791,	52358,	5203,	36609,	5826,	88.97,	77.38,	75.68,	2095,	9.6,	575,	325,	250,	0,	0.0,	0,	0,	17.4,	0,	0,	0,	0,	
Pool,	TP,	FN,	TN,	FP
1,	2587,	978,	2331,	760,	
2,	6781,	1641,	3915,	1002,	
3,	4779,	1033,	11371,	2829,	
4,	14865,	1235,	9476,	1084,	
5,	23346,	316,	9516,	151,	





OzaBoostAdaHT-ProcessRBF
Speed Change:,	0.001,	Centroids:,	100,	DriftCentroid:	100
GracePeriod:,	200,	TieThreshold:,	0.05,	BinarySplit:,	false,	BaseClassifier:,	HT,	
EnsembleSize:,	5
Count,	Time,	TP,	FN,	TN,	FP,	Accu,	Kappa,	Kpa_t,	Mem,	Depth,	TSize,	DcNod,	ActLf,	InacLf,	Reset,	Alter,	Switch,	Prune,	ClOp0,	ClOp1,	ClOp2,	ClOp3
5000,	0.33,	2451,	508,	1545,	488,	80.02,	58.67,	58.82,	133,	2.4,	29,	12,	17,	0,	0.0,	0,	0,	0.0,	0,	0,	0,	0,	
10000,	0.58,	2720,	303,	1607,	370,	86.54,	71.68,	70.99,	232,	4.0,	51,	23,	28,	0,	0.0,	0,	0,	0.0,	0,	0,	0,	0,	
15000,	0.94,	5139,	810,	3244,	799,	87.74,	74.48,	74.04,	394,	5.0,	87,	41,	46,	0,	0.0,	0,	0,	0.0,	0,	0,	0,	0,	
20000,	1.27,	5369,	606,	3376,	649,	88.36,	75.98,	76.1,	493,	5.6,	129,	62,	67,	0,	0.0,	0,	0,	0.4,	0,	0,	0,	0,	
25000,	1.551,	7882,	1015,	5058,	1037,	91.14,	81.65,	81.99,	610,	5.8,	155,	75,	80,	0,	0.0,	0,	0,	0.4,	0,	0,	0,	0,	
30000,	1.93,	8116,	815,	5175,	894,	90.92,	81.16,	80.96,	754,	6.6,	187,	91,	96,	0,	0.0,	0,	0,	0.4,	0,	0,	0,	0,	
35000,	2.325,	9319,	1346,	7908,	1419,	85.74,	69.01,	68.49,	520,	5.4,	237,	116,	121,	0,	0.0,	0,	0,	1.4,	0,	0,	0,	0,	
40000,	2.62,	9617,	1084,	8150,	1149,	89.52,	77.05,	77.45,	594,	5.6,	262,	132,	130,	0,	0.0,	0,	0,	2.0,	0,	0,	0,	0,	
45000,	3.011,	10912,	1617,	10772,	1691,	89.14,	76.78,	76.11,	753,	6.4,	300,	151,	149,	0,	0.0,	0,	0,	2.6,	0,	0,	0,	0,	
50000,	3.391,	12448,	1359,	9872,	1321,	91.06,	81.2,	81.43,	808,	5.8,	327,	174,	153,	0,	0.0,	0,	0,	3.6,	0,	0,	0,	0,	
55000,	3.709,	13917,	1802,	12410,	1863,	92.86,	84.56,	84.65,	914,	6.4,	361,	191,	170,	0,	0.0,	0,	0,	3.6,	0,	0,	0,	0,	
60000,	4.079,	15371,	1519,	11586,	1524,	92.74,	84.58,	84.84,	1003,	7.2,	381,	201,	180,	0,	0.0,	0,	0,	3.6,	0,	0,	0,	0,	
65000,	4.508,	15368,	2033,	15405,	2186,	88.92,	75.51,	75.63,	752,	5.4,	420,	225,	195,	0,	0.0,	0,	0,	5.0,	0,	0,	0,	0,	
70000,	4.848,	16704,	1781,	14789,	1726,	90.72,	78.43,	78.45,	762,	6.4,	460,	245,	215,	0,	0.0,	0,	0,	5.8,	0,	0,	0,	0,	
75000,	5.231,	16770,	2239,	18634,	2349,	92.62,	82.97,	83.03,	865,	6.8,	490,	260,	230,	0,	0.0,	0,	0,	5.8,	0,	0,	0,	0,	
80000,	5.669,	19299,	2142,	16461,	2098,	85.34,	69.65,	69.5,	623,	5.8,	544,	287,	257,	0,	0.0,	0,	0,	6.6,	0,	0,	0,	0,	
85000,	6.008,	19515,	2491,	20328,	2658,	88.78,	76.53,	76.43,	832,	6.6,	590,	310,	280,	0,	0.0,	0,	0,	6.6,	0,	0,	0,	0,	
90000,	6.381,	22017,	2391,	18203,	2389,	89.2,	77.55,	77.16,	982,	7.4,	622,	326,	296,	0,	0.0,	0,	0,	6.6,	0,	0,	0,	0,	
95000,	6.767,	21567,	2806,	22598,	3021,	86.44,	72.83,	73.25,	926,	6.8,	658,	344,	314,	0,	0.0,	0,	0,	8.0,	0,	0,	0,	0,	
100000,	7.117,	24158,	2649,	20558,	2635,	89.92,	79.8,	80.1,	987,	7.2,	702,	366,	336,	0,	0.0,	0,	0,	8.2,	0,	0,	0,	0,	

100000,	7.117,	45725,	5455,	43156,	5656,	88.89,	77.76,	76.45,	987,	7.2,	702,	366,	336,	0,	0.0,	0,	0,	8.2,	0,	0,	0,	0,	
Pool,	TP,	FN,	TN,	FP
1,	2873,	1359,	1563,	866,	
2,	4687,	1471,	5877,	1284,	
3,	8805,	1138,	8575,	1501,	
4,	8179,	917,	16141,	1447,	
5,	21181,	570,	11000,	558,	





OzaBoostAdaHT-ProcessRBF
Speed Change:,	0.01,	Centroids:,	100,	DriftCentroid:	100
GracePeriod:,	200,	TieThreshold:,	0.05,	BinarySplit:,	false,	BaseClassifier:,	HT,	
EnsembleSize:,	5
Count,	Time,	TP,	FN,	TN,	FP,	Accu,	Kappa,	Kpa_t,	Mem,	Depth,	TSize,	DcNod,	ActLf,	InacLf,	Reset,	Alter,	Switch,	Prune,	ClOp0,	ClOp1,	ClOp2,	ClOp3
5000,	0.38,	2546,	331,	1597,	520,	82.94,	64.65,	64.65,	132,	2.0,	29,	12,	17,	0,	0.0,	0,	0,	0.0,	0,	0,	0,	0,	
10000,	0.718,	2696,	191,	1849,	264,	90.9,	81.27,	81.34,	268,	3.6,	59,	27,	32,	0,	0.0,	0,	0,	0.0,	0,	0,	0,	0,	
15000,	1.074,	5175,	543,	3581,	695,	92.26,	84.26,	84.48,	430,	4.8,	95,	45,	50,	0,	0.0,	0,	0,	0.0,	0,	0,	0,	0,	
20000,	1.488,	5362,	461,	3529,	648,	86.92,	72.8,	72.83,	573,	5.6,	134,	68,	66,	0,	0.0,	0,	0,	2.2,	0,	0,	0,	0,	
25000,	1.813,	7893,	759,	5396,	946,	90.66,	80.69,	80.92,	746,	6.4,	174,	88,	86,	0,	0.0,	0,	0,	2.6,	0,	0,	0,	0,	
30000,	2.203,	8120,	653,	5360,	867,	91.78,	82.98,	83.09,	965,	7.0,	222,	112,	110,	0,	0.0,	0,	0,	2.6,	0,	0,	0,	0,	
35000,	2.571,	11419,	940,	6483,	1152,	92.26,	79.69,	79.91,	825,	6.0,	234,	128,	106,	0,	0.0,	0,	0,	3.4,	0,	0,	0,	0,	
40000,	2.882,	11697,	762,	6527,	1014,	94.88,	86.66,	86.69,	1013,	6.8,	276,	149,	127,	0,	0.0,	0,	0,	3.4,	0,	0,	0,	0,	
45000,	3.254,	15016,	1018,	7679,	1281,	95.86,	89.24,	89.13,	1104,	7.2,	296,	159,	137,	0,	0.0,	0,	0,	3.4,	0,	0,	0,	0,	
50000,	3.704,	13645,	962,	9086,	1307,	90.14,	79.99,	80.24,	1360,	8.0,	356,	189,	167,	0,	0.0,	0,	0,	6.0,	0,	0,	0,	0,	
55000,	4.046,	16965,	1234,	10321,	1474,	91.82,	83.32,	83.31,	1364,	7.4,	394,	208,	186,	0,	0.0,	0,	0,	7.0,	0,	0,	0,	0,	
60000,	4.476,	15656,	1163,	11706,	1475,	92.62,	85.02,	85.22,	1332,	7.6,	420,	221,	199,	0,	0.0,	0,	0,	7.6,	0,	0,	0,	0,	
65000,	4.911,	18872,	1441,	12938,	1743,	90.48,	80.57,	81.01,	1285,	6.6,	490,	256,	234,	0,	0.0,	0,	0,	9.6,	0,	0,	0,	0,	
70000,	5.243,	17599,	1360,	14451,	1590,	93.76,	87.19,	87.03,	1511,	7.6,	540,	281,	259,	0,	0.0,	0,	0,	9.8,	0,	0,	0,	0,	
75000,	5.653,	20774,	1599,	15769,	1852,	94.66,	88.94,	89.3,	1606,	8.4,	578,	300,	278,	0,	0.0,	0,	0,	9.8,	0,	0,	0,	0,	
80000,	6.064,	19956,	1687,	16515,	1842,	88.42,	76.77,	76.66,	1119,	8.0,	617,	322,	295,	0,	0.0,	0,	0,	11.6,	0,	0,	0,	0,	
85000,	6.398,	23181,	1841,	17868,	2104,	90.12,	80.16,	80.33,	1237,	8.4,	657,	342,	315,	0,	0.0,	0,	0,	12.0,	0,	0,	0,	0,	
90000,	6.808,	22364,	1926,	18630,	2080,	90.46,	80.85,	80.59,	1446,	8.8,	703,	365,	338,	0,	0.0,	0,	0,	12.8,	0,	0,	0,	0,	
95000,	7.215,	24796,	2093,	20800,	2305,	90.94,	80.53,	80.88,	1607,	8.8,	773,	400,	373,	0,	0.0,	0,	0,	14.0,	0,	0,	0,	0,	
100000,	7.541,	24100,	2097,	21578,	2225,	93.68,	86.57,	86.44,	1711,	9.0,	798,	417,	381,	0,	0.0,	0,	0,	14.4,	0,	0,	0,	0,	

100000,	7.541,	48896,	4190,	42378,	4530,	91.28,	82.48,	81.59,	1711,	9.0,	798,	417,	381,	0,	0.0,	0,	0,	14.4,	0,	0,	0,	0,	
Pool,	TP,	FN,	TN,	FP
1,	1732,	857,	2787,	1292,	
2,	5220,	1030,	6440,	663,	
3,	12683,	726,	6254,	361,	
4,	13854,	779,	11284,	769,	
5,	15407,	798,	15613,	1445,	





OzaBoostAdaHT-ProcessRBF
Speed Change:,	0.1,	Centroids:,	100,	DriftCentroid:	100
GracePeriod:,	200,	TieThreshold:,	0.05,	BinarySplit:,	false,	BaseClassifier:,	HT,	
EnsembleSize:,	5
Count,	Time,	TP,	FN,	TN,	FP,	Accu,	Kappa,	Kpa_t,	Mem,	Depth,	TSize,	DcNod,	ActLf,	InacLf,	Reset,	Alter,	Switch,	Prune,	ClOp0,	ClOp1,	ClOp2,	ClOp3
5000,	0.332,	1336,	546,	2592,	523,	78.56,	54.23,	54.38,	124,	2.0,	27,	11,	16,	0,	0.0,	0,	0,	0.0,	0,	0,	0,	0,	
10000,	0.603,	1655,	310,	2751,	284,	88.12,	75.04,	75.24,	277,	3.8,	61,	28,	33,	0,	0.0,	0,	0,	0.0,	0,	0,	0,	0,	
15000,	0.938,	3087,	719,	5468,	723,	92.54,	84.28,	84.31,	457,	5.2,	101,	48,	53,	0,	0.0,	0,	0,	0.0,	0,	0,	0,	0,	
20000,	1.288,	3683,	504,	5299,	514,	91.52,	82.86,	82.76,	674,	5.8,	147,	71,	76,	0,	0.0,	0,	0,	1.2,	0,	0,	0,	0,	
25000,	1.613,	5181,	876,	8031,	909,	93.14,	86.16,	86.54,	852,	6.8,	187,	91,	96,	0,	0.0,	0,	0,	1.6,	0,	0,	0,	0,	
30000,	1.975,	5829,	655,	7864,	652,	94.22,	88.36,	88.33,	898,	7.6,	205,	100,	105,	0,	0.0,	0,	0,	1.8,	0,	0,	0,	0,	
35000,	2.387,	7969,	1077,	9824,	1127,	91.62,	82.55,	82.62,	1001,	7.2,	279,	137,	142,	0,	0.0,	0,	0,	3.2,	0,	0,	0,	0,	
40000,	2.707,	8707,	798,	9686,	809,	94.0,	87.44,	87.43,	1139,	7.6,	309,	152,	157,	0,	0.0,	0,	0,	3.4,	0,	0,	0,	0,	
45000,	3.068,	10877,	1200,	11622,	1298,	94.12,	87.63,	87.81,	1252,	8.0,	333,	164,	169,	0,	0.0,	0,	0,	3.4,	0,	0,	0,	0,	
50000,	3.537,	11485,	1053,	11344,	1118,	88.72,	76.25,	76.41,	1056,	8.2,	368,	194,	174,	0,	0.0,	0,	0,	7.2,	0,	0,	0,	0,	
55000,	3.879,	13803,	1385,	13284,	1525,	91.76,	82.4,	82.73,	1196,	8.2,	398,	209,	189,	0,	0.0,	0,	0,	7.4,	0,	0,	0,	0,	
60000,	4.263,	14366,	1270,	13022,	1342,	91.18,	81.28,	81.57,	1255,	8.4,	435,	230,	205,	0,	0.0,	0,	0,	8.2,	0,	0,	0,	0,	
65000,	4.615,	16180,	1651,	15405,	1761,	89.96,	79.87,	80.13,	1334,	8.6,	458,	244,	214,	0,	0.0,	0,	0,	9.0,	0,	0,	0,	0,	
70000,	4.987,	16869,	1404,	15211,	1516,	93.84,	87.63,	87.66,	1368,	8.6,	487,	264,	223,	0,	0.0,	0,	0,	9.6,	0,	0,	0,	0,	
75000,	5.343,	18673,	1810,	17555,	1959,	92.86,	85.65,	85.74,	1539,	8.8,	525,	283,	242,	0,	0.0,	0,	0,	10.0,	0,	0,	0,	0,	
80000,	5.716,	19549,	1579,	17090,	1782,	91.18,	81.9,	81.71,	1581,	9.2,	542,	302,	240,	0,	0.0,	0,	0,	11.2,	0,	0,	0,	0,	
85000,	6.089,	21341,	1965,	19510,	2181,	92.46,	84.61,	84.56,	1685,	9.2,	578,	320,	258,	0,	0.0,	0,	0,	11.4,	0,	0,	0,	0,	
90000,	6.467,	22223,	1740,	19051,	1986,	92.7,	85.1,	85.16,	1766,	9.4,	613,	342,	271,	0,	0.0,	0,	0,	11.6,	0,	0,	0,	0,	
95000,	6.872,	24404,	2131,	21074,	2388,	92.54,	83.6,	83.87,	1519,	7.6,	664,	372,	292,	0,	0.0,	0,	0,	12.2,	0,	0,	0,	0,	
100000,	7.182,	25393,	1841,	20592,	2174,	94.22,	87.07,	87.05,	1693,	8.2,	702,	391,	311,	0,	0.0,	0,	0,	12.8,	0,	0,	0,	0,	

100000,	7.182,	49797,	3972,	41666,	4562,	91.46,	82.81,	82.35,	1693,	8.2,	702,	391,	311,	0,	0.0,	0,	0,	12.8,	0,	0,	0,	0,	
Pool,	TP,	FN,	TN,	FP
1,	2615,	552,	2814,	661,	
2,	11552,	676,	792,	311,	
3,	6541,	701,	10756,	1999,	
4,	7190,	966,	17353,	1211,	
5,	21899,	1077,	9951,	380,	





OzaBoostAdaHT-ProcessRBF
Speed Change:,	1.0,	Centroids:,	100,	DriftCentroid:	100
GracePeriod:,	200,	TieThreshold:,	0.05,	BinarySplit:,	false,	BaseClassifier:,	HT,	
EnsembleSize:,	5
Count,	Time,	TP,	FN,	TN,	FP,	Accu,	Kappa,	Kpa_t,	Mem,	Depth,	TSize,	DcNod,	ActLf,	InacLf,	Reset,	Alter,	Switch,	Prune,	ClOp0,	ClOp1,	ClOp2,	ClOp3
5000,	0.301,	1771,	370,	2408,	426,	83.84,	67.17,	67.27,	142,	2.4,	31,	13,	18,	0,	0.0,	0,	0,	0.0,	0,	0,	0,	0,	
10000,	0.571,	1872,	254,	2569,	305,	88.82,	77.2,	77.63,	250,	3.6,	55,	25,	30,	0,	0.0,	0,	0,	0.0,	0,	0,	0,	0,	
15000,	0.882,	3713,	552,	5061,	649,	91.9,	83.47,	83.71,	457,	5.6,	101,	48,	53,	0,	0.0,	0,	0,	0.0,	0,	0,	0,	0,	
20000,	1.248,	3003,	587,	5862,	548,	88.48,	71.67,	72.58,	488,	5.2,	144,	74,	70,	0,	0.0,	0,	0,	1.0,	0,	0,	0,	0,	
25000,	1.53,	5012,	783,	8317,	863,	91.1,	78.99,	78.71,	658,	6.2,	188,	96,	92,	0,	0.0,	0,	0,	1.0,	0,	0,	0,	0,	
30000,	1.893,	4272,	793,	9212,	723,	92.38,	81.58,	81.47,	794,	6.8,	218,	111,	107,	0,	0.0,	0,	0,	1.0,	0,	0,	0,	0,	
35000,	2.295,	7393,	1072,	10297,	1213,	87.22,	74.28,	74.47,	904,	6.4,	260,	132,	128,	0,	0.0,	0,	0,	3.0,	0,	0,	0,	0,	
40000,	2.647,	6677,	1001,	11366,	956,	91.18,	82.32,	82.32,	1058,	7.4,	298,	151,	147,	0,	0.0,	0,	0,	3.0,	0,	0,	0,	0,	
45000,	3.085,	9815,	1270,	12460,	1430,	91.7,	83.36,	83.75,	1245,	8.0,	338,	171,	167,	0,	0.0,	0,	0,	3.2,	0,	0,	0,	0,	
50000,	3.471,	7894,	1390,	14291,	1425,	82.84,	61.16,	60.55,	517,	4.6,	300,	193,	107,	0,	0.0,	0,	0,	8.0,	0,	0,	0,	0,	
55000,	3.792,	11129,	1547,	15640,	1659,	89.88,	76.49,	76.56,	664,	5.4,	332,	209,	123,	0,	0.0,	0,	0,	8.4,	0,	0,	0,	0,	
60000,	4.186,	9174,	1668,	17550,	1608,	90.78,	78.14,	78.41,	833,	6.2,	370,	228,	142,	0,	0.0,	0,	0,	8.4,	0,	0,	0,	0,	
65000,	4.69,	12526,	2032,	18493,	1924,	85.0,	67.29,	67.63,	664,	5.0,	365,	247,	118,	0,	0.0,	0,	0,	10.2,	0,	0,	0,	0,	
70000,	5.061,	10652,	1966,	20541,	1841,	89.38,	76.62,	76.86,	760,	6.2,	404,	270,	134,	0,	0.0,	0,	0,	10.2,	0,	0,	0,	0,	
75000,	5.461,	14036,	2313,	21510,	2116,	90.54,	79.2,	79.52,	720,	6.6,	430,	283,	147,	0,	0.0,	0,	0,	10.2,	0,	0,	0,	0,	
80000,	5.864,	12327,	2264,	23269,	2140,	88.06,	75.01,	74.34,	496,	5.8,	433,	300,	133,	0,	0.0,	0,	0,	12.4,	0,	0,	0,	0,	
85000,	6.221,	15826,	2538,	24324,	2287,	92.08,	83.47,	83.66,	573,	6.2,	452,	316,	136,	0,	0.0,	0,	0,	12.8,	0,	0,	0,	0,	
90000,	6.604,	14103,	2459,	26179,	2259,	93.72,	86.76,	86.78,	682,	7.0,	476,	328,	148,	0,	0.0,	0,	0,	12.8,	0,	0,	0,	0,	
95000,	7.054,	18029,	2859,	26562,	2525,	88.82,	77.65,	77.7,	863,	6.8,	540,	360,	180,	0,	0.0,	0,	0,	15.6,	0,	0,	0,	0,	
100000,	7.384,	16382,	2657,	28535,	2426,	92.7,	85.4,	85.56,	1027,	7.4,	576,	378,	198,	0,	0.0,	0,	0,	15.8,	0,	0,	0,	0,	

100000,	7.384,	34411,	5516,	55097,	4951,	89.52,	78.11,	77.61,	1027,	7.4,	576,	378,	198,	0,	0.0,	0,	0,	15.8,	0,	0,	0,	0,	
Pool,	TP,	FN,	TN,	FP
1,	2040,	1045,	2809,	768,	
2,	6041,	1341,	5080,	872,	
3,	10706,	1556,	6508,	1225,	
4,	7279,	1129,	17180,	1131,	
5,	8345,	445,	23520,	955,	





