AdaHT-RandomRBF
Speed Change:,	0.0,	Centroids:,	100,	DriftCentroid:	100
GracePeriod:,	200,	TieThreshold:,	0.05,	BinarySplit:,	false
Count,	Time,	TP,	FN,	TN,	FP,	Accu,	Kappa,	Kpa_t,	Mem,	Depth,	TSize,	DcNod,	ActLf,	InacLf,	Reset,	Alter,	Switch,	Prune,	ClOp0,	ClOp1,	ClOp2,	ClOp3
50000,	1.47,	20329,	4715,	20307,	4648,	81.27,	62.54,	62.36,	265,	7,	58,	31,	27,	0,	0,	1,	1,	0,	0,	0,	0,	0,	
100000,	2.472,	22381,	2567,	21202,	3790,	87.28,	74.57,	74.45,	536,	11,	118,	61,	57,	0,	0,	1,	1,	0,	0,	0,	0,	0,	
150000,	3.554,	42755,	7305,	42424,	7513,	89.09,	78.17,	78.36,	851,	14,	188,	96,	92,	0,	0,	1,	1,	0,	0,	0,	0,	0,	
200000,	4.725,	44869,	5039,	43489,	6421,	89.79,	79.58,	79.65,	1129,	16,	250,	127,	123,	0,	0,	1,	1,	0,	0,	0,	0,	0,	
250000,	5.972,	65165,	9607,	64684,	9980,	90.46,	80.92,	80.94,	1380,	18,	306,	155,	151,	0,	0,	1,	1,	0,	0,	0,	0,	0,	
300000,	7.34,	66292,	7352,	66002,	8652,	90.9,	81.8,	81.9,	1606,	19,	356,	180,	176,	0,	0,	1,	1,	0,	0,	0,	0,	0,	
350000,	8.756,	85402,	11735,	87457,	12172,	91.35,	82.7,	82.81,	1893,	20,	420,	212,	208,	0,	0,	1,	1,	0,	0,	0,	0,	0,	
400000,	10.205,	87180,	9412,	88922,	10827,	91.53,	83.05,	83.17,	2102,	22,	466,	235,	231,	0,	0,	1,	1,	0,	0,	0,	0,	0,	
450000,	11.648,	106094,	13677,	110152,	14358,	91.74,	83.48,	83.43,	2335,	22,	518,	261,	257,	0,	0,	1,	1,	0,	0,	0,	0,	0,	
500000,	13.125,	105462,	11334,	111603,	13023,	91.75,	83.51,	83.42,	2579,	22,	572,	288,	284,	0,	0,	1,	1,	0,	0,	0,	0,	0,	
550000,	14.635,	124246,	15468,	132904,	16537,	92.05,	84.1,	84.16,	2813,	24,	624,	314,	310,	0,	0,	1,	1,	0,	0,	0,	0,	0,	
600000,	16.217,	123374,	13139,	134381,	15202,	92.02,	84.05,	84.03,	3026,	24,	672,	338,	334,	0,	0,	1,	1,	0,	0,	0,	0,	0,	
650000,	17.841,	142098,	17348,	155717,	18632,	92.04,	84.08,	84.04,	3331,	25,	740,	372,	368,	0,	0,	1,	1,	0,	0,	0,	0,	0,	
700000,	19.494,	139865,	15060,	157256,	17254,	92.04,	84.09,	84.21,	3578,	25,	794,	399,	395,	0,	0,	1,	1,	0,	0,	0,	0,	0,	
750000,	21.158,	158182,	19106,	178548,	20660,	92.43,	84.85,	84.88,	3730,	26,	828,	416,	412,	0,	0,	1,	1,	0,	0,	0,	0,	0,	
800000,	22.806,	155210,	16839,	180185,	19234,	92.48,	84.95,	84.94,	3945,	26,	876,	440,	436,	0,	0,	1,	1,	0,	0,	0,	0,	0,	
850000,	24.476,	173062,	20928,	201528,	22591,	92.49,	84.98,	84.92,	4168,	26,	926,	465,	461,	0,	0,	1,	1,	0,	0,	0,	0,	0,	
900000,	26.192,	170871,	18605,	203148,	21126,	92.67,	85.35,	85.32,	4386,	26,	974,	489,	485,	0,	0,	1,	1,	0,	0,	0,	0,	0,	
950000,	27.922,	188339,	22748,	224654,	24476,	92.58,	85.16,	85.21,	4557,	27,	1012,	508,	504,	0,	0,	1,	1,	0,	0,	0,	0,	0,	
1000000,	29.71,	186722,	20392,	226159,	23069,	92.53,	85.07,	85.06,	4766,	27,	1058,	531,	527,	0,	0,	1,	1,	0,	0,	0,	0,	0,	

1000000,	29.71,	375061,	43140,	450813,	47545,	90.93,	81.85,	81.87,	4766,	27,	1058,	531,	527,	0,	0,	1,	1,	0,	0,	0,	0,	0,	





AdaHT-RandomRBF
Speed Change:,	0.001,	Centroids:,	100,	DriftCentroid:	100
GracePeriod:,	200,	TieThreshold:,	0.05,	BinarySplit:,	false
Count,	Time,	TP,	FN,	TN,	FP,	Accu,	Kappa,	Kpa_t,	Mem,	Depth,	TSize,	DcNod,	ActLf,	InacLf,	Reset,	Alter,	Switch,	Prune,	ClOp0,	ClOp1,	ClOp2,	ClOp3
50000,	0.929,	15875,	9169,	17020,	7935,	65.79,	31.59,	31.24,	5,	0,	0,	25,	-25,	0,	0,	59,	9,	12,	0,	0,	0,	0,	
100000,	1.75,	15967,	9040,	16755,	8238,	65.44,	30.89,	30.56,	5,	0,	-9,	49,	-58,	0,	0,	127,	18,	21,	0,	0,	0,	0,	
150000,	2.549,	32171,	17889,	33853,	16086,	66.26,	32.52,	33.1,	14,	1,	-14,	72,	-86,	0,	0,	177,	29,	24,	0,	0,	0,	0,	
200000,	3.448,	32543,	17545,	33015,	16897,	65.67,	31.34,	31.56,	14,	1,	-7,	97,	-104,	0,	0,	221,	36,	31,	0,	0,	0,	0,	
250000,	4.356,	48920,	26413,	50279,	24387,	66.35,	32.7,	32.76,	23,	2,	7,	121,	-114,	0,	0,	265,	44,	39,	0,	0,	0,	0,	
300000,	5.209,	49288,	26050,	49775,	24886,	67.01,	34.03,	34.37,	40,	3,	6,	150,	-144,	0,	0,	309,	51,	48,	0,	0,	0,	0,	
350000,	6.03,	64905,	35459,	67687,	31948,	66.79,	33.58,	33.99,	41,	4,	5,	175,	-170,	0,	0,	363,	62,	52,	0,	0,	0,	0,	
400000,	6.916,	65582,	34656,	67490,	32267,	68.02,	36.03,	36.49,	58,	3,	21,	202,	-181,	0,	0,	415,	68,	61,	0,	0,	0,	0,	
450000,	7.842,	80876,	44605,	84659,	39859,	65.89,	31.79,	31.57,	32,	2,	8,	227,	-219,	0,	0,	469,	79,	71,	0,	0,	0,	0,	
500000,	8.733,	82023,	43333,	84078,	40561,	66.06,	32.12,	31.76,	40,	2,	19,	253,	-234,	0,	0,	528,	86,	79,	0,	0,	0,	0,	
550000,	9.598,	97104,	53442,	101347,	48106,	65.83,	31.67,	31.91,	23,	2,	31,	277,	-246,	0,	0,	577,	92,	86,	0,	0,	0,	0,	
600000,	10.462,	97641,	52754,	101069,	48531,	65.22,	30.44,	30.36,	40,	3,	33,	302,	-269,	0,	0,	619,	98,	96,	0,	0,	0,	0,	
650000,	11.412,	113460,	62174,	118420,	55944,	66.86,	33.72,	33.54,	32,	3,	42,	328,	-286,	0,	0,	675,	105,	108,	0,	0,	0,	0,	
700000,	12.162,	113687,	61776,	117719,	56813,	65.39,	30.79,	31.31,	50,	4,	38,	356,	-318,	0,	0,	715,	113,	118,	0,	0,	0,	0,	
750000,	13.087,	129416,	71358,	135009,	64215,	65.09,	30.19,	30.33,	5,	0,	25,	379,	-354,	0,	0,	791,	124,	129,	0,	0,	0,	0,	
800000,	13.894,	129956,	70595,	134801,	64643,	66.7,	33.41,	33.36,	23,	2,	30,	404,	-374,	0,	0,	834,	131,	139,	0,	0,	0,	0,	
850000,	14.807,	145725,	80135,	151940,	72198,	66.48,	32.97,	32.71,	71,	4,	42,	431,	-389,	0,	0,	879,	139,	145,	0,	0,	0,	0,	
900000,	15.686,	146356,	79335,	151346,	72958,	65.89,	31.78,	31.64,	54,	4,	53,	458,	-405,	0,	0,	924,	146,	152,	0,	0,	0,	0,	
950000,	16.589,	162450,	88395,	169017,	80136,	67.6,	35.21,	35.41,	32,	3,	52,	489,	-437,	0,	0,	975,	157,	158,	0,	0,	0,	0,	
1000000,	17.421,	162586,	88147,	168578,	80682,	66.93,	33.86,	33.81,	5,	0,	53,	513,	-460,	0,	0,	1024,	164,	167,	0,	0,	0,	0,	

1000000,	17.421,	325036,	176542,	337595,	160818,	66.26,	32.53,	32.59,	5,	0,	53,	513,	-460,	0,	0,	1024,	164,	167,	0,	0,	0,	0,	





AdaHT-RandomRBF
Speed Change:,	0.01,	Centroids:,	100,	DriftCentroid:	100
GracePeriod:,	200,	TieThreshold:,	0.05,	BinarySplit:,	false
Count,	Time,	TP,	FN,	TN,	FP,	Accu,	Kappa,	Kpa_t,	Mem,	Depth,	TSize,	DcNod,	ActLf,	InacLf,	Reset,	Alter,	Switch,	Prune,	ClOp0,	ClOp1,	ClOp2,	ClOp3
50000,	0.958,	12654,	12379,	14211,	10743,	53.75,	7.51,	7.04,	95,	5,	19,	23,	-4,	0,	0,	6,	2,	1,	0,	0,	0,	0,	
100000,	2.103,	11929,	13070,	14784,	10206,	53.44,	6.89,	6.45,	288,	7,	72,	52,	20,	0,	0,	11,	3,	1,	0,	0,	0,	0,	
150000,	3.385,	25931,	24118,	27731,	22206,	53.59,	7.19,	7.99,	410,	10,	122,	77,	45,	0,	0,	12,	3,	1,	0,	0,	0,	0,	
200000,	4.8,	24055,	26025,	29288,	20621,	53.26,	6.55,	6.81,	689,	11,	184,	108,	76,	0,	0,	12,	3,	1,	0,	0,	0,	0,	
250000,	6.278,	38504,	36808,	41650,	33012,	53.0,	6.07,	6.09,	841,	12,	217,	132,	85,	0,	0,	13,	4,	1,	0,	0,	0,	0,	
300000,	7.77,	36206,	39121,	43495,	31162,	52.72,	5.53,	5.94,	896,	13,	228,	152,	76,	0,	0,	15,	5,	1,	0,	0,	0,	0,	
350000,	9.012,	51801,	48541,	55338,	44293,	53.97,	7.95,	8.53,	536,	12,	279,	180,	99,	0,	0,	20,	6,	2,	0,	0,	0,	0,	
400000,	10.326,	48492,	51738,	58092,	41662,	53.77,	7.5,	8.17,	747,	12,	325,	203,	122,	0,	0,	22,	6,	2,	0,	0,	0,	0,	
450000,	11.578,	63036,	62423,	70846,	53668,	53.49,	7.05,	6.69,	338,	10,	346,	232,	114,	0,	0,	26,	7,	3,	0,	0,	0,	0,	
500000,	12.762,	61072,	64269,	72261,	52373,	53.51,	7.05,	6.54,	464,	10,	373,	253,	120,	0,	0,	29,	8,	4,	0,	0,	0,	0,	
550000,	14.029,	75830,	74694,	84620,	64829,	53.14,	6.28,	6.61,	680,	10,	421,	277,	144,	0,	0,	29,	8,	4,	0,	0,	0,	0,	
600000,	15.421,	73155,	77225,	86887,	62707,	53.42,	6.85,	6.73,	1008,	12,	493,	313,	180,	0,	0,	30,	8,	4,	0,	0,	0,	0,	
650000,	16.941,	88651,	86961,	98477,	75884,	53.36,	6.73,	6.46,	734,	12,	541,	337,	204,	0,	0,	36,	8,	4,	0,	0,	0,	0,	
700000,	18.334,	85642,	89805,	101047,	73478,	53.3,	6.61,	7.3,	887,	12,	585,	359,	226,	0,	0,	40,	8,	4,	0,	0,	0,	0,	
750000,	19.788,	101103,	99648,	112650,	86568,	53.25,	6.54,	6.71,	59,	4,	626,	382,	244,	0,	0,	44,	9,	5,	0,	0,	0,	0,	
800000,	20.897,	98119,	102416,	115398,	84038,	53.66,	7.34,	7.26,	212,	8,	669,	408,	261,	0,	0,	55,	10,	7,	0,	0,	0,	0,	
850000,	22.202,	114028,	111808,	126293,	97838,	53.14,	6.29,	5.93,	374,	10,	706,	432,	274,	0,	0,	58,	11,	7,	0,	0,	0,	0,	
900000,	23.629,	110531,	115143,	129585,	94709,	53.2,	6.44,	6.2,	166,	8,	762,	460,	302,	0,	0,	59,	11,	7,	0,	0,	0,	0,	
950000,	24.529,	126505,	124316,	141080,	108065,	54.53,	9.05,	9.34,	68,	6,	733,	484,	249,	0,	0,	81,	18,	12,	0,	0,	0,	0,	
1000000,	25.722,	122751,	127965,	144375,	104874,	54.02,	8.06,	7.98,	68,	5,	772,	513,	259,	0,	0,	96,	21,	12,	0,	0,	0,	0,	

1000000,	25.722,	249256,	252281,	285455,	212939,	53.48,	6.97,	7.04,	68,	5,	772,	513,	259,	0,	0,	96,	21,	12,	0,	0,	0,	0,	





AdaHT-RandomRBF
Speed Change:,	0.1,	Centroids:,	100,	DriftCentroid:	100
GracePeriod:,	200,	TieThreshold:,	0.05,	BinarySplit:,	false
Count,	Time,	TP,	FN,	TN,	FP,	Accu,	Kappa,	Kpa_t,	Mem,	Depth,	TSize,	DcNod,	ActLf,	InacLf,	Reset,	Alter,	Switch,	Prune,	ClOp0,	ClOp1,	ClOp2,	ClOp3
50000,	0.96,	11859,	13184,	14664,	10290,	53.05,	6.11,	5.62,	230,	10,	51,	25,	26,	0,	0,	0,	0,	0,	0,	0,	0,	0,	
100000,	2.118,	12110,	12891,	14774,	10218,	53.78,	7.56,	7.13,	482,	13,	107,	53,	54,	0,	0,	0,	0,	0,	0,	0,	0,	0,	
150000,	3.39,	24591,	25468,	29317,	20621,	54.77,	9.54,	10.33,	644,	14,	143,	71,	72,	0,	0,	0,	0,	0,	0,	0,	0,	0,	
200000,	4.665,	25471,	24611,	28899,	21012,	54.97,	9.95,	10.23,	824,	15,	183,	91,	92,	0,	0,	0,	0,	0,	0,	0,	0,	0,	
250000,	5.972,	38257,	37075,	43241,	31424,	55.18,	10.38,	10.44,	1049,	16,	233,	116,	117,	0,	0,	0,	0,	0,	0,	0,	0,	0,	
300000,	7.331,	38760,	36569,	43135,	31524,	55.06,	10.15,	10.58,	1301,	16,	289,	144,	145,	0,	0,	0,	0,	0,	0,	0,	0,	0,	
350000,	8.742,	51580,	48782,	57472,	42162,	55.11,	10.22,	10.79,	1543,	17,	343,	171,	172,	0,	0,	0,	0,	0,	0,	0,	0,	0,	
400000,	10.175,	51721,	48508,	57786,	41967,	55.23,	10.44,	11.08,	1795,	18,	399,	199,	200,	0,	0,	0,	0,	0,	0,	0,	0,	0,	
450000,	11.639,	64635,	60841,	72181,	52335,	55.53,	11.1,	10.8,	1991,	18,	443,	221,	222,	0,	0,	0,	0,	0,	0,	0,	0,	0,	
500000,	13.187,	65315,	60032,	72064,	52570,	55.74,	11.5,	11.03,	2255,	19,	501,	250,	251,	0,	0,	0,	0,	0,	0,	0,	0,	0,	
550000,	14.728,	78185,	72350,	86232,	63219,	55.21,	10.43,	10.75,	2434,	19,	541,	270,	271,	0,	0,	0,	0,	0,	0,	0,	0,	0,	
600000,	16.323,	78933,	71449,	86185,	63409,	55.49,	10.97,	10.87,	2651,	19,	589,	294,	295,	0,	0,	0,	0,	0,	0,	0,	0,	0,	
650000,	17.95,	91773,	83850,	100468,	73894,	55.65,	11.31,	11.05,	2865,	19,	637,	318,	319,	0,	0,	0,	0,	0,	0,	0,	0,	0,	
700000,	19.587,	92981,	82469,	100102,	74423,	55.93,	11.86,	12.53,	3073,	20,	683,	341,	342,	0,	0,	0,	0,	0,	0,	0,	0,	0,	
750000,	21.238,	105644,	95118,	114408,	84813,	55.62,	11.25,	11.44,	3326,	20,	739,	369,	370,	0,	0,	0,	0,	0,	0,	0,	0,	0,	
800000,	22.876,	106596,	93942,	114275,	85162,	55.58,	11.16,	11.1,	3560,	20,	791,	395,	396,	0,	0,	0,	0,	0,	0,	0,	0,	0,	
850000,	24.535,	119166,	106682,	128674,	95461,	55.58,	11.16,	10.82,	3772,	20,	839,	419,	420,	0,	0,	0,	0,	0,	0,	0,	0,	0,	
900000,	26.169,	120418,	105260,	128410,	95887,	55.91,	11.84,	11.64,	3991,	21,	887,	443,	444,	0,	0,	0,	0,	0,	0,	0,	0,	0,	
950000,	27.838,	132786,	118047,	142818,	106332,	55.53,	11.05,	11.33,	4109,	21,	913,	456,	457,	0,	0,	0,	0,	0,	0,	0,	0,	0,	
1000000,	29.5,	134260,	116461,	142624,	106630,	56.11,	12.23,	12.16,	4313,	21,	959,	479,	480,	0,	0,	0,	0,	0,	0,	0,	0,	0,	

1000000,	29.5,	267046,	234508,	285442,	212962,	55.25,	10.51,	10.59,	4313,	21,	959,	479,	480,	0,	0,	0,	0,	0,	0,	0,	0,	0,	





AdaHT-RandomRBF
Speed Change:,	1.0,	Centroids:,	100,	DriftCentroid:	100
GracePeriod:,	200,	TieThreshold:,	0.05,	BinarySplit:,	false
Count,	Time,	TP,	FN,	TN,	FP,	Accu,	Kappa,	Kpa_t,	Mem,	Depth,	TSize,	DcNod,	ActLf,	InacLf,	Reset,	Alter,	Switch,	Prune,	ClOp0,	ClOp1,	ClOp2,	ClOp3
50000,	1.09,	11573,	13471,	16626,	8328,	56.4,	12.83,	12.36,	212,	10,	47,	23,	24,	0,	0,	0,	0,	0,	0,	0,	0,	0,	
100000,	2.472,	14423,	10579,	15339,	9652,	59.53,	19.07,	18.69,	455,	11,	101,	50,	51,	0,	0,	0,	0,	0,	0,	0,	0,	0,	
150000,	4.052,	27285,	22775,	31811,	18126,	61.79,	23.59,	24.25,	653,	12,	145,	72,	73,	0,	0,	0,	0,	0,	0,	0,	0,	0,	
200000,	5.725,	30138,	19945,	30840,	19070,	62.43,	24.86,	25.1,	896,	14,	199,	99,	100,	0,	0,	0,	0,	0,	0,	0,	0,	0,	
250000,	7.488,	43515,	31818,	47248,	27416,	63.33,	26.65,	26.73,	1130,	14,	251,	125,	126,	0,	0,	0,	0,	0,	0,	0,	0,	0,	
300000,	9.294,	46788,	28545,	46172,	28488,	63.96,	27.9,	28.31,	1328,	15,	295,	147,	148,	0,	0,	0,	0,	0,	0,	0,	0,	0,	
350000,	11.188,	60412,	39950,	62825,	36806,	64.95,	29.9,	30.35,	1526,	16,	339,	169,	170,	0,	0,	0,	0,	0,	0,	0,	0,	0,	
400000,	13.189,	63293,	36943,	62389,	37368,	65.44,	30.89,	31.37,	1706,	16,	379,	189,	190,	0,	0,	0,	0,	0,	0,	0,	0,	0,	
450000,	15.105,	77041,	48438,	79052,	45462,	65.71,	31.42,	31.22,	1929,	17,	429,	214,	215,	0,	0,	0,	0,	0,	0,	0,	0,	0,	
500000,	17.097,	80351,	45003,	78260,	46378,	65.86,	31.7,	31.36,	2200,	18,	489,	244,	245,	0,	0,	0,	0,	0,	0,	0,	0,	0,	
550000,	19.095,	94013,	56530,	95138,	54310,	66.12,	32.23,	32.48,	2351,	18,	523,	261,	262,	0,	0,	0,	0,	0,	0,	0,	0,	0,	
600000,	21.137,	97421,	52972,	94412,	55186,	66.44,	32.88,	32.81,	2578,	18,	573,	286,	287,	0,	0,	0,	0,	0,	0,	0,	0,	0,	
650000,	23.147,	111197,	64434,	111241,	63119,	66.57,	33.14,	32.97,	2776,	18,	617,	308,	309,	0,	0,	0,	0,	0,	0,	0,	0,	0,	
700000,	25.214,	114498,	60963,	110866,	63663,	67.06,	34.12,	34.63,	3037,	19,	675,	337,	338,	0,	0,	0,	0,	0,	0,	0,	0,	0,	
750000,	27.295,	128356,	72415,	127594,	71625,	67.02,	34.04,	34.19,	3338,	19,	741,	370,	371,	0,	0,	1,	0,	0,	0,	0,	0,	0,	
800000,	29.405,	132032,	68517,	127107,	72333,	67.55,	35.09,	35.06,	3544,	20,	787,	393,	394,	0,	0,	1,	0,	0,	0,	0,	0,	0,	
850000,	31.55,	146032,	79823,	143805,	80327,	67.78,	35.54,	35.32,	3786,	20,	841,	420,	421,	0,	0,	1,	0,	0,	0,	0,	0,	0,	
900000,	33.666,	149882,	75805,	143340,	80959,	68.17,	36.32,	36.2,	3995,	20,	887,	443,	444,	0,	0,	1,	0,	0,	0,	0,	0,	0,	
950000,	35.827,	163666,	87174,	160310,	88836,	68.28,	36.56,	36.75,	4247,	21,	943,	471,	472,	0,	0,	1,	0,	0,	0,	0,	0,	0,	
1000000,	38.022,	167509,	83221,	159923,	89332,	68.42,	36.84,	36.8,	4428,	21,	983,	491,	492,	0,	0,	1,	0,	0,	0,	0,	0,	0,	

1000000,	38.022,	331175,	170395,	320233,	178168,	65.14,	30.28,	30.35,	4428,	21,	983,	491,	492,	0,	0,	1,	0,	0,	0,	0,	0,	0,	





AdaHT-RandomRBF
Speed Change:,	0.01,	Centroids:,	50,	DriftCentroid:	50
GracePeriod:,	200,	TieThreshold:,	0.05,	BinarySplit:,	false
Count,	Time,	TP,	FN,	TN,	FP,	Accu,	Kappa,	Kpa_t,	Mem,	Depth,	TSize,	DcNod,	ActLf,	InacLf,	Reset,	Alter,	Switch,	Prune,	ClOp0,	ClOp1,	ClOp2,	ClOp3
50000,	0.955,	12654,	12379,	14211,	10743,	53.75,	7.51,	7.04,	95,	5,	19,	23,	-4,	0,	0,	6,	2,	1,	0,	0,	0,	0,	
100000,	2.118,	11929,	13070,	14784,	10206,	53.44,	6.89,	6.45,	288,	7,	72,	52,	20,	0,	0,	11,	3,	1,	0,	0,	0,	0,	
150000,	3.411,	25931,	24118,	27731,	22206,	53.59,	7.19,	7.99,	410,	10,	122,	77,	45,	0,	0,	12,	3,	1,	0,	0,	0,	0,	
200000,	4.81,	24055,	26025,	29288,	20621,	53.26,	6.55,	6.81,	689,	11,	184,	108,	76,	0,	0,	12,	3,	1,	0,	0,	0,	0,	
250000,	6.259,	38504,	36808,	41650,	33012,	53.0,	6.07,	6.09,	841,	12,	217,	132,	85,	0,	0,	13,	4,	1,	0,	0,	0,	0,	
300000,	7.716,	36206,	39121,	43495,	31162,	52.72,	5.53,	5.94,	896,	13,	228,	152,	76,	0,	0,	15,	5,	1,	0,	0,	0,	0,	
350000,	8.96,	51801,	48541,	55338,	44293,	53.97,	7.95,	8.53,	536,	12,	279,	180,	99,	0,	0,	20,	6,	2,	0,	0,	0,	0,	
400000,	10.27,	48492,	51738,	58092,	41662,	53.77,	7.5,	8.17,	747,	12,	325,	203,	122,	0,	0,	22,	6,	2,	0,	0,	0,	0,	
450000,	11.49,	63036,	62423,	70846,	53668,	53.49,	7.05,	6.69,	338,	10,	346,	232,	114,	0,	0,	26,	7,	3,	0,	0,	0,	0,	
500000,	12.69,	61072,	64269,	72261,	52373,	53.51,	7.05,	6.54,	464,	10,	373,	253,	120,	0,	0,	29,	8,	4,	0,	0,	0,	0,	
550000,	13.982,	75830,	74694,	84620,	64829,	53.14,	6.28,	6.61,	680,	10,	421,	277,	144,	0,	0,	29,	8,	4,	0,	0,	0,	0,	
600000,	15.441,	73155,	77225,	86887,	62707,	53.42,	6.85,	6.73,	1008,	12,	493,	313,	180,	0,	0,	30,	8,	4,	0,	0,	0,	0,	
650000,	16.961,	88651,	86961,	98477,	75884,	53.36,	6.73,	6.46,	734,	12,	541,	337,	204,	0,	0,	36,	8,	4,	0,	0,	0,	0,	
700000,	18.323,	85642,	89805,	101047,	73478,	53.3,	6.61,	7.3,	887,	12,	585,	359,	226,	0,	0,	40,	8,	4,	0,	0,	0,	0,	
750000,	19.731,	101103,	99648,	112650,	86568,	53.25,	6.54,	6.71,	59,	4,	626,	382,	244,	0,	0,	44,	9,	5,	0,	0,	0,	0,	
800000,	20.848,	98119,	102416,	115398,	84038,	53.66,	7.34,	7.26,	212,	8,	669,	408,	261,	0,	0,	55,	10,	7,	0,	0,	0,	0,	
850000,	22.156,	114028,	111808,	126293,	97838,	53.14,	6.29,	5.93,	374,	10,	706,	432,	274,	0,	0,	58,	11,	7,	0,	0,	0,	0,	
900000,	23.563,	110531,	115143,	129585,	94709,	53.2,	6.44,	6.2,	166,	8,	762,	460,	302,	0,	0,	59,	11,	7,	0,	0,	0,	0,	
950000,	24.43,	126505,	124316,	141080,	108065,	54.53,	9.05,	9.34,	68,	6,	733,	484,	249,	0,	0,	81,	18,	12,	0,	0,	0,	0,	
1000000,	25.63,	122751,	127965,	144375,	104874,	54.02,	8.06,	7.98,	68,	5,	772,	513,	259,	0,	0,	96,	21,	12,	0,	0,	0,	0,	

1000000,	25.63,	249256,	252281,	285455,	212939,	53.48,	6.97,	7.04,	68,	5,	772,	513,	259,	0,	0,	96,	21,	12,	0,	0,	0,	0,	





AdaHT-RandomRBF
Speed Change:,	0.01,	Centroids:,	100,	DriftCentroid:	100
GracePeriod:,	200,	TieThreshold:,	0.05,	BinarySplit:,	false
Count,	Time,	TP,	FN,	TN,	FP,	Accu,	Kappa,	Kpa_t,	Mem,	Depth,	TSize,	DcNod,	ActLf,	InacLf,	Reset,	Alter,	Switch,	Prune,	ClOp0,	ClOp1,	ClOp2,	ClOp3
50000,	0.927,	12654,	12379,	14211,	10743,	53.75,	7.51,	7.04,	95,	5,	19,	23,	-4,	0,	0,	6,	2,	1,	0,	0,	0,	0,	
100000,	2.065,	11929,	13070,	14784,	10206,	53.44,	6.89,	6.45,	288,	7,	72,	52,	20,	0,	0,	11,	3,	1,	0,	0,	0,	0,	
150000,	3.333,	25931,	24118,	27731,	22206,	53.59,	7.19,	7.99,	410,	10,	122,	77,	45,	0,	0,	12,	3,	1,	0,	0,	0,	0,	
200000,	4.727,	24055,	26025,	29288,	20621,	53.26,	6.55,	6.81,	689,	11,	184,	108,	76,	0,	0,	12,	3,	1,	0,	0,	0,	0,	
250000,	6.149,	38504,	36808,	41650,	33012,	53.0,	6.07,	6.09,	841,	12,	217,	132,	85,	0,	0,	13,	4,	1,	0,	0,	0,	0,	
300000,	7.623,	36206,	39121,	43495,	31162,	52.72,	5.53,	5.94,	896,	13,	228,	152,	76,	0,	0,	15,	5,	1,	0,	0,	0,	0,	
350000,	8.896,	51801,	48541,	55338,	44293,	53.97,	7.95,	8.53,	536,	12,	279,	180,	99,	0,	0,	20,	6,	2,	0,	0,	0,	0,	
400000,	10.198,	48492,	51738,	58092,	41662,	53.77,	7.5,	8.17,	747,	12,	325,	203,	122,	0,	0,	22,	6,	2,	0,	0,	0,	0,	
450000,	11.419,	63036,	62423,	70846,	53668,	53.49,	7.05,	6.69,	338,	10,	346,	232,	114,	0,	0,	26,	7,	3,	0,	0,	0,	0,	
500000,	12.612,	61072,	64269,	72261,	52373,	53.51,	7.05,	6.54,	464,	10,	373,	253,	120,	0,	0,	29,	8,	4,	0,	0,	0,	0,	
550000,	13.892,	75830,	74694,	84620,	64829,	53.14,	6.28,	6.61,	680,	10,	421,	277,	144,	0,	0,	29,	8,	4,	0,	0,	0,	0,	
600000,	15.289,	73155,	77225,	86887,	62707,	53.42,	6.85,	6.73,	1008,	12,	493,	313,	180,	0,	0,	30,	8,	4,	0,	0,	0,	0,	
650000,	16.79,	88651,	86961,	98477,	75884,	53.36,	6.73,	6.46,	734,	12,	541,	337,	204,	0,	0,	36,	8,	4,	0,	0,	0,	0,	
700000,	18.171,	85642,	89805,	101047,	73478,	53.3,	6.61,	7.3,	887,	12,	585,	359,	226,	0,	0,	40,	8,	4,	0,	0,	0,	0,	
750000,	19.594,	101103,	99648,	112650,	86568,	53.25,	6.54,	6.71,	59,	4,	626,	382,	244,	0,	0,	44,	9,	5,	0,	0,	0,	0,	
800000,	20.689,	98119,	102416,	115398,	84038,	53.66,	7.34,	7.26,	212,	8,	669,	408,	261,	0,	0,	55,	10,	7,	0,	0,	0,	0,	
850000,	22.007,	114028,	111808,	126293,	97838,	53.14,	6.29,	5.93,	374,	10,	706,	432,	274,	0,	0,	58,	11,	7,	0,	0,	0,	0,	
900000,	23.421,	110531,	115143,	129585,	94709,	53.2,	6.44,	6.2,	166,	8,	762,	460,	302,	0,	0,	59,	11,	7,	0,	0,	0,	0,	
950000,	24.313,	126505,	124316,	141080,	108065,	54.53,	9.05,	9.34,	68,	6,	733,	484,	249,	0,	0,	81,	18,	12,	0,	0,	0,	0,	
1000000,	25.506,	122751,	127965,	144375,	104874,	54.02,	8.06,	7.98,	68,	5,	772,	513,	259,	0,	0,	96,	21,	12,	0,	0,	0,	0,	

1000000,	25.506,	249256,	252281,	285455,	212939,	53.48,	6.97,	7.04,	68,	5,	772,	513,	259,	0,	0,	96,	21,	12,	0,	0,	0,	0,	





AdaHT-RandomRBF
Speed Change:,	0.01,	Centroids:,	150,	DriftCentroid:	100
GracePeriod:,	200,	TieThreshold:,	0.05,	BinarySplit:,	false
Count,	Time,	TP,	FN,	TN,	FP,	Accu,	Kappa,	Kpa_t,	Mem,	Depth,	TSize,	DcNod,	ActLf,	InacLf,	Reset,	Alter,	Switch,	Prune,	ClOp0,	ClOp1,	ClOp2,	ClOp3
50000,	0.918,	12654,	12379,	14211,	10743,	53.75,	7.51,	7.04,	95,	5,	19,	23,	-4,	0,	0,	6,	2,	1,	0,	0,	0,	0,	
100000,	2.053,	11929,	13070,	14784,	10206,	53.44,	6.89,	6.45,	288,	7,	72,	52,	20,	0,	0,	11,	3,	1,	0,	0,	0,	0,	
150000,	3.324,	25931,	24118,	27731,	22206,	53.59,	7.19,	7.99,	410,	10,	122,	77,	45,	0,	0,	12,	3,	1,	0,	0,	0,	0,	
200000,	4.715,	24055,	26025,	29288,	20621,	53.26,	6.55,	6.81,	689,	11,	184,	108,	76,	0,	0,	12,	3,	1,	0,	0,	0,	0,	
250000,	6.175,	38504,	36808,	41650,	33012,	53.0,	6.07,	6.09,	841,	12,	217,	132,	85,	0,	0,	13,	4,	1,	0,	0,	0,	0,	
300000,	7.652,	36206,	39121,	43495,	31162,	52.72,	5.53,	5.94,	896,	13,	228,	152,	76,	0,	0,	15,	5,	1,	0,	0,	0,	0,	
350000,	8.996,	51801,	48541,	55338,	44293,	53.97,	7.95,	8.53,	536,	12,	279,	180,	99,	0,	0,	20,	6,	2,	0,	0,	0,	0,	
400000,	10.322,	48492,	51738,	58092,	41662,	53.77,	7.5,	8.17,	747,	12,	325,	203,	122,	0,	0,	22,	6,	2,	0,	0,	0,	0,	
450000,	11.524,	63036,	62423,	70846,	53668,	53.49,	7.05,	6.69,	338,	10,	346,	232,	114,	0,	0,	26,	7,	3,	0,	0,	0,	0,	
500000,	12.707,	61072,	64269,	72261,	52373,	53.51,	7.05,	6.54,	464,	10,	373,	253,	120,	0,	0,	29,	8,	4,	0,	0,	0,	0,	
550000,	13.973,	75830,	74694,	84620,	64829,	53.14,	6.28,	6.61,	680,	10,	421,	277,	144,	0,	0,	29,	8,	4,	0,	0,	0,	0,	
600000,	15.376,	73155,	77225,	86887,	62707,	53.42,	6.85,	6.73,	1008,	12,	493,	313,	180,	0,	0,	30,	8,	4,	0,	0,	0,	0,	
650000,	16.907,	88651,	86961,	98477,	75884,	53.36,	6.73,	6.46,	734,	12,	541,	337,	204,	0,	0,	36,	8,	4,	0,	0,	0,	0,	
700000,	18.28,	85642,	89805,	101047,	73478,	53.3,	6.61,	7.3,	887,	12,	585,	359,	226,	0,	0,	40,	8,	4,	0,	0,	0,	0,	
750000,	19.699,	101103,	99648,	112650,	86568,	53.25,	6.54,	6.71,	59,	4,	626,	382,	244,	0,	0,	44,	9,	5,	0,	0,	0,	0,	
800000,	20.785,	98119,	102416,	115398,	84038,	53.66,	7.34,	7.26,	212,	8,	669,	408,	261,	0,	0,	55,	10,	7,	0,	0,	0,	0,	
850000,	22.086,	114028,	111808,	126293,	97838,	53.14,	6.29,	5.93,	374,	10,	706,	432,	274,	0,	0,	58,	11,	7,	0,	0,	0,	0,	
900000,	23.487,	110531,	115143,	129585,	94709,	53.2,	6.44,	6.2,	166,	8,	762,	460,	302,	0,	0,	59,	11,	7,	0,	0,	0,	0,	
950000,	24.365,	126505,	124316,	141080,	108065,	54.53,	9.05,	9.34,	68,	6,	733,	484,	249,	0,	0,	81,	18,	12,	0,	0,	0,	0,	
1000000,	25.546,	122751,	127965,	144375,	104874,	54.02,	8.06,	7.98,	68,	5,	772,	513,	259,	0,	0,	96,	21,	12,	0,	0,	0,	0,	

1000000,	25.546,	249256,	252281,	285455,	212939,	53.48,	6.97,	7.04,	68,	5,	772,	513,	259,	0,	0,	96,	21,	12,	0,	0,	0,	0,	





AdaHT-RandomRBF
Speed Change:,	0.01,	Centroids:,	200,	DriftCentroid:	100
GracePeriod:,	200,	TieThreshold:,	0.05,	BinarySplit:,	false
Count,	Time,	TP,	FN,	TN,	FP,	Accu,	Kappa,	Kpa_t,	Mem,	Depth,	TSize,	DcNod,	ActLf,	InacLf,	Reset,	Alter,	Switch,	Prune,	ClOp0,	ClOp1,	ClOp2,	ClOp3
50000,	0.974,	12654,	12379,	14211,	10743,	53.75,	7.51,	7.04,	95,	5,	19,	23,	-4,	0,	0,	6,	2,	1,	0,	0,	0,	0,	
100000,	2.144,	11929,	13070,	14784,	10206,	53.44,	6.89,	6.45,	288,	7,	72,	52,	20,	0,	0,	11,	3,	1,	0,	0,	0,	0,	
150000,	3.422,	25931,	24118,	27731,	22206,	53.59,	7.19,	7.99,	410,	10,	122,	77,	45,	0,	0,	12,	3,	1,	0,	0,	0,	0,	
200000,	4.82,	24055,	26025,	29288,	20621,	53.26,	6.55,	6.81,	689,	11,	184,	108,	76,	0,	0,	12,	3,	1,	0,	0,	0,	0,	
250000,	6.237,	38504,	36808,	41650,	33012,	53.0,	6.07,	6.09,	841,	12,	217,	132,	85,	0,	0,	13,	4,	1,	0,	0,	0,	0,	
300000,	7.706,	36206,	39121,	43495,	31162,	52.72,	5.53,	5.94,	896,	13,	228,	152,	76,	0,	0,	15,	5,	1,	0,	0,	0,	0,	
350000,	8.984,	51801,	48541,	55338,	44293,	53.97,	7.95,	8.53,	536,	12,	279,	180,	99,	0,	0,	20,	6,	2,	0,	0,	0,	0,	
400000,	10.314,	48492,	51738,	58092,	41662,	53.77,	7.5,	8.17,	747,	12,	325,	203,	122,	0,	0,	22,	6,	2,	0,	0,	0,	0,	
450000,	11.54,	63036,	62423,	70846,	53668,	53.49,	7.05,	6.69,	338,	10,	346,	232,	114,	0,	0,	26,	7,	3,	0,	0,	0,	0,	
500000,	12.746,	61072,	64269,	72261,	52373,	53.51,	7.05,	6.54,	464,	10,	373,	253,	120,	0,	0,	29,	8,	4,	0,	0,	0,	0,	
550000,	14.038,	75830,	74694,	84620,	64829,	53.14,	6.28,	6.61,	680,	10,	421,	277,	144,	0,	0,	29,	8,	4,	0,	0,	0,	0,	
600000,	15.459,	73155,	77225,	86887,	62707,	53.42,	6.85,	6.73,	1008,	12,	493,	313,	180,	0,	0,	30,	8,	4,	0,	0,	0,	0,	
650000,	17.014,	88651,	86961,	98477,	75884,	53.36,	6.73,	6.46,	734,	12,	541,	337,	204,	0,	0,	36,	8,	4,	0,	0,	0,	0,	
700000,	18.413,	85642,	89805,	101047,	73478,	53.3,	6.61,	7.3,	887,	12,	585,	359,	226,	0,	0,	40,	8,	4,	0,	0,	0,	0,	
750000,	19.839,	101103,	99648,	112650,	86568,	53.25,	6.54,	6.71,	59,	4,	626,	382,	244,	0,	0,	44,	9,	5,	0,	0,	0,	0,	
800000,	20.956,	98119,	102416,	115398,	84038,	53.66,	7.34,	7.26,	212,	8,	669,	408,	261,	0,	0,	55,	10,	7,	0,	0,	0,	0,	
850000,	22.243,	114028,	111808,	126293,	97838,	53.14,	6.29,	5.93,	374,	10,	706,	432,	274,	0,	0,	58,	11,	7,	0,	0,	0,	0,	
900000,	23.662,	110531,	115143,	129585,	94709,	53.2,	6.44,	6.2,	166,	8,	762,	460,	302,	0,	0,	59,	11,	7,	0,	0,	0,	0,	
950000,	24.556,	126505,	124316,	141080,	108065,	54.53,	9.05,	9.34,	68,	6,	733,	484,	249,	0,	0,	81,	18,	12,	0,	0,	0,	0,	
1000000,	25.745,	122751,	127965,	144375,	104874,	54.02,	8.06,	7.98,	68,	5,	772,	513,	259,	0,	0,	96,	21,	12,	0,	0,	0,	0,	

1000000,	25.745,	249256,	252281,	285455,	212939,	53.48,	6.97,	7.04,	68,	5,	772,	513,	259,	0,	0,	96,	21,	12,	0,	0,	0,	0,	





AdaHT-RandomRBF
Speed Change:,	0.01,	Centroids:,	250,	DriftCentroid:	100
GracePeriod:,	200,	TieThreshold:,	0.05,	BinarySplit:,	false
Count,	Time,	TP,	FN,	TN,	FP,	Accu,	Kappa,	Kpa_t,	Mem,	Depth,	TSize,	DcNod,	ActLf,	InacLf,	Reset,	Alter,	Switch,	Prune,	ClOp0,	ClOp1,	ClOp2,	ClOp3
50000,	0.924,	12654,	12379,	14211,	10743,	53.75,	7.51,	7.04,	95,	5,	19,	23,	-4,	0,	0,	6,	2,	1,	0,	0,	0,	0,	
100000,	2.066,	11929,	13070,	14784,	10206,	53.44,	6.89,	6.45,	288,	7,	72,	52,	20,	0,	0,	11,	3,	1,	0,	0,	0,	0,	
150000,	3.343,	25931,	24118,	27731,	22206,	53.59,	7.19,	7.99,	410,	10,	122,	77,	45,	0,	0,	12,	3,	1,	0,	0,	0,	0,	
200000,	4.725,	24055,	26025,	29288,	20621,	53.26,	6.55,	6.81,	689,	11,	184,	108,	76,	0,	0,	12,	3,	1,	0,	0,	0,	0,	
250000,	6.149,	38504,	36808,	41650,	33012,	53.0,	6.07,	6.09,	841,	12,	217,	132,	85,	0,	0,	13,	4,	1,	0,	0,	0,	0,	
300000,	7.628,	36206,	39121,	43495,	31162,	52.72,	5.53,	5.94,	896,	13,	228,	152,	76,	0,	0,	15,	5,	1,	0,	0,	0,	0,	
350000,	8.882,	51801,	48541,	55338,	44293,	53.97,	7.95,	8.53,	536,	12,	279,	180,	99,	0,	0,	20,	6,	2,	0,	0,	0,	0,	
400000,	10.198,	48492,	51738,	58092,	41662,	53.77,	7.5,	8.17,	747,	12,	325,	203,	122,	0,	0,	22,	6,	2,	0,	0,	0,	0,	
450000,	11.386,	63036,	62423,	70846,	53668,	53.49,	7.05,	6.69,	338,	10,	346,	232,	114,	0,	0,	26,	7,	3,	0,	0,	0,	0,	
500000,	12.559,	61072,	64269,	72261,	52373,	53.51,	7.05,	6.54,	464,	10,	373,	253,	120,	0,	0,	29,	8,	4,	0,	0,	0,	0,	
550000,	13.839,	75830,	74694,	84620,	64829,	53.14,	6.28,	6.61,	680,	10,	421,	277,	144,	0,	0,	29,	8,	4,	0,	0,	0,	0,	
600000,	15.219,	73155,	77225,	86887,	62707,	53.42,	6.85,	6.73,	1008,	12,	493,	313,	180,	0,	0,	30,	8,	4,	0,	0,	0,	0,	
650000,	16.727,	88651,	86961,	98477,	75884,	53.36,	6.73,	6.46,	734,	12,	541,	337,	204,	0,	0,	36,	8,	4,	0,	0,	0,	0,	
700000,	18.099,	85642,	89805,	101047,	73478,	53.3,	6.61,	7.3,	887,	12,	585,	359,	226,	0,	0,	40,	8,	4,	0,	0,	0,	0,	
750000,	19.526,	101103,	99648,	112650,	86568,	53.25,	6.54,	6.71,	59,	4,	626,	382,	244,	0,	0,	44,	9,	5,	0,	0,	0,	0,	
800000,	20.638,	98119,	102416,	115398,	84038,	53.66,	7.34,	7.26,	212,	8,	669,	408,	261,	0,	0,	55,	10,	7,	0,	0,	0,	0,	
850000,	21.949,	114028,	111808,	126293,	97838,	53.14,	6.29,	5.93,	374,	10,	706,	432,	274,	0,	0,	58,	11,	7,	0,	0,	0,	0,	
900000,	23.391,	110531,	115143,	129585,	94709,	53.2,	6.44,	6.2,	166,	8,	762,	460,	302,	0,	0,	59,	11,	7,	0,	0,	0,	0,	
950000,	24.272,	126505,	124316,	141080,	108065,	54.53,	9.05,	9.34,	68,	6,	733,	484,	249,	0,	0,	81,	18,	12,	0,	0,	0,	0,	
1000000,	25.477,	122751,	127965,	144375,	104874,	54.02,	8.06,	7.98,	68,	5,	772,	513,	259,	0,	0,	96,	21,	12,	0,	0,	0,	0,	

1000000,	25.477,	249256,	252281,	285455,	212939,	53.48,	6.97,	7.04,	68,	5,	772,	513,	259,	0,	0,	96,	21,	12,	0,	0,	0,	0,	





AdaHT-RandomRBF
Speed Change:,	0.01,	Centroids:,	100,	DriftCentroid:	20
GracePeriod:,	200,	TieThreshold:,	0.05,	BinarySplit:,	false
Count,	Time,	TP,	FN,	TN,	FP,	Accu,	Kappa,	Kpa_t,	Mem,	Depth,	TSize,	DcNod,	ActLf,	InacLf,	Reset,	Alter,	Switch,	Prune,	ClOp0,	ClOp1,	ClOp2,	ClOp3
50000,	0.834,	18576,	6454,	19150,	5804,	75.48,	50.96,	50.71,	261,	10,	57,	28,	29,	0,	0,	1,	0,	0,	0,	0,	0,	0,	
100000,	1.847,	20246,	4752,	18933,	6058,	78.38,	56.75,	56.55,	455,	10,	109,	54,	55,	0,	0,	1,	0,	0,	0,	0,	0,	0,	
150000,	2.86,	39511,	10535,	38203,	11735,	79.98,	59.95,	60.3,	689,	12,	161,	80,	81,	0,	0,	1,	0,	0,	0,	0,	0,	0,	
200000,	3.902,	41584,	8495,	38013,	11897,	80.84,	61.66,	61.79,	931,	14,	215,	107,	108,	0,	0,	1,	0,	0,	0,	0,	0,	0,	
250000,	5.053,	61015,	14027,	57048,	17615,	81.25,	62.46,	62.54,	1202,	16,	275,	137,	138,	0,	0,	1,	0,	0,	0,	0,	0,	0,	
300000,	6.268,	63585,	11664,	56913,	17747,	81.96,	63.88,	64.11,	1481,	18,	337,	168,	169,	0,	0,	1,	0,	0,	0,	0,	0,	0,	
350000,	7.496,	83311,	16705,	75878,	23753,	82.37,	64.73,	64.96,	1642,	20,	371,	185,	186,	0,	0,	3,	0,	0,	0,	0,	0,	0,	
400000,	8.765,	85267,	14507,	75946,	23809,	82.19,	64.39,	64.62,	1817,	18,	429,	214,	215,	0,	0,	5,	0,	2,	0,	0,	0,	0,	
450000,	10.077,	105568,	19564,	94896,	29616,	82.55,	65.08,	65.0,	2010,	19,	477,	238,	239,	0,	0,	5,	0,	2,	0,	0,	0,	0,	
500000,	11.458,	106509,	17288,	94762,	29874,	82.31,	64.59,	64.43,	2280,	20,	537,	268,	269,	0,	0,	5,	0,	2,	0,	0,	0,	0,	
550000,	12.861,	127231,	22075,	113628,	35818,	82.57,	65.13,	65.27,	2551,	21,	597,	298,	299,	0,	0,	5,	0,	2,	0,	0,	0,	0,	
600000,	14.255,	127862,	19700,	113513,	36082,	82.76,	65.5,	65.47,	2758,	22,	643,	321,	322,	0,	0,	5,	0,	2,	0,	0,	0,	0,	
650000,	15.728,	149582,	24487,	132348,	42009,	82.79,	65.57,	65.49,	3047,	22,	707,	353,	354,	0,	0,	5,	0,	2,	0,	0,	0,	0,	
700000,	17.194,	149610,	22014,	132283,	42244,	83.05,	66.08,	66.35,	3199,	24,	741,	370,	371,	0,	0,	5,	0,	2,	0,	0,	0,	0,	
750000,	18.73,	171471,	26877,	151083,	48132,	82.97,	65.91,	66.01,	3389,	24,	783,	391,	392,	0,	0,	5,	0,	2,	0,	0,	0,	0,	
800000,	20.242,	171248,	24144,	151070,	48369,	83.49,	66.96,	66.96,	3596,	24,	829,	414,	415,	0,	0,	5,	0,	2,	0,	0,	0,	0,	
850000,	21.815,	191562,	29208,	169919,	54208,	83.18,	66.35,	66.24,	3785,	25,	871,	435,	436,	0,	0,	5,	0,	2,	0,	0,	0,	0,	
900000,	23.381,	192337,	26374,	169922,	54374,	83.52,	67.02,	66.98,	3956,	26,	909,	454,	455,	0,	0,	5,	0,	2,	0,	0,	0,	0,	
950000,	25.052,	212829,	31461,	188863,	60277,	83.35,	66.71,	66.81,	4225,	26,	969,	484,	485,	0,	0,	6,	0,	3,	0,	0,	0,	0,	
1000000,	26.677,	213566,	28564,	188852,	60400,	83.57,	67.12,	67.11,	4531,	26,	1037,	518,	519,	0,	0,	6,	0,	3,	0,	0,	0,	0,	

1000000,	26.677,	426395,	60025,	377715,	120677,	81.93,	63.84,	63.89,	4531,	26,	1037,	518,	519,	0,	0,	6,	0,	3,	0,	0,	0,	0,	





AdaHT-RandomRBF
Speed Change:,	0.01,	Centroids:,	100,	DriftCentroid:	40
GracePeriod:,	200,	TieThreshold:,	0.05,	BinarySplit:,	false
Count,	Time,	TP,	FN,	TN,	FP,	Accu,	Kappa,	Kpa_t,	Mem,	Depth,	TSize,	DcNod,	ActLf,	InacLf,	Reset,	Alter,	Switch,	Prune,	ClOp0,	ClOp1,	ClOp2,	ClOp3
50000,	0.883,	14332,	10712,	16591,	8363,	61.85,	23.7,	23.31,	113,	6,	51,	25,	26,	0,	0,	6,	0,	0,	0,	0,	0,	0,	
100000,	2.012,	13672,	11335,	17235,	7758,	61.81,	23.63,	23.27,	347,	10,	103,	51,	52,	0,	0,	6,	0,	0,	0,	0,	0,	0,	
150000,	3.168,	27609,	22451,	34408,	15530,	62.19,	24.38,	25.03,	557,	12,	147,	73,	74,	0,	0,	10,	0,	0,	0,	0,	0,	0,	
200000,	4.428,	26988,	23100,	35022,	14890,	62.21,	24.46,	24.65,	689,	13,	195,	97,	98,	0,	0,	10,	0,	0,	0,	0,	0,	0,	
250000,	5.686,	41221,	34112,	52034,	22631,	62.48,	25.09,	25.01,	959,	14,	255,	127,	128,	0,	0,	10,	0,	0,	0,	0,	0,	0,	
300000,	7.079,	40399,	34934,	52714,	21947,	62.22,	24.57,	24.83,	1228,	15,	315,	157,	158,	0,	0,	10,	0,	0,	0,	0,	0,	0,	
350000,	8.536,	55033,	45331,	69490,	30144,	62.54,	25.09,	25.55,	1471,	16,	369,	184,	185,	0,	0,	10,	0,	0,	0,	0,	0,	0,	
400000,	9.942,	53295,	46937,	71090,	28666,	62.55,	25.04,	25.62,	1660,	16,	411,	205,	206,	0,	0,	10,	0,	0,	0,	0,	0,	0,	
450000,	11.371,	67438,	58011,	88310,	36205,	62.51,	25.12,	24.8,	1856,	18,	453,	226,	227,	0,	0,	14,	0,	0,	0,	0,	0,	0,	
500000,	12.863,	65741,	59545,	89844,	34792,	62.53,	25.15,	24.66,	1993,	18,	497,	248,	249,	0,	0,	15,	0,	0,	0,	0,	0,	0,	
550000,	14.33,	80120,	70326,	106867,	42583,	62.61,	25.27,	25.5,	1750,	20,	551,	275,	276,	0,	0,	16,	0,	0,	0,	0,	0,	0,	
600000,	15.753,	77432,	71839,	108595,	41000,	62.99,	26.01,	25.9,	1974,	20,	599,	299,	300,	0,	0,	19,	0,	0,	0,	0,	0,	0,	
650000,	17.264,	93159,	82372,	124979,	49381,	62.31,	24.67,	24.41,	1970,	17,	647,	323,	324,	0,	0,	21,	0,	1,	0,	0,	0,	0,	
700000,	18.747,	90634,	83621,	126692,	47834,	62.77,	25.57,	26.1,	2170,	18,	715,	357,	358,	0,	0,	29,	0,	1,	0,	0,	0,	0,	
750000,	20.307,	106316,	94306,	142844,	56373,	62.14,	24.37,	24.45,	2182,	16,	719,	386,	333,	0,	0,	38,	2,	8,	0,	0,	0,	0,	
800000,	21.777,	103758,	95584,	145046,	54390,	62.96,	25.97,	25.87,	2164,	16,	765,	409,	356,	0,	0,	41,	2,	8,	0,	0,	0,	0,	
850000,	23.281,	119687,	105998,	160464,	63665,	62.03,	24.1,	23.78,	2372,	16,	811,	432,	379,	0,	0,	41,	2,	8,	0,	0,	0,	0,	
900000,	24.722,	117344,	107138,	162888,	61408,	62.86,	25.79,	25.55,	2560,	17,	853,	453,	400,	0,	0,	41,	2,	8,	0,	0,	0,	0,	
950000,	26.263,	132569,	117666,	178386,	70756,	62.48,	24.95,	25.19,	2786,	17,	903,	478,	425,	0,	0,	41,	2,	8,	0,	0,	0,	0,	
1000000,	27.833,	130255,	119122,	181075,	68177,	62.49,	25.01,	24.93,	3018,	18,	955,	504,	451,	0,	0,	41,	2,	8,	0,	0,	0,	0,	

1000000,	27.833,	262824,	236788,	359461,	138933,	62.43,	24.9,	24.92,	3018,	18,	955,	504,	451,	0,	0,	41,	2,	8,	0,	0,	0,	0,	





AdaHT-RandomRBF
Speed Change:,	0.01,	Centroids:,	100,	DriftCentroid:	60
GracePeriod:,	200,	TieThreshold:,	0.05,	BinarySplit:,	false
Count,	Time,	TP,	FN,	TN,	FP,	Accu,	Kappa,	Kpa_t,	Mem,	Depth,	TSize,	DcNod,	ActLf,	InacLf,	Reset,	Alter,	Switch,	Prune,	ClOp0,	ClOp1,	ClOp2,	ClOp3
50000,	0.932,	12654,	12379,	14211,	10743,	53.75,	7.51,	7.04,	95,	5,	19,	23,	-4,	0,	0,	6,	2,	1,	0,	0,	0,	0,	
100000,	2.086,	11929,	13070,	14784,	10206,	53.44,	6.89,	6.45,	288,	7,	72,	52,	20,	0,	0,	11,	3,	1,	0,	0,	0,	0,	
150000,	3.355,	25931,	24118,	27731,	22206,	53.59,	7.19,	7.99,	410,	10,	122,	77,	45,	0,	0,	12,	3,	1,	0,	0,	0,	0,	
200000,	4.749,	24055,	26025,	29288,	20621,	53.26,	6.55,	6.81,	689,	11,	184,	108,	76,	0,	0,	12,	3,	1,	0,	0,	0,	0,	
250000,	6.188,	38504,	36808,	41650,	33012,	53.0,	6.07,	6.09,	841,	12,	217,	132,	85,	0,	0,	13,	4,	1,	0,	0,	0,	0,	
300000,	7.655,	36206,	39121,	43495,	31162,	52.72,	5.53,	5.94,	896,	13,	228,	152,	76,	0,	0,	15,	5,	1,	0,	0,	0,	0,	
350000,	8.911,	51801,	48541,	55338,	44293,	53.97,	7.95,	8.53,	536,	12,	279,	180,	99,	0,	0,	20,	6,	2,	0,	0,	0,	0,	
400000,	10.231,	48492,	51738,	58092,	41662,	53.77,	7.5,	8.17,	747,	12,	325,	203,	122,	0,	0,	22,	6,	2,	0,	0,	0,	0,	
450000,	11.444,	63036,	62423,	70846,	53668,	53.49,	7.05,	6.69,	338,	10,	346,	232,	114,	0,	0,	26,	7,	3,	0,	0,	0,	0,	
500000,	12.63,	61072,	64269,	72261,	52373,	53.51,	7.05,	6.54,	464,	10,	373,	253,	120,	0,	0,	29,	8,	4,	0,	0,	0,	0,	
550000,	13.912,	75830,	74694,	84620,	64829,	53.14,	6.28,	6.61,	680,	10,	421,	277,	144,	0,	0,	29,	8,	4,	0,	0,	0,	0,	
600000,	15.315,	73155,	77225,	86887,	62707,	53.42,	6.85,	6.73,	1008,	12,	493,	313,	180,	0,	0,	30,	8,	4,	0,	0,	0,	0,	
650000,	16.84,	88651,	86961,	98477,	75884,	53.36,	6.73,	6.46,	734,	12,	541,	337,	204,	0,	0,	36,	8,	4,	0,	0,	0,	0,	
700000,	18.219,	85642,	89805,	101047,	73478,	53.3,	6.61,	7.3,	887,	12,	585,	359,	226,	0,	0,	40,	8,	4,	0,	0,	0,	0,	
750000,	19.652,	101103,	99648,	112650,	86568,	53.25,	6.54,	6.71,	59,	4,	626,	382,	244,	0,	0,	44,	9,	5,	0,	0,	0,	0,	
800000,	20.754,	98119,	102416,	115398,	84038,	53.66,	7.34,	7.26,	212,	8,	669,	408,	261,	0,	0,	55,	10,	7,	0,	0,	0,	0,	
850000,	22.04,	114028,	111808,	126293,	97838,	53.14,	6.29,	5.93,	374,	10,	706,	432,	274,	0,	0,	58,	11,	7,	0,	0,	0,	0,	
900000,	23.46,	110531,	115143,	129585,	94709,	53.2,	6.44,	6.2,	166,	8,	762,	460,	302,	0,	0,	59,	11,	7,	0,	0,	0,	0,	
950000,	24.36,	126505,	124316,	141080,	108065,	54.53,	9.05,	9.34,	68,	6,	733,	484,	249,	0,	0,	81,	18,	12,	0,	0,	0,	0,	
1000000,	25.559,	122751,	127965,	144375,	104874,	54.02,	8.06,	7.98,	68,	5,	772,	513,	259,	0,	0,	96,	21,	12,	0,	0,	0,	0,	

1000000,	25.559,	249256,	252281,	285455,	212939,	53.48,	6.97,	7.04,	68,	5,	772,	513,	259,	0,	0,	96,	21,	12,	0,	0,	0,	0,	





AdaHT-RandomRBF
Speed Change:,	0.01,	Centroids:,	100,	DriftCentroid:	80
GracePeriod:,	200,	TieThreshold:,	0.05,	BinarySplit:,	false
Count,	Time,	TP,	FN,	TN,	FP,	Accu,	Kappa,	Kpa_t,	Mem,	Depth,	TSize,	DcNod,	ActLf,	InacLf,	Reset,	Alter,	Switch,	Prune,	ClOp0,	ClOp1,	ClOp2,	ClOp3
50000,	0.93,	12654,	12379,	14211,	10743,	53.75,	7.51,	7.04,	95,	5,	19,	23,	-4,	0,	0,	6,	2,	1,	0,	0,	0,	0,	
100000,	2.056,	11929,	13070,	14784,	10206,	53.44,	6.89,	6.45,	288,	7,	72,	52,	20,	0,	0,	11,	3,	1,	0,	0,	0,	0,	
150000,	3.319,	25931,	24118,	27731,	22206,	53.59,	7.19,	7.99,	410,	10,	122,	77,	45,	0,	0,	12,	3,	1,	0,	0,	0,	0,	
200000,	4.709,	24055,	26025,	29288,	20621,	53.26,	6.55,	6.81,	689,	11,	184,	108,	76,	0,	0,	12,	3,	1,	0,	0,	0,	0,	
250000,	6.142,	38504,	36808,	41650,	33012,	53.0,	6.07,	6.09,	841,	12,	217,	132,	85,	0,	0,	13,	4,	1,	0,	0,	0,	0,	
300000,	7.62,	36206,	39121,	43495,	31162,	52.72,	5.53,	5.94,	896,	13,	228,	152,	76,	0,	0,	15,	5,	1,	0,	0,	0,	0,	
350000,	8.882,	51801,	48541,	55338,	44293,	53.97,	7.95,	8.53,	536,	12,	279,	180,	99,	0,	0,	20,	6,	2,	0,	0,	0,	0,	
400000,	10.199,	48492,	51738,	58092,	41662,	53.77,	7.5,	8.17,	747,	12,	325,	203,	122,	0,	0,	22,	6,	2,	0,	0,	0,	0,	
450000,	11.408,	63036,	62423,	70846,	53668,	53.49,	7.05,	6.69,	338,	10,	346,	232,	114,	0,	0,	26,	7,	3,	0,	0,	0,	0,	
500000,	12.592,	61072,	64269,	72261,	52373,	53.51,	7.05,	6.54,	464,	10,	373,	253,	120,	0,	0,	29,	8,	4,	0,	0,	0,	0,	
550000,	13.881,	75830,	74694,	84620,	64829,	53.14,	6.28,	6.61,	680,	10,	421,	277,	144,	0,	0,	29,	8,	4,	0,	0,	0,	0,	
600000,	15.263,	73155,	77225,	86887,	62707,	53.42,	6.85,	6.73,	1008,	12,	493,	313,	180,	0,	0,	30,	8,	4,	0,	0,	0,	0,	
650000,	16.792,	88651,	86961,	98477,	75884,	53.36,	6.73,	6.46,	734,	12,	541,	337,	204,	0,	0,	36,	8,	4,	0,	0,	0,	0,	
700000,	18.181,	85642,	89805,	101047,	73478,	53.3,	6.61,	7.3,	887,	12,	585,	359,	226,	0,	0,	40,	8,	4,	0,	0,	0,	0,	
750000,	19.614,	101103,	99648,	112650,	86568,	53.25,	6.54,	6.71,	59,	4,	626,	382,	244,	0,	0,	44,	9,	5,	0,	0,	0,	0,	
800000,	20.716,	98119,	102416,	115398,	84038,	53.66,	7.34,	7.26,	212,	8,	669,	408,	261,	0,	0,	55,	10,	7,	0,	0,	0,	0,	
850000,	22.004,	114028,	111808,	126293,	97838,	53.14,	6.29,	5.93,	374,	10,	706,	432,	274,	0,	0,	58,	11,	7,	0,	0,	0,	0,	
900000,	23.442,	110531,	115143,	129585,	94709,	53.2,	6.44,	6.2,	166,	8,	762,	460,	302,	0,	0,	59,	11,	7,	0,	0,	0,	0,	
950000,	24.326,	126505,	124316,	141080,	108065,	54.53,	9.05,	9.34,	68,	6,	733,	484,	249,	0,	0,	81,	18,	12,	0,	0,	0,	0,	
1000000,	25.525,	122751,	127965,	144375,	104874,	54.02,	8.06,	7.98,	68,	5,	772,	513,	259,	0,	0,	96,	21,	12,	0,	0,	0,	0,	

1000000,	25.525,	249256,	252281,	285455,	212939,	53.48,	6.97,	7.04,	68,	5,	772,	513,	259,	0,	0,	96,	21,	12,	0,	0,	0,	0,	





AdaHT-RandomRBF
Speed Change:,	0.01,	Centroids:,	100,	DriftCentroid:	100
GracePeriod:,	200,	TieThreshold:,	0.05,	BinarySplit:,	false
Count,	Time,	TP,	FN,	TN,	FP,	Accu,	Kappa,	Kpa_t,	Mem,	Depth,	TSize,	DcNod,	ActLf,	InacLf,	Reset,	Alter,	Switch,	Prune,	ClOp0,	ClOp1,	ClOp2,	ClOp3
50000,	0.942,	12654,	12379,	14211,	10743,	53.75,	7.51,	7.04,	95,	5,	19,	23,	-4,	0,	0,	6,	2,	1,	0,	0,	0,	0,	
100000,	2.109,	11929,	13070,	14784,	10206,	53.44,	6.89,	6.45,	288,	7,	72,	52,	20,	0,	0,	11,	3,	1,	0,	0,	0,	0,	
150000,	3.392,	25931,	24118,	27731,	22206,	53.59,	7.19,	7.99,	410,	10,	122,	77,	45,	0,	0,	12,	3,	1,	0,	0,	0,	0,	
200000,	4.798,	24055,	26025,	29288,	20621,	53.26,	6.55,	6.81,	689,	11,	184,	108,	76,	0,	0,	12,	3,	1,	0,	0,	0,	0,	
250000,	6.232,	38504,	36808,	41650,	33012,	53.0,	6.07,	6.09,	841,	12,	217,	132,	85,	0,	0,	13,	4,	1,	0,	0,	0,	0,	
300000,	7.704,	36206,	39121,	43495,	31162,	52.72,	5.53,	5.94,	896,	13,	228,	152,	76,	0,	0,	15,	5,	1,	0,	0,	0,	0,	
350000,	8.967,	51801,	48541,	55338,	44293,	53.97,	7.95,	8.53,	536,	12,	279,	180,	99,	0,	0,	20,	6,	2,	0,	0,	0,	0,	
400000,	10.286,	48492,	51738,	58092,	41662,	53.77,	7.5,	8.17,	747,	12,	325,	203,	122,	0,	0,	22,	6,	2,	0,	0,	0,	0,	
450000,	11.508,	63036,	62423,	70846,	53668,	53.49,	7.05,	6.69,	338,	10,	346,	232,	114,	0,	0,	26,	7,	3,	0,	0,	0,	0,	
500000,	12.72,	61072,	64269,	72261,	52373,	53.51,	7.05,	6.54,	464,	10,	373,	253,	120,	0,	0,	29,	8,	4,	0,	0,	0,	0,	
550000,	14.018,	75830,	74694,	84620,	64829,	53.14,	6.28,	6.61,	680,	10,	421,	277,	144,	0,	0,	29,	8,	4,	0,	0,	0,	0,	
600000,	15.437,	73155,	77225,	86887,	62707,	53.42,	6.85,	6.73,	1008,	12,	493,	313,	180,	0,	0,	30,	8,	4,	0,	0,	0,	0,	
650000,	16.967,	88651,	86961,	98477,	75884,	53.36,	6.73,	6.46,	734,	12,	541,	337,	204,	0,	0,	36,	8,	4,	0,	0,	0,	0,	
700000,	18.362,	85642,	89805,	101047,	73478,	53.3,	6.61,	7.3,	887,	12,	585,	359,	226,	0,	0,	40,	8,	4,	0,	0,	0,	0,	
750000,	19.805,	101103,	99648,	112650,	86568,	53.25,	6.54,	6.71,	59,	4,	626,	382,	244,	0,	0,	44,	9,	5,	0,	0,	0,	0,	
800000,	20.913,	98119,	102416,	115398,	84038,	53.66,	7.34,	7.26,	212,	8,	669,	408,	261,	0,	0,	55,	10,	7,	0,	0,	0,	0,	
850000,	22.251,	114028,	111808,	126293,	97838,	53.14,	6.29,	5.93,	374,	10,	706,	432,	274,	0,	0,	58,	11,	7,	0,	0,	0,	0,	
900000,	23.687,	110531,	115143,	129585,	94709,	53.2,	6.44,	6.2,	166,	8,	762,	460,	302,	0,	0,	59,	11,	7,	0,	0,	0,	0,	
950000,	24.587,	126505,	124316,	141080,	108065,	54.53,	9.05,	9.34,	68,	6,	733,	484,	249,	0,	0,	81,	18,	12,	0,	0,	0,	0,	
1000000,	25.784,	122751,	127965,	144375,	104874,	54.02,	8.06,	7.98,	68,	5,	772,	513,	259,	0,	0,	96,	21,	12,	0,	0,	0,	0,	

1000000,	25.784,	249256,	252281,	285455,	212939,	53.48,	6.97,	7.04,	68,	5,	772,	513,	259,	0,	0,	96,	21,	12,	0,	0,	0,	0,	





AdaHT-RandomRBF
Speed Change:,	0.01,	Centroids:,	100,	DriftCentroid:	100
GracePeriod:,	200,	TieThreshold:,	0.05,	BinarySplit:,	false
Count,	Time,	TP,	FN,	TN,	FP,	Accu,	Kappa,	Kpa_t,	Mem,	Depth,	TSize,	DcNod,	ActLf,	InacLf,	Reset,	Alter,	Switch,	Prune,	ClOp0,	ClOp1,	ClOp2,	ClOp3
50000,	0.971,	12654,	12379,	14211,	10743,	53.75,	7.51,	7.04,	95,	5,	19,	23,	-4,	0,	0,	6,	2,	1,	0,	0,	0,	0,	
100000,	2.152,	11929,	13070,	14784,	10206,	53.44,	6.89,	6.45,	288,	7,	72,	52,	20,	0,	0,	11,	3,	1,	0,	0,	0,	0,	
150000,	3.425,	25931,	24118,	27731,	22206,	53.59,	7.19,	7.99,	410,	10,	122,	77,	45,	0,	0,	12,	3,	1,	0,	0,	0,	0,	
200000,	4.837,	24055,	26025,	29288,	20621,	53.26,	6.55,	6.81,	689,	11,	184,	108,	76,	0,	0,	12,	3,	1,	0,	0,	0,	0,	
250000,	6.285,	38504,	36808,	41650,	33012,	53.0,	6.07,	6.09,	841,	12,	217,	132,	85,	0,	0,	13,	4,	1,	0,	0,	0,	0,	
300000,	7.767,	36206,	39121,	43495,	31162,	52.72,	5.53,	5.94,	896,	13,	228,	152,	76,	0,	0,	15,	5,	1,	0,	0,	0,	0,	
350000,	9.024,	51801,	48541,	55338,	44293,	53.97,	7.95,	8.53,	536,	12,	279,	180,	99,	0,	0,	20,	6,	2,	0,	0,	0,	0,	
400000,	10.347,	48492,	51738,	58092,	41662,	53.77,	7.5,	8.17,	747,	12,	325,	203,	122,	0,	0,	22,	6,	2,	0,	0,	0,	0,	
450000,	11.564,	63036,	62423,	70846,	53668,	53.49,	7.05,	6.69,	338,	10,	346,	232,	114,	0,	0,	26,	7,	3,	0,	0,	0,	0,	
500000,	12.769,	61072,	64269,	72261,	52373,	53.51,	7.05,	6.54,	464,	10,	373,	253,	120,	0,	0,	29,	8,	4,	0,	0,	0,	0,	
550000,	14.049,	75830,	74694,	84620,	64829,	53.14,	6.28,	6.61,	680,	10,	421,	277,	144,	0,	0,	29,	8,	4,	0,	0,	0,	0,	
600000,	15.471,	73155,	77225,	86887,	62707,	53.42,	6.85,	6.73,	1008,	12,	493,	313,	180,	0,	0,	30,	8,	4,	0,	0,	0,	0,	
650000,	16.999,	88651,	86961,	98477,	75884,	53.36,	6.73,	6.46,	734,	12,	541,	337,	204,	0,	0,	36,	8,	4,	0,	0,	0,	0,	
700000,	18.359,	85642,	89805,	101047,	73478,	53.3,	6.61,	7.3,	887,	12,	585,	359,	226,	0,	0,	40,	8,	4,	0,	0,	0,	0,	
750000,	19.777,	101103,	99648,	112650,	86568,	53.25,	6.54,	6.71,	59,	4,	626,	382,	244,	0,	0,	44,	9,	5,	0,	0,	0,	0,	
800000,	20.873,	98119,	102416,	115398,	84038,	53.66,	7.34,	7.26,	212,	8,	669,	408,	261,	0,	0,	55,	10,	7,	0,	0,	0,	0,	
850000,	22.188,	114028,	111808,	126293,	97838,	53.14,	6.29,	5.93,	374,	10,	706,	432,	274,	0,	0,	58,	11,	7,	0,	0,	0,	0,	
900000,	23.617,	110531,	115143,	129585,	94709,	53.2,	6.44,	6.2,	166,	8,	762,	460,	302,	0,	0,	59,	11,	7,	0,	0,	0,	0,	
950000,	24.527,	126505,	124316,	141080,	108065,	54.53,	9.05,	9.34,	68,	6,	733,	484,	249,	0,	0,	81,	18,	12,	0,	0,	0,	0,	
1000000,	25.756,	122751,	127965,	144375,	104874,	54.02,	8.06,	7.98,	68,	5,	772,	513,	259,	0,	0,	96,	21,	12,	0,	0,	0,	0,	

1000000,	25.756,	249256,	252281,	285455,	212939,	53.48,	6.97,	7.04,	68,	5,	772,	513,	259,	0,	0,	96,	21,	12,	0,	0,	0,	0,	





AdaHT-RandomRBF
Speed Change:,	0.01,	Centroids:,	100,	DriftCentroid:	100
GracePeriod:,	400,	TieThreshold:,	0.05,	BinarySplit:,	false
Count,	Time,	TP,	FN,	TN,	FP,	Accu,	Kappa,	Kpa_t,	Mem,	Depth,	TSize,	DcNod,	ActLf,	InacLf,	Reset,	Alter,	Switch,	Prune,	ClOp0,	ClOp1,	ClOp2,	ClOp3
50000,	0.746,	12872,	12172,	14648,	10306,	55.04,	10.09,	9.63,	32,	3,	3,	21,	-18,	0,	0,	7,	4,	2,	0,	0,	0,	0,	
100000,	1.893,	12537,	12470,	14596,	10397,	54.27,	8.53,	8.1,	243,	10,	49,	44,	5,	0,	0,	9,	4,	3,	0,	0,	0,	0,	
150000,	3.067,	25293,	24763,	29021,	20915,	53.6,	7.2,	8.0,	23,	2,	2,	66,	-64,	0,	0,	20,	9,	6,	0,	0,	0,	0,	
200000,	3.954,	24975,	25113,	29451,	20460,	54.59,	9.2,	9.46,	104,	6,	21,	90,	-69,	0,	0,	25,	12,	6,	0,	0,	0,	0,	
250000,	5.079,	38222,	37106,	43060,	31601,	53.94,	7.93,	7.95,	239,	8,	65,	112,	-47,	0,	0,	29,	12,	6,	0,	0,	0,	0,	
300000,	6.096,	38789,	36546,	42760,	31898,	54.25,	8.49,	8.98,	14,	1,	20,	135,	-115,	0,	0,	63,	21,	12,	0,	0,	0,	0,	
350000,	7.132,	50935,	49422,	57419,	42208,	54.15,	8.3,	8.88,	189,	9,	56,	157,	-101,	0,	0,	70,	23,	12,	0,	0,	0,	0,	
400000,	8.143,	50751,	49487,	57880,	41874,	54.16,	8.28,	8.97,	41,	4,	59,	179,	-120,	0,	0,	89,	26,	20,	0,	0,	0,	0,	
450000,	9.306,	63565,	61907,	71971,	52537,	54.37,	8.77,	8.46,	203,	8,	115,	207,	-92,	0,	0,	95,	26,	20,	0,	0,	0,	0,	
500000,	10.664,	63187,	62169,	72305,	52329,	53.72,	7.48,	6.96,	410,	11,	161,	230,	-69,	0,	0,	95,	26,	20,	0,	0,	0,	0,	
550000,	11.751,	75791,	74746,	86562,	62881,	53.63,	7.29,	7.6,	23,	2,	83,	251,	-168,	0,	0,	111,	30,	23,	0,	0,	0,	0,	
600000,	12.683,	76161,	74234,	86363,	63232,	54.06,	8.13,	8.02,	104,	6,	106,	272,	-166,	0,	0,	119,	33,	24,	0,	0,	0,	0,	
650000,	13.596,	88836,	86788,	100561,	73793,	54.09,	8.19,	7.93,	77,	5,	96,	296,	-200,	0,	0,	135,	37,	29,	0,	0,	0,	0,	
700000,	14.742,	88045,	87416,	101289,	73238,	53.62,	7.28,	7.95,	293,	9,	144,	320,	-176,	0,	0,	135,	37,	29,	0,	0,	0,	0,	
750000,	15.76,	100420,	100338,	115933,	83278,	53.92,	7.93,	8.05,	23,	2,	182,	346,	-164,	0,	0,	143,	39,	30,	0,	0,	0,	0,	
800000,	16.569,	100813,	99735,	115837,	83601,	54.63,	9.29,	9.21,	23,	2,	178,	368,	-190,	0,	0,	158,	45,	32,	0,	0,	0,	0,	
850000,	17.397,	113297,	112544,	130481,	93643,	54.86,	9.73,	9.38,	32,	3,	189,	395,	-206,	0,	0,	172,	48,	36,	0,	0,	0,	0,	
900000,	18.246,	113034,	112651,	130616,	93680,	54.01,	8.07,	7.82,	50,	4,	190,	417,	-227,	0,	0,	181,	51,	39,	0,	0,	0,	0,	
950000,	19.29,	126033,	124792,	144924,	104214,	54.36,	8.72,	9.0,	185,	7,	232,	445,	-213,	0,	0,	189,	53,	40,	0,	0,	0,	0,	
1000000,	20.434,	124699,	126028,	145908,	103342,	53.92,	7.86,	7.77,	149,	6,	223,	466,	-243,	0,	0,	209,	58,	44,	0,	0,	0,	0,	

1000000,	20.434,	250732,	250820,	290832,	207556,	54.16,	8.34,	8.41,	149,	6,	223,	466,	-243,	0,	0,	209,	58,	44,	0,	0,	0,	0,	





AdaHT-RandomRBF
Speed Change:,	0.01,	Centroids:,	100,	DriftCentroid:	100
GracePeriod:,	800,	TieThreshold:,	0.05,	BinarySplit:,	false
Count,	Time,	TP,	FN,	TN,	FP,	Accu,	Kappa,	Kpa_t,	Mem,	Depth,	TSize,	DcNod,	ActLf,	InacLf,	Reset,	Alter,	Switch,	Prune,	ClOp0,	ClOp1,	ClOp2,	ClOp3
50000,	0.845,	12788,	12256,	14439,	10516,	54.45,	8.92,	8.45,	41,	4,	19,	22,	-3,	0,	0,	13,	2,	4,	0,	0,	0,	0,	
100000,	1.972,	10960,	14047,	15750,	9241,	53.42,	6.85,	6.4,	284,	10,	73,	49,	24,	0,	0,	13,	2,	4,	0,	0,	0,	0,	
150000,	3.273,	25166,	24892,	28610,	21328,	53.1,	6.21,	7.02,	428,	12,	105,	65,	40,	0,	0,	13,	2,	4,	0,	0,	0,	0,	
200000,	4.317,	23973,	26105,	29726,	20182,	54.0,	8.01,	8.29,	23,	2,	21,	88,	-67,	0,	0,	32,	6,	7,	0,	0,	0,	0,	
250000,	5.252,	37786,	37544,	42894,	31770,	53.81,	7.7,	7.7,	23,	2,	20,	110,	-90,	0,	0,	35,	7,	7,	0,	0,	0,	0,	
300000,	6.115,	37292,	38029,	43796,	30860,	54.79,	9.62,	10.06,	5,	0,	36,	131,	-95,	0,	0,	54,	11,	12,	0,	0,	0,	0,	
350000,	7.034,	50521,	49838,	57320,	42313,	54.33,	8.66,	9.23,	95,	5,	61,	154,	-93,	0,	0,	57,	12,	13,	0,	0,	0,	0,	
400000,	8.181,	49382,	50842,	58625,	41126,	53.84,	7.64,	8.32,	203,	7,	121,	184,	-63,	0,	0,	66,	12,	14,	0,	0,	0,	0,	
450000,	9.37,	62272,	63201,	72369,	52146,	53.61,	7.27,	6.93,	347,	9,	152,	203,	-51,	0,	0,	68,	13,	15,	0,	0,	0,	0,	
500000,	10.716,	61777,	63564,	72857,	51774,	53.26,	6.55,	6.02,	23,	2,	117,	231,	-114,	0,	0,	71,	14,	16,	0,	0,	0,	0,	
550000,	11.563,	74297,	76241,	87444,	62005,	54.2,	8.43,	8.73,	23,	2,	112,	250,	-138,	0,	0,	87,	19,	21,	0,	0,	0,	0,	
600000,	12.424,	73851,	76529,	88016,	61576,	54.47,	8.95,	8.83,	49,	4,	131,	270,	-139,	0,	0,	93,	20,	21,	0,	0,	0,	0,	
650000,	13.318,	86967,	88658,	102006,	72353,	54.47,	8.96,	8.68,	23,	2,	160,	296,	-136,	0,	0,	102,	23,	22,	0,	0,	0,	0,	
700000,	14.364,	87274,	88173,	101892,	72630,	54.6,	9.21,	9.89,	77,	6,	186,	318,	-132,	0,	0,	115,	25,	24,	0,	0,	0,	0,	
750000,	15.244,	99306,	101459,	116839,	82380,	54.34,	8.74,	8.88,	104,	5,	198,	345,	-147,	0,	0,	126,	27,	26,	0,	0,	0,	0,	
800000,	16.295,	98799,	101735,	117112,	82320,	53.49,	7.03,	6.93,	212,	8,	246,	369,	-123,	0,	0,	127,	27,	26,	0,	0,	0,	0,	
850000,	17.249,	111805,	114044,	131218,	92914,	53.76,	7.54,	7.18,	14,	1,	196,	385,	-189,	0,	0,	144,	33,	28,	0,	0,	0,	0,	
900000,	18.159,	111762,	113912,	131189,	93103,	54.08,	8.19,	7.96,	149,	7,	230,	408,	-178,	0,	0,	150,	35,	29,	0,	0,	0,	0,	
950000,	19.342,	124557,	126275,	144890,	104256,	52.85,	5.7,	6.0,	248,	9,	270,	428,	-158,	0,	0,	151,	35,	29,	0,	0,	0,	0,	
1000000,	20.643,	123983,	126734,	145858,	103391,	53.78,	7.58,	7.5,	400,	11,	311,	450,	-139,	0,	0,	155,	36,	29,	0,	0,	0,	0,	

1000000,	20.643,	248540,	253009,	290748,	207647,	53.93,	7.89,	7.95,	400,	11,	311,	450,	-139,	0,	0,	155,	36,	29,	0,	0,	0,	0,	





AdaHT-RandomRBF
Speed Change:,	0.01,	Centroids:,	100,	DriftCentroid:	100
GracePeriod:,	1600,	TieThreshold:,	0.05,	BinarySplit:,	false
Count,	Time,	TP,	FN,	TN,	FP,	Accu,	Kappa,	Kpa_t,	Mem,	Depth,	TSize,	DcNod,	ActLf,	InacLf,	Reset,	Alter,	Switch,	Prune,	ClOp0,	ClOp1,	ClOp2,	ClOp3
50000,	0.867,	12423,	12621,	14584,	10371,	54.01,	8.04,	7.57,	158,	7,	34,	19,	15,	0,	0,	2,	1,	0,	0,	0,	0,	0,	
100000,	1.814,	12708,	12299,	13961,	11032,	53.34,	6.68,	6.24,	113,	6,	21,	38,	-17,	0,	0,	12,	4,	3,	0,	0,	0,	0,	
150000,	2.793,	24992,	25068,	28958,	20981,	53.89,	7.78,	8.57,	104,	5,	23,	57,	-34,	0,	0,	17,	6,	4,	0,	0,	0,	0,	
200000,	3.678,	23983,	26105,	29529,	20383,	53.69,	7.42,	7.66,	41,	4,	8,	73,	-65,	0,	0,	29,	11,	6,	0,	0,	0,	0,	
250000,	4.754,	37337,	37996,	43215,	31451,	53.2,	6.5,	6.49,	185,	7,	56,	97,	-41,	0,	0,	32,	11,	6,	0,	0,	0,	0,	
300000,	5.973,	36137,	39201,	43853,	30809,	52.96,	6.0,	6.41,	239,	8,	85,	116,	-31,	0,	0,	41,	12,	6,	0,	0,	0,	0,	
350000,	7.238,	50590,	49774,	56527,	43108,	53.13,	6.26,	6.86,	423,	10,	125,	136,	-11,	0,	0,	42,	12,	6,	0,	0,	0,	0,	
400000,	8.473,	48224,	52017,	58272,	41487,	53.01,	5.99,	6.68,	500,	11,	146,	155,	-9,	0,	0,	47,	13,	9,	0,	0,	0,	0,	
450000,	9.78,	63110,	62371,	70752,	53766,	53.49,	7.01,	6.7,	674,	11,	184,	174,	10,	0,	0,	49,	13,	9,	0,	0,	0,	0,	
500000,	11.186,	61002,	64357,	72086,	52555,	53.18,	6.39,	5.88,	887,	12,	231,	199,	32,	0,	0,	49,	14,	9,	0,	0,	0,	0,	
550000,	12.555,	76475,	74071,	83924,	65529,	53.07,	6.15,	6.48,	1021,	13,	261,	214,	47,	0,	0,	49,	14,	9,	0,	0,	0,	0,	
600000,	14.03,	74139,	76259,	85466,	64136,	53.03,	6.07,	5.96,	1187,	13,	297,	232,	65,	0,	0,	51,	14,	10,	0,	0,	0,	0,	
650000,	15.299,	89350,	86284,	97628,	76737,	53.16,	6.33,	6.06,	77,	4,	50,	253,	-203,	0,	0,	56,	15,	11,	0,	0,	0,	0,	
700000,	16.155,	86325,	89141,	100376,	74158,	54.19,	8.41,	9.08,	117,	5,	55,	274,	-219,	0,	0,	64,	18,	12,	0,	0,	0,	0,	
750000,	17.279,	101653,	99121,	111937,	87288,	53.22,	6.49,	6.65,	239,	8,	91,	292,	-201,	0,	0,	66,	18,	12,	0,	0,	0,	0,	
800000,	18.332,	99091,	101463,	114238,	85208,	53.26,	6.53,	6.46,	207,	8,	87,	315,	-228,	0,	0,	73,	20,	12,	0,	0,	0,	0,	
850000,	19.49,	113443,	112417,	126736,	97403,	53.18,	6.4,	6.01,	270,	8,	100,	334,	-234,	0,	0,	76,	21,	13,	0,	0,	0,	0,	
900000,	20.733,	111335,	114359,	128471,	95835,	52.95,	5.95,	5.71,	99,	6,	64,	354,	-290,	0,	0,	88,	23,	15,	0,	0,	0,	0,	
950000,	21.628,	125907,	124938,	141116,	108038,	53.69,	7.37,	7.66,	135,	6,	70,	373,	-303,	0,	0,	91,	25,	16,	0,	0,	0,	0,	
1000000,	22.472,	123086,	127651,	143989,	105274,	54.54,	9.1,	9.01,	18,	1,	45,	391,	-346,	0,	0,	100,	28,	16,	0,	0,	0,	0,	

1000000,	22.472,	248993,	252589,	285105,	213312,	53.41,	6.84,	6.91,	18,	1,	45,	391,	-346,	0,	0,	100,	28,	16,	0,	0,	0,	0,	





AdaHT-RandomRBF
Speed Change:,	0.01,	Centroids:,	100,	DriftCentroid:	100
GracePeriod:,	3200,	TieThreshold:,	0.05,	BinarySplit:,	false
Count,	Time,	TP,	FN,	TN,	FP,	Accu,	Kappa,	Kpa_t,	Mem,	Depth,	TSize,	DcNod,	ActLf,	InacLf,	Reset,	Alter,	Switch,	Prune,	ClOp0,	ClOp1,	ClOp2,	ClOp3
50000,	0.752,	11784,	13260,	15297,	9658,	54.16,	8.35,	7.86,	23,	2,	2,	13,	-11,	0,	0,	8,	3,	3,	0,	0,	0,	0,	
100000,	1.588,	11699,	13308,	15301,	9692,	54.0,	8.0,	7.57,	41,	3,	10,	29,	-19,	0,	0,	13,	5,	4,	0,	0,	0,	0,	
150000,	2.357,	23865,	26195,	30453,	19486,	54.47,	8.96,	9.74,	27,	2,	13,	43,	-30,	0,	0,	29,	8,	6,	0,	0,	0,	0,	
200000,	3.131,	23456,	26632,	30534,	19378,	53.98,	8.0,	8.25,	41,	4,	35,	60,	-25,	0,	0,	37,	10,	6,	0,	0,	0,	0,	
250000,	4.028,	36951,	38382,	44117,	30549,	53.5,	7.03,	7.08,	116,	7,	47,	73,	-26,	0,	0,	42,	12,	6,	0,	0,	0,	0,	
300000,	4.941,	36906,	38432,	44245,	30417,	54.32,	8.66,	9.12,	14,	1,	60,	91,	-31,	0,	0,	56,	15,	7,	0,	0,	0,	0,	
350000,	5.847,	48623,	51741,	59392,	40243,	53.89,	7.8,	8.37,	148,	7,	87,	107,	-20,	0,	0,	62,	16,	9,	0,	0,	0,	0,	
400000,	7.042,	48771,	51470,	59166,	40593,	53.57,	7.1,	7.79,	283,	10,	123,	125,	-2,	0,	0,	64,	16,	9,	0,	0,	0,	0,	
450000,	8.282,	60369,	65112,	74158,	50360,	53.02,	6.1,	5.77,	302,	12,	151,	139,	12,	0,	0,	68,	16,	9,	0,	0,	0,	0,	
500000,	9.475,	60917,	64442,	74026,	50615,	54.01,	8.07,	7.54,	221,	9,	131,	157,	-26,	0,	0,	72,	18,	10,	0,	0,	0,	0,	
550000,	10.527,	72740,	77806,	88706,	60747,	53.84,	7.7,	8.01,	5,	0,	85,	171,	-86,	0,	0,	78,	20,	11,	0,	0,	0,	0,	
600000,	11.412,	72270,	78128,	89733,	59869,	54.12,	8.27,	8.14,	113,	5,	108,	185,	-77,	0,	0,	79,	21,	11,	0,	0,	0,	0,	
650000,	12.218,	85172,	90462,	103012,	71353,	53.48,	6.98,	6.7,	77,	4,	97,	201,	-104,	0,	0,	83,	24,	11,	0,	0,	0,	0,	
700000,	13.05,	83853,	91613,	105042,	69492,	53.78,	7.61,	8.27,	41,	3,	85,	212,	-127,	0,	0,	89,	28,	11,	0,	0,	0,	0,	
750000,	13.838,	97203,	103571,	117949,	81276,	53.94,	7.93,	8.07,	5,	0,	72,	225,	-153,	0,	0,	99,	33,	12,	0,	0,	0,	0,	
800000,	14.662,	95336,	105218,	120525,	78921,	53.93,	7.92,	7.81,	94,	5,	97,	242,	-145,	0,	0,	105,	34,	12,	0,	0,	0,	0,	
850000,	15.686,	109635,	116225,	132569,	91570,	54.1,	8.24,	7.87,	14,	1,	98,	258,	-160,	0,	0,	110,	35,	15,	0,	0,	0,	0,	
900000,	16.553,	107772,	117922,	135055,	89251,	53.93,	7.91,	7.67,	86,	5,	112,	274,	-162,	0,	0,	115,	37,	17,	0,	0,	0,	0,	
950000,	17.578,	121370,	129475,	147400,	101754,	53.13,	6.26,	6.56,	171,	7,	133,	289,	-156,	0,	0,	118,	38,	17,	0,	0,	0,	0,	
1000000,	18.696,	119702,	131035,	149679,	99584,	53.11,	6.23,	6.15,	257,	8,	165,	305,	-140,	0,	0,	118,	38,	17,	0,	0,	0,	0,	

1000000,	18.696,	241072,	260510,	297079,	201338,	53.82,	7.66,	7.72,	257,	8,	165,	305,	-140,	0,	0,	118,	38,	17,	0,	0,	0,	0,	





AdaHT-RandomRBF
Speed Change:,	0.01,	Centroids:,	100,	DriftCentroid:	100
GracePeriod:,	200,	TieThreshold:,	0.001,	BinarySplit:,	false
Count,	Time,	TP,	FN,	TN,	FP,	Accu,	Kappa,	Kpa_t,	Mem,	Depth,	TSize,	DcNod,	ActLf,	InacLf,	Reset,	Alter,	Switch,	Prune,	ClOp0,	ClOp1,	ClOp2,	ClOp3
50000,	0.528,	9122,	15922,	17397,	7558,	53.04,	6.13,	5.6,	5,	0,	1,	0,	1,	0,	0,	0,	0,	0,	0,	0,	0,	0,	
100000,	1.052,	9022,	15985,	17617,	7376,	53.28,	6.57,	6.12,	5,	0,	1,	0,	1,	0,	0,	0,	0,	0,	0,	0,	0,	0,	
150000,	1.577,	18134,	31926,	35032,	14907,	53.29,	6.61,	7.4,	5,	0,	1,	0,	1,	0,	0,	0,	0,	0,	0,	0,	0,	0,	
200000,	2.095,	18047,	32041,	35194,	14718,	53.2,	6.51,	6.7,	5,	0,	1,	0,	1,	0,	0,	0,	0,	0,	0,	0,	0,	0,	
250000,	2.633,	27444,	47889,	52164,	22502,	52.88,	6.1,	5.85,	5,	0,	1,	0,	1,	0,	0,	0,	0,	0,	0,	0,	0,	0,	
300000,	3.164,	27210,	48128,	52493,	22169,	52.92,	6.16,	6.34,	5,	0,	1,	0,	1,	0,	0,	0,	0,	0,	0,	0,	0,	0,	
350000,	3.686,	36633,	63731,	69473,	30162,	53.0,	6.03,	6.59,	5,	0,	1,	0,	1,	0,	0,	0,	0,	0,	0,	0,	0,	0,	
400000,	4.213,	36370,	63871,	70033,	29726,	53.4,	6.68,	7.45,	5,	0,	1,	0,	1,	0,	0,	0,	0,	0,	0,	0,	0,	0,	
450000,	4.742,	45710,	79771,	87112,	37406,	53.43,	7.02,	6.58,	5,	0,	1,	0,	1,	0,	0,	0,	0,	0,	0,	0,	0,	0,	
500000,	5.27,	45585,	79774,	87643,	36998,	53.65,	7.45,	6.82,	5,	0,	1,	0,	1,	0,	0,	0,	0,	0,	0,	0,	0,	0,	
550000,	5.792,	54892,	95654,	104632,	44821,	53.4,	6.89,	7.14,	5,	0,	1,	0,	1,	0,	0,	0,	0,	0,	0,	0,	0,	0,	
600000,	6.313,	54850,	95548,	105220,	44382,	53.68,	7.42,	7.26,	5,	0,	1,	0,	1,	0,	0,	0,	0,	0,	0,	0,	0,	0,	
650000,	6.841,	63925,	111709,	122031,	52334,	52.86,	5.84,	5.47,	5,	0,	1,	0,	1,	0,	0,	0,	0,	0,	0,	0,	0,	0,	
700000,	7.374,	64055,	111411,	122637,	51897,	53.24,	6.57,	7.2,	5,	0,	1,	0,	1,	0,	0,	0,	0,	0,	0,	0,	0,	0,	
750000,	7.91,	72992,	127782,	139439,	59786,	52.95,	6.08,	6.1,	5,	0,	1,	0,	1,	0,	0,	0,	0,	0,	0,	0,	0,	0,	
800000,	8.439,	73135,	127419,	140103,	59343,	53.09,	6.3,	6.13,	5,	0,	1,	0,	1,	0,	0,	0,	0,	0,	0,	0,	0,	0,	
850000,	8.969,	82028,	143832,	156935,	67204,	53.06,	6.24,	5.78,	5,	0,	1,	0,	1,	0,	0,	0,	0,	0,	0,	0,	0,	0,	
900000,	9.497,	82268,	143426,	157542,	66764,	53.14,	6.46,	6.09,	5,	0,	1,	0,	1,	0,	0,	0,	0,	0,	0,	0,	0,	0,	
950000,	10.019,	91004,	159841,	174434,	74720,	52.95,	5.88,	6.19,	5,	0,	1,	0,	1,	0,	0,	0,	0,	0,	0,	0,	0,	0,	
1000000,	10.549,	91461,	159276,	175036,	74227,	53.37,	6.8,	6.68,	5,	0,	1,	0,	1,	0,	0,	0,	0,	0,	0,	0,	0,	0,	

1000000,	10.549,	182465,	319117,	349470,	148947,	53.19,	6.49,	6.48,	5,	0,	1,	0,	1,	0,	0,	0,	0,	0,	0,	0,	0,	0,	





AdaHT-RandomRBF
Speed Change:,	0.01,	Centroids:,	100,	DriftCentroid:	100
GracePeriod:,	200,	TieThreshold:,	0.005,	BinarySplit:,	false
Count,	Time,	TP,	FN,	TN,	FP,	Accu,	Kappa,	Kpa_t,	Mem,	Depth,	TSize,	DcNod,	ActLf,	InacLf,	Reset,	Alter,	Switch,	Prune,	ClOp0,	ClOp1,	ClOp2,	ClOp3
50000,	0.523,	9122,	15922,	17397,	7558,	53.04,	6.13,	5.6,	5,	0,	1,	0,	1,	0,	0,	0,	0,	0,	0,	0,	0,	0,	
100000,	1.035,	9022,	15985,	17617,	7376,	53.28,	6.57,	6.12,	5,	0,	1,	0,	1,	0,	0,	0,	0,	0,	0,	0,	0,	0,	
150000,	1.56,	18134,	31926,	35032,	14907,	53.29,	6.61,	7.4,	5,	0,	1,	0,	1,	0,	0,	0,	0,	0,	0,	0,	0,	0,	
200000,	2.072,	18047,	32041,	35194,	14718,	53.2,	6.51,	6.7,	5,	0,	1,	0,	1,	0,	0,	0,	0,	0,	0,	0,	0,	0,	
250000,	2.646,	28487,	46846,	51231,	23435,	53.1,	6.46,	6.29,	5,	0,	0,	3,	-3,	0,	0,	3,	1,	1,	0,	0,	0,	0,	
300000,	3.173,	28323,	47015,	51378,	23284,	52.92,	6.07,	6.33,	5,	0,	0,	3,	-3,	0,	0,	3,	1,	1,	0,	0,	0,	0,	
350000,	3.704,	38294,	62070,	67865,	31770,	52.88,	5.8,	6.36,	5,	0,	0,	3,	-3,	0,	0,	3,	1,	1,	0,	0,	0,	0,	
400000,	4.245,	37727,	62514,	68645,	31114,	53.34,	6.57,	7.33,	5,	0,	0,	3,	-3,	0,	0,	3,	1,	1,	0,	0,	0,	0,	
450000,	4.775,	47462,	78019,	85411,	39107,	53.43,	7.0,	6.58,	5,	0,	0,	3,	-3,	0,	0,	3,	1,	1,	0,	0,	0,	0,	
500000,	5.363,	47744,	77615,	85471,	39170,	53.69,	7.49,	6.89,	5,	0,	-2,	6,	-8,	0,	0,	9,	3,	1,	0,	0,	0,	0,	
550000,	5.872,	56904,	93642,	102579,	46874,	53.22,	6.52,	6.78,	5,	0,	-2,	6,	-8,	0,	0,	9,	3,	1,	0,	0,	0,	0,	
600000,	6.395,	56894,	93504,	103120,	46482,	53.6,	7.25,	7.09,	5,	0,	-2,	6,	-8,	0,	0,	9,	3,	1,	0,	0,	0,	0,	
650000,	6.922,	65877,	109757,	120105,	54260,	53.0,	6.11,	5.74,	5,	0,	-2,	6,	-8,	0,	0,	9,	3,	1,	0,	0,	0,	0,	
700000,	7.45,	66020,	109446,	120676,	53858,	53.36,	6.81,	7.44,	5,	0,	-2,	6,	-8,	0,	0,	9,	3,	1,	0,	0,	0,	0,	
750000,	8.038,	76178,	124596,	136374,	62851,	53.14,	6.41,	6.48,	5,	0,	-4,	8,	-12,	0,	0,	11,	5,	1,	0,	0,	0,	0,	
800000,	8.551,	75406,	125148,	137729,	61717,	52.88,	5.86,	5.7,	5,	0,	-4,	8,	-12,	0,	0,	11,	5,	1,	0,	0,	0,	0,	
850000,	9.063,	85249,	140611,	153830,	70309,	53.05,	6.22,	5.76,	5,	0,	-4,	8,	-12,	0,	0,	11,	5,	1,	0,	0,	0,	0,	
900000,	9.585,	84571,	141123,	155166,	69140,	53.2,	6.58,	6.21,	5,	0,	-4,	8,	-12,	0,	0,	11,	5,	1,	0,	0,	0,	0,	
950000,	10.109,	94193,	156652,	171361,	77793,	52.95,	5.88,	6.19,	5,	0,	-4,	8,	-12,	0,	0,	11,	5,	1,	0,	0,	0,	0,	
1000000,	10.654,	94024,	156713,	172460,	76803,	53.49,	7.04,	6.92,	5,	0,	-5,	10,	-15,	0,	0,	15,	6,	2,	0,	0,	0,	0,	

1000000,	10.654,	188217,	313365,	343821,	154596,	53.2,	6.5,	6.5,	5,	0,	-5,	10,	-15,	0,	0,	15,	6,	2,	0,	0,	0,	0,	





AdaHT-RandomRBF
Speed Change:,	0.01,	Centroids:,	100,	DriftCentroid:	100
GracePeriod:,	200,	TieThreshold:,	0.01,	BinarySplit:,	false
Count,	Time,	TP,	FN,	TN,	FP,	Accu,	Kappa,	Kpa_t,	Mem,	Depth,	TSize,	DcNod,	ActLf,	InacLf,	Reset,	Alter,	Switch,	Prune,	ClOp0,	ClOp1,	ClOp2,	ClOp3
50000,	0.516,	9122,	15922,	17397,	7558,	53.04,	6.13,	5.6,	5,	0,	1,	0,	1,	0,	0,	0,	0,	0,	0,	0,	0,	0,	
100000,	1.228,	9573,	15434,	16931,	8062,	53.01,	6.02,	5.57,	23,	2,	5,	2,	3,	0,	0,	0,	0,	0,	0,	0,	0,	0,	
150000,	2.069,	20173,	29887,	33095,	16844,	53.5,	7.01,	7.8,	32,	3,	6,	4,	2,	0,	0,	4,	1,	1,	0,	0,	0,	0,	
200000,	2.79,	19565,	30523,	33362,	16550,	52.85,	5.77,	5.99,	5,	0,	-3,	4,	-7,	0,	0,	8,	4,	1,	0,	0,	0,	0,	
250000,	3.35,	30514,	44815,	49375,	25290,	53.25,	6.75,	6.58,	5,	0,	-4,	7,	-11,	0,	0,	9,	5,	1,	0,	0,	0,	0,	
300000,	3.904,	30083,	45255,	49422,	25240,	53.16,	6.53,	6.8,	5,	0,	-5,	9,	-14,	0,	0,	16,	6,	2,	0,	0,	0,	0,	
350000,	4.433,	40101,	60259,	66165,	33469,	52.75,	5.54,	6.11,	5,	0,	-5,	9,	-14,	0,	0,	16,	6,	2,	0,	0,	0,	0,	
400000,	5.171,	39928,	60313,	66166,	33593,	53.18,	6.26,	7.01,	23,	2,	-1,	11,	-12,	0,	0,	16,	6,	2,	0,	0,	0,	0,	
450000,	6.026,	49902,	75575,	83017,	41500,	53.31,	6.74,	6.33,	18,	1,	-4,	11,	-15,	0,	0,	18,	7,	2,	0,	0,	0,	0,	
500000,	6.951,	50187,	75170,	82688,	41952,	53.57,	7.24,	6.65,	27,	2,	-1,	14,	-15,	0,	0,	21,	8,	2,	0,	0,	0,	0,	
550000,	7.849,	59993,	90549,	99545,	49907,	53.24,	6.54,	6.81,	23,	2,	3,	16,	-13,	0,	0,	21,	8,	2,	0,	0,	0,	0,	
600000,	8.683,	60649,	89747,	98882,	50718,	53.31,	6.66,	6.52,	41,	3,	7,	18,	-11,	0,	0,	21,	8,	2,	0,	0,	0,	0,	
650000,	9.619,	69424,	106205,	116572,	57791,	52.92,	5.94,	5.58,	68,	5,	13,	21,	-8,	0,	0,	21,	8,	2,	0,	0,	0,	0,	
700000,	10.55,	70268,	105196,	115877,	58655,	53.23,	6.53,	7.17,	5,	0,	-2,	21,	-23,	0,	0,	25,	9,	3,	0,	0,	0,	0,	
750000,	11.112,	78700,	122069,	133819,	65404,	53.05,	6.26,	6.29,	5,	0,	-4,	23,	-27,	0,	0,	30,	11,	3,	0,	0,	0,	0,	
800000,	11.651,	79792,	120760,	132897,	66547,	53.09,	6.28,	6.12,	5,	0,	-4,	23,	-27,	0,	0,	30,	11,	3,	0,	0,	0,	0,	
850000,	12.407,	88517,	137338,	150490,	73647,	52.98,	6.04,	5.6,	23,	2,	0,	25,	-25,	0,	0,	30,	11,	3,	0,	0,	0,	0,	
900000,	13.067,	89524,	136168,	149780,	74524,	53.23,	6.61,	6.26,	5,	0,	-5,	25,	-30,	0,	0,	31,	12,	3,	0,	0,	0,	0,	
950000,	13.683,	98618,	152222,	167051,	82101,	53.32,	6.63,	6.94,	14,	1,	-4,	28,	-32,	0,	0,	34,	13,	3,	0,	0,	0,	0,	
1000000,	14.329,	99202,	151533,	166652,	82609,	53.1,	6.25,	6.14,	14,	1,	-4,	28,	-32,	0,	0,	34,	13,	3,	0,	0,	0,	0,	

1000000,	14.329,	197820,	303755,	333703,	164710,	53.15,	6.39,	6.4,	14,	1,	-4,	28,	-32,	0,	0,	34,	13,	3,	0,	0,	0,	0,	





AdaHT-RandomRBF
Speed Change:,	0.01,	Centroids:,	100,	DriftCentroid:	100
GracePeriod:,	200,	TieThreshold:,	0.05,	BinarySplit:,	false
Count,	Time,	TP,	FN,	TN,	FP,	Accu,	Kappa,	Kpa_t,	Mem,	Depth,	TSize,	DcNod,	ActLf,	InacLf,	Reset,	Alter,	Switch,	Prune,	ClOp0,	ClOp1,	ClOp2,	ClOp3
50000,	0.972,	12654,	12379,	14211,	10743,	53.75,	7.51,	7.04,	95,	5,	19,	23,	-4,	0,	0,	6,	2,	1,	0,	0,	0,	0,	
100000,	2.124,	11929,	13070,	14784,	10206,	53.44,	6.89,	6.45,	288,	7,	72,	52,	20,	0,	0,	11,	3,	1,	0,	0,	0,	0,	
150000,	3.414,	25931,	24118,	27731,	22206,	53.59,	7.19,	7.99,	410,	10,	122,	77,	45,	0,	0,	12,	3,	1,	0,	0,	0,	0,	
200000,	4.822,	24055,	26025,	29288,	20621,	53.26,	6.55,	6.81,	689,	11,	184,	108,	76,	0,	0,	12,	3,	1,	0,	0,	0,	0,	
250000,	6.25,	38504,	36808,	41650,	33012,	53.0,	6.07,	6.09,	841,	12,	217,	132,	85,	0,	0,	13,	4,	1,	0,	0,	0,	0,	
300000,	7.712,	36206,	39121,	43495,	31162,	52.72,	5.53,	5.94,	896,	13,	228,	152,	76,	0,	0,	15,	5,	1,	0,	0,	0,	0,	
350000,	8.975,	51801,	48541,	55338,	44293,	53.97,	7.95,	8.53,	536,	12,	279,	180,	99,	0,	0,	20,	6,	2,	0,	0,	0,	0,	
400000,	10.294,	48492,	51738,	58092,	41662,	53.77,	7.5,	8.17,	747,	12,	325,	203,	122,	0,	0,	22,	6,	2,	0,	0,	0,	0,	
450000,	11.497,	63036,	62423,	70846,	53668,	53.49,	7.05,	6.69,	338,	10,	346,	232,	114,	0,	0,	26,	7,	3,	0,	0,	0,	0,	
500000,	12.692,	61072,	64269,	72261,	52373,	53.51,	7.05,	6.54,	464,	10,	373,	253,	120,	0,	0,	29,	8,	4,	0,	0,	0,	0,	
550000,	13.986,	75830,	74694,	84620,	64829,	53.14,	6.28,	6.61,	680,	10,	421,	277,	144,	0,	0,	29,	8,	4,	0,	0,	0,	0,	
600000,	15.387,	73155,	77225,	86887,	62707,	53.42,	6.85,	6.73,	1008,	12,	493,	313,	180,	0,	0,	30,	8,	4,	0,	0,	0,	0,	
650000,	16.902,	88651,	86961,	98477,	75884,	53.36,	6.73,	6.46,	734,	12,	541,	337,	204,	0,	0,	36,	8,	4,	0,	0,	0,	0,	
700000,	18.286,	85642,	89805,	101047,	73478,	53.3,	6.61,	7.3,	887,	12,	585,	359,	226,	0,	0,	40,	8,	4,	0,	0,	0,	0,	
750000,	19.712,	101103,	99648,	112650,	86568,	53.25,	6.54,	6.71,	59,	4,	626,	382,	244,	0,	0,	44,	9,	5,	0,	0,	0,	0,	
800000,	20.824,	98119,	102416,	115398,	84038,	53.66,	7.34,	7.26,	212,	8,	669,	408,	261,	0,	0,	55,	10,	7,	0,	0,	0,	0,	
850000,	22.132,	114028,	111808,	126293,	97838,	53.14,	6.29,	5.93,	374,	10,	706,	432,	274,	0,	0,	58,	11,	7,	0,	0,	0,	0,	
900000,	23.553,	110531,	115143,	129585,	94709,	53.2,	6.44,	6.2,	166,	8,	762,	460,	302,	0,	0,	59,	11,	7,	0,	0,	0,	0,	
950000,	24.45,	126505,	124316,	141080,	108065,	54.53,	9.05,	9.34,	68,	6,	733,	484,	249,	0,	0,	81,	18,	12,	0,	0,	0,	0,	
1000000,	25.687,	122751,	127965,	144375,	104874,	54.02,	8.06,	7.98,	68,	5,	772,	513,	259,	0,	0,	96,	21,	12,	0,	0,	0,	0,	

1000000,	25.687,	249256,	252281,	285455,	212939,	53.48,	6.97,	7.04,	68,	5,	772,	513,	259,	0,	0,	96,	21,	12,	0,	0,	0,	0,	





AdaHT-RandomRBF
Speed Change:,	0.01,	Centroids:,	100,	DriftCentroid:	100
GracePeriod:,	200,	TieThreshold:,	0.1,	BinarySplit:,	false
Count,	Time,	TP,	FN,	TN,	FP,	Accu,	Kappa,	Kpa_t,	Mem,	Depth,	TSize,	DcNod,	ActLf,	InacLf,	Reset,	Alter,	Switch,	Prune,	ClOp0,	ClOp1,	ClOp2,	ClOp3
50000,	1.159,	13787,	11226,	13834,	11107,	55.3,	10.61,	10.16,	302,	8,	185,	92,	93,	0,	0,	6,	0,	0,	0,	0,	0,	0,	
100000,	2.547,	13063,	11903,	13939,	11030,	54.09,	8.17,	7.74,	76,	6,	344,	192,	152,	0,	0,	17,	1,	1,	0,	0,	0,	0,	
150000,	3.718,	27413,	22600,	27752,	22159,	55.12,	10.24,	11.02,	149,	7,	377,	280,	97,	0,	0,	27,	4,	1,	0,	0,	0,	0,	
200000,	4.966,	26569,	23458,	27961,	21910,	55.1,	10.2,	10.47,	23,	2,	482,	374,	108,	0,	0,	47,	7,	3,	0,	0,	0,	0,	
250000,	6.255,	41373,	33869,	41053,	33567,	54.61,	9.2,	9.3,	731,	13,	659,	469,	190,	0,	0,	57,	8,	6,	0,	0,	0,	0,	
300000,	7.74,	40871,	34371,	40924,	33674,	54.6,	9.16,	9.68,	365,	12,	579,	567,	12,	0,	0,	79,	10,	12,	0,	0,	0,	0,	
350000,	9.204,	54812,	45436,	54792,	44773,	54.41,	8.81,	9.39,	256,	12,	761,	658,	103,	0,	0,	80,	10,	12,	0,	0,	0,	0,	
400000,	10.478,	53508,	46615,	55751,	43929,	54.97,	9.92,	10.57,	148,	8,	837,	751,	86,	0,	0,	93,	12,	17,	0,	0,	0,	0,	
450000,	11.765,	67983,	57365,	69019,	55416,	54.83,	9.68,	9.39,	597,	11,	935,	845,	90,	0,	0,	99,	14,	20,	0,	0,	0,	0,	
500000,	13.189,	66785,	58444,	69647,	54899,	54.37,	8.75,	8.26,	444,	11,	898,	940,	-42,	0,	0,	103,	15,	20,	0,	0,	0,	0,	
550000,	14.323,	81489,	68887,	83252,	66099,	55.55,	11.11,	11.42,	95,	5,	936,	1037,	-101,	0,	0,	113,	17,	21,	0,	0,	0,	0,	
600000,	15.526,	80242,	69993,	83526,	65966,	54.74,	9.48,	9.37,	482,	11,	1031,	1129,	-98,	0,	0,	124,	20,	22,	0,	0,	0,	0,	
650000,	17.125,	95305,	80124,	96564,	77676,	54.33,	8.65,	8.4,	1162,	15,	1182,	1224,	-42,	0,	0,	125,	21,	22,	0,	0,	0,	0,	
700000,	18.457,	93970,	81315,	97385,	77021,	55.21,	10.42,	11.1,	140,	8,	1057,	1320,	-263,	0,	0,	158,	24,	29,	0,	0,	0,	0,	
750000,	19.754,	109102,	91443,	110333,	88748,	55.18,	10.36,	10.55,	446,	11,	1165,	1416,	-251,	0,	0,	176,	26,	35,	0,	0,	0,	0,	
800000,	21.314,	107061,	93274,	111040,	88261,	53.57,	7.14,	7.08,	1314,	17,	1359,	1513,	-154,	0,	0,	176,	26,	35,	0,	0,	0,	0,	
850000,	22.909,	122442,	103152,	123697,	100277,	53.48,	6.96,	6.62,	1176,	14,	1543,	1605,	-62,	0,	0,	181,	26,	35,	0,	0,	0,	0,	
900000,	24.429,	120871,	104567,	124061,	100081,	53.74,	7.46,	7.28,	1379,	17,	1627,	1696,	-69,	0,	0,	188,	28,	36,	0,	0,	0,	0,	
950000,	26.112,	135549,	114996,	137248,	111725,	53.38,	6.77,	7.06,	2096,	19,	1823,	1794,	29,	0,	0,	189,	28,	36,	0,	0,	0,	0,	
1000000,	27.906,	133482,	116976,	138212,	110869,	53.57,	7.15,	7.08,	2803,	20,	1998,	1891,	107,	0,	0,	192,	29,	36,	0,	0,	0,	0,	

1000000,	27.906,	269031,	231972,	275460,	222594,	54.51,	9.02,	9.1,	2803,	20,	1998,	1891,	107,	0,	0,	192,	29,	36,	0,	0,	0,	0,	





AdaHT-RandomRBF
Speed Change:,	0.01,	Centroids:,	100,	DriftCentroid:	100
GracePeriod:,	200,	TieThreshold:,	0.01,	BinarySplit:,	true
Count,	Time,	TP,	FN,	TN,	FP,	Accu,	Kappa,	Kpa_t,	Mem,	Depth,	TSize,	DcNod,	ActLf,	InacLf,	Reset,	Alter,	Switch,	Prune,	ClOp0,	ClOp1,	ClOp2,	ClOp3
50000,	0.516,	9122,	15922,	17397,	7558,	53.04,	6.13,	5.6,	5,	0,	1,	0,	1,	0,	0,	0,	0,	0,	0,	0,	0,	0,	
100000,	1.223,	9573,	15434,	16931,	8062,	53.01,	6.02,	5.57,	23,	2,	5,	2,	3,	0,	0,	0,	0,	0,	0,	0,	0,	0,	
150000,	2.041,	20173,	29887,	33095,	16844,	53.5,	7.01,	7.8,	32,	3,	6,	4,	2,	0,	0,	4,	1,	1,	0,	0,	0,	0,	
200000,	2.766,	19565,	30523,	33362,	16550,	52.85,	5.77,	5.99,	5,	0,	-3,	4,	-7,	0,	0,	8,	4,	1,	0,	0,	0,	0,	
250000,	3.318,	30514,	44815,	49375,	25290,	53.25,	6.75,	6.58,	5,	0,	-4,	7,	-11,	0,	0,	9,	5,	1,	0,	0,	0,	0,	
300000,	3.875,	30083,	45255,	49422,	25240,	53.16,	6.53,	6.8,	5,	0,	-5,	9,	-14,	0,	0,	16,	6,	2,	0,	0,	0,	0,	
350000,	4.395,	40101,	60259,	66165,	33469,	52.75,	5.54,	6.11,	5,	0,	-5,	9,	-14,	0,	0,	16,	6,	2,	0,	0,	0,	0,	
400000,	5.141,	39928,	60313,	66166,	33593,	53.18,	6.26,	7.01,	23,	2,	-1,	11,	-12,	0,	0,	16,	6,	2,	0,	0,	0,	0,	
450000,	5.983,	49902,	75575,	83017,	41500,	53.31,	6.74,	6.33,	18,	1,	-4,	11,	-15,	0,	0,	18,	7,	2,	0,	0,	0,	0,	
500000,	6.91,	50187,	75170,	82688,	41952,	53.57,	7.24,	6.65,	27,	2,	-1,	14,	-15,	0,	0,	21,	8,	2,	0,	0,	0,	0,	
550000,	7.785,	59993,	90549,	99545,	49907,	53.24,	6.54,	6.81,	23,	2,	3,	16,	-13,	0,	0,	21,	8,	2,	0,	0,	0,	0,	
600000,	8.631,	60649,	89747,	98882,	50718,	53.31,	6.66,	6.52,	41,	3,	7,	18,	-11,	0,	0,	21,	8,	2,	0,	0,	0,	0,	
650000,	9.541,	69424,	106205,	116572,	57791,	52.92,	5.94,	5.58,	68,	5,	13,	21,	-8,	0,	0,	21,	8,	2,	0,	0,	0,	0,	
700000,	10.44,	70268,	105196,	115877,	58655,	53.23,	6.53,	7.17,	5,	0,	-2,	21,	-23,	0,	0,	25,	9,	3,	0,	0,	0,	0,	
750000,	10.956,	78700,	122069,	133819,	65404,	53.05,	6.26,	6.29,	5,	0,	-4,	23,	-27,	0,	0,	30,	11,	3,	0,	0,	0,	0,	
800000,	11.48,	79792,	120760,	132897,	66547,	53.09,	6.28,	6.12,	5,	0,	-4,	23,	-27,	0,	0,	30,	11,	3,	0,	0,	0,	0,	
850000,	12.2,	88517,	137338,	150490,	73647,	52.98,	6.04,	5.6,	23,	2,	0,	25,	-25,	0,	0,	30,	11,	3,	0,	0,	0,	0,	
900000,	12.829,	89524,	136168,	149780,	74524,	53.23,	6.61,	6.26,	5,	0,	-5,	25,	-30,	0,	0,	31,	12,	3,	0,	0,	0,	0,	
950000,	13.419,	98618,	152222,	167051,	82101,	53.32,	6.63,	6.94,	14,	1,	-4,	28,	-32,	0,	0,	34,	13,	3,	0,	0,	0,	0,	
1000000,	14.046,	99202,	151533,	166652,	82609,	53.1,	6.25,	6.14,	14,	1,	-4,	28,	-32,	0,	0,	34,	13,	3,	0,	0,	0,	0,	

1000000,	14.046,	197820,	303755,	333703,	164710,	53.15,	6.39,	6.4,	14,	1,	-4,	28,	-32,	0,	0,	34,	13,	3,	0,	0,	0,	0,	





AdaHT-RandomRBF
Speed Change:,	0.01,	Centroids:,	100,	DriftCentroid:	100
GracePeriod:,	200,	TieThreshold:,	0.01,	BinarySplit:,	true
Count,	Time,	TP,	FN,	TN,	FP,	Accu,	Kappa,	Kpa_t,	Mem,	Depth,	TSize,	DcNod,	ActLf,	InacLf,	Reset,	Alter,	Switch,	Prune,	ClOp0,	ClOp1,	ClOp2,	ClOp3
50000,	0.523,	9122,	15922,	17397,	7558,	53.04,	6.13,	5.6,	5,	0,	1,	0,	1,	0,	0,	0,	0,	0,	0,	0,	0,	0,	
100000,	1.226,	9573,	15434,	16931,	8062,	53.01,	6.02,	5.57,	23,	2,	5,	2,	3,	0,	0,	0,	0,	0,	0,	0,	0,	0,	
150000,	2.059,	20173,	29887,	33095,	16844,	53.5,	7.01,	7.8,	32,	3,	6,	4,	2,	0,	0,	4,	1,	1,	0,	0,	0,	0,	
200000,	2.773,	19565,	30523,	33362,	16550,	52.85,	5.77,	5.99,	5,	0,	-3,	4,	-7,	0,	0,	8,	4,	1,	0,	0,	0,	0,	
250000,	3.322,	30514,	44815,	49375,	25290,	53.25,	6.75,	6.58,	5,	0,	-4,	7,	-11,	0,	0,	9,	5,	1,	0,	0,	0,	0,	
300000,	3.863,	30083,	45255,	49422,	25240,	53.16,	6.53,	6.8,	5,	0,	-5,	9,	-14,	0,	0,	16,	6,	2,	0,	0,	0,	0,	
350000,	4.383,	40101,	60259,	66165,	33469,	52.75,	5.54,	6.11,	5,	0,	-5,	9,	-14,	0,	0,	16,	6,	2,	0,	0,	0,	0,	
400000,	5.109,	39928,	60313,	66166,	33593,	53.18,	6.26,	7.01,	23,	2,	-1,	11,	-12,	0,	0,	16,	6,	2,	0,	0,	0,	0,	
450000,	5.954,	49902,	75575,	83017,	41500,	53.31,	6.74,	6.33,	18,	1,	-4,	11,	-15,	0,	0,	18,	7,	2,	0,	0,	0,	0,	
500000,	6.867,	50187,	75170,	82688,	41952,	53.57,	7.24,	6.65,	27,	2,	-1,	14,	-15,	0,	0,	21,	8,	2,	0,	0,	0,	0,	
550000,	7.75,	59993,	90549,	99545,	49907,	53.24,	6.54,	6.81,	23,	2,	3,	16,	-13,	0,	0,	21,	8,	2,	0,	0,	0,	0,	
600000,	8.598,	60649,	89747,	98882,	50718,	53.31,	6.66,	6.52,	41,	3,	7,	18,	-11,	0,	0,	21,	8,	2,	0,	0,	0,	0,	
650000,	9.519,	69424,	106205,	116572,	57791,	52.92,	5.94,	5.58,	68,	5,	13,	21,	-8,	0,	0,	21,	8,	2,	0,	0,	0,	0,	
700000,	10.437,	70268,	105196,	115877,	58655,	53.23,	6.53,	7.17,	5,	0,	-2,	21,	-23,	0,	0,	25,	9,	3,	0,	0,	0,	0,	
750000,	10.978,	78700,	122069,	133819,	65404,	53.05,	6.26,	6.29,	5,	0,	-4,	23,	-27,	0,	0,	30,	11,	3,	0,	0,	0,	0,	
800000,	11.505,	79792,	120760,	132897,	66547,	53.09,	6.28,	6.12,	5,	0,	-4,	23,	-27,	0,	0,	30,	11,	3,	0,	0,	0,	0,	
850000,	12.238,	88517,	137338,	150490,	73647,	52.98,	6.04,	5.6,	23,	2,	0,	25,	-25,	0,	0,	30,	11,	3,	0,	0,	0,	0,	
900000,	12.858,	89524,	136168,	149780,	74524,	53.23,	6.61,	6.26,	5,	0,	-5,	25,	-30,	0,	0,	31,	12,	3,	0,	0,	0,	0,	
950000,	13.443,	98618,	152222,	167051,	82101,	53.32,	6.63,	6.94,	14,	1,	-4,	28,	-32,	0,	0,	34,	13,	3,	0,	0,	0,	0,	
1000000,	14.073,	99202,	151533,	166652,	82609,	53.1,	6.25,	6.14,	14,	1,	-4,	28,	-32,	0,	0,	34,	13,	3,	0,	0,	0,	0,	

1000000,	14.073,	197820,	303755,	333703,	164710,	53.15,	6.39,	6.4,	14,	1,	-4,	28,	-32,	0,	0,	34,	13,	3,	0,	0,	0,	0,	





AdaHT-RandomRBF
Speed Change:,	0.01,	Centroids:,	100,	DriftCentroid:	100
GracePeriod:,	200,	TieThreshold:,	0.01,	BinarySplit:,	true
Count,	Time,	TP,	FN,	TN,	FP,	Accu,	Kappa,	Kpa_t,	Mem,	Depth,	TSize,	DcNod,	ActLf,	InacLf,	Reset,	Alter,	Switch,	Prune,	ClOp0,	ClOp1,	ClOp2,	ClOp3
50000,	0.516,	9122,	15922,	17397,	7558,	53.04,	6.13,	5.6,	5,	0,	1,	0,	1,	0,	0,	0,	0,	0,	0,	0,	0,	0,	
100000,	1.225,	9573,	15434,	16931,	8062,	53.01,	6.02,	5.57,	23,	2,	5,	2,	3,	0,	0,	0,	0,	0,	0,	0,	0,	0,	
150000,	2.057,	20173,	29887,	33095,	16844,	53.5,	7.01,	7.8,	32,	3,	6,	4,	2,	0,	0,	4,	1,	1,	0,	0,	0,	0,	
200000,	2.771,	19565,	30523,	33362,	16550,	52.85,	5.77,	5.99,	5,	0,	-3,	4,	-7,	0,	0,	8,	4,	1,	0,	0,	0,	0,	
250000,	3.33,	30514,	44815,	49375,	25290,	53.25,	6.75,	6.58,	5,	0,	-4,	7,	-11,	0,	0,	9,	5,	1,	0,	0,	0,	0,	
300000,	3.876,	30083,	45255,	49422,	25240,	53.16,	6.53,	6.8,	5,	0,	-5,	9,	-14,	0,	0,	16,	6,	2,	0,	0,	0,	0,	
350000,	4.395,	40101,	60259,	66165,	33469,	52.75,	5.54,	6.11,	5,	0,	-5,	9,	-14,	0,	0,	16,	6,	2,	0,	0,	0,	0,	
400000,	5.116,	39928,	60313,	66166,	33593,	53.18,	6.26,	7.01,	23,	2,	-1,	11,	-12,	0,	0,	16,	6,	2,	0,	0,	0,	0,	
450000,	5.944,	49902,	75575,	83017,	41500,	53.31,	6.74,	6.33,	18,	1,	-4,	11,	-15,	0,	0,	18,	7,	2,	0,	0,	0,	0,	
500000,	6.865,	50187,	75170,	82688,	41952,	53.57,	7.24,	6.65,	27,	2,	-1,	14,	-15,	0,	0,	21,	8,	2,	0,	0,	0,	0,	
550000,	7.742,	59993,	90549,	99545,	49907,	53.24,	6.54,	6.81,	23,	2,	3,	16,	-13,	0,	0,	21,	8,	2,	0,	0,	0,	0,	
600000,	8.565,	60649,	89747,	98882,	50718,	53.31,	6.66,	6.52,	41,	3,	7,	18,	-11,	0,	0,	21,	8,	2,	0,	0,	0,	0,	
650000,	9.462,	69424,	106205,	116572,	57791,	52.92,	5.94,	5.58,	68,	5,	13,	21,	-8,	0,	0,	21,	8,	2,	0,	0,	0,	0,	
700000,	10.355,	70268,	105196,	115877,	58655,	53.23,	6.53,	7.17,	5,	0,	-2,	21,	-23,	0,	0,	25,	9,	3,	0,	0,	0,	0,	
750000,	10.877,	78700,	122069,	133819,	65404,	53.05,	6.26,	6.29,	5,	0,	-4,	23,	-27,	0,	0,	30,	11,	3,	0,	0,	0,	0,	
800000,	11.386,	79792,	120760,	132897,	66547,	53.09,	6.28,	6.12,	5,	0,	-4,	23,	-27,	0,	0,	30,	11,	3,	0,	0,	0,	0,	
850000,	12.116,	88517,	137338,	150490,	73647,	52.98,	6.04,	5.6,	23,	2,	0,	25,	-25,	0,	0,	30,	11,	3,	0,	0,	0,	0,	
900000,	12.742,	89524,	136168,	149780,	74524,	53.23,	6.61,	6.26,	5,	0,	-5,	25,	-30,	0,	0,	31,	12,	3,	0,	0,	0,	0,	
950000,	13.316,	98618,	152222,	167051,	82101,	53.32,	6.63,	6.94,	14,	1,	-4,	28,	-32,	0,	0,	34,	13,	3,	0,	0,	0,	0,	
1000000,	13.942,	99202,	151533,	166652,	82609,	53.1,	6.25,	6.14,	14,	1,	-4,	28,	-32,	0,	0,	34,	13,	3,	0,	0,	0,	0,	

1000000,	13.942,	197820,	303755,	333703,	164710,	53.15,	6.39,	6.4,	14,	1,	-4,	28,	-32,	0,	0,	34,	13,	3,	0,	0,	0,	0,	





AdaHT-RandomRBF
Speed Change:,	0.01,	Centroids:,	100,	DriftCentroid:	100
GracePeriod:,	200,	TieThreshold:,	0.01,	BinarySplit:,	true
Count,	Time,	TP,	FN,	TN,	FP,	Accu,	Kappa,	Kpa_t,	Mem,	Depth,	TSize,	DcNod,	ActLf,	InacLf,	Reset,	Alter,	Switch,	Prune,	ClOp0,	ClOp1,	ClOp2,	ClOp3
50000,	0.514,	9122,	15922,	17397,	7558,	53.04,	6.13,	5.6,	5,	0,	1,	0,	1,	0,	0,	0,	0,	0,	0,	0,	0,	0,	
100000,	1.213,	9573,	15434,	16931,	8062,	53.01,	6.02,	5.57,	23,	2,	5,	2,	3,	0,	0,	0,	0,	0,	0,	0,	0,	0,	
150000,	2.035,	20173,	29887,	33095,	16844,	53.5,	7.01,	7.8,	32,	3,	6,	4,	2,	0,	0,	4,	1,	1,	0,	0,	0,	0,	
200000,	2.759,	19565,	30523,	33362,	16550,	52.85,	5.77,	5.99,	5,	0,	-3,	4,	-7,	0,	0,	8,	4,	1,	0,	0,	0,	0,	
250000,	3.297,	30514,	44815,	49375,	25290,	53.25,	6.75,	6.58,	5,	0,	-4,	7,	-11,	0,	0,	9,	5,	1,	0,	0,	0,	0,	
300000,	3.831,	30083,	45255,	49422,	25240,	53.16,	6.53,	6.8,	5,	0,	-5,	9,	-14,	0,	0,	16,	6,	2,	0,	0,	0,	0,	
350000,	4.352,	40101,	60259,	66165,	33469,	52.75,	5.54,	6.11,	5,	0,	-5,	9,	-14,	0,	0,	16,	6,	2,	0,	0,	0,	0,	
400000,	5.064,	39928,	60313,	66166,	33593,	53.18,	6.26,	7.01,	23,	2,	-1,	11,	-12,	0,	0,	16,	6,	2,	0,	0,	0,	0,	
450000,	5.91,	49902,	75575,	83017,	41500,	53.31,	6.74,	6.33,	18,	1,	-4,	11,	-15,	0,	0,	18,	7,	2,	0,	0,	0,	0,	
500000,	6.809,	50187,	75170,	82688,	41952,	53.57,	7.24,	6.65,	27,	2,	-1,	14,	-15,	0,	0,	21,	8,	2,	0,	0,	0,	0,	
550000,	7.689,	59993,	90549,	99545,	49907,	53.24,	6.54,	6.81,	23,	2,	3,	16,	-13,	0,	0,	21,	8,	2,	0,	0,	0,	0,	
600000,	8.55,	60649,	89747,	98882,	50718,	53.31,	6.66,	6.52,	41,	3,	7,	18,	-11,	0,	0,	21,	8,	2,	0,	0,	0,	0,	
650000,	9.462,	69424,	106205,	116572,	57791,	52.92,	5.94,	5.58,	68,	5,	13,	21,	-8,	0,	0,	21,	8,	2,	0,	0,	0,	0,	
700000,	10.37,	70268,	105196,	115877,	58655,	53.23,	6.53,	7.17,	5,	0,	-2,	21,	-23,	0,	0,	25,	9,	3,	0,	0,	0,	0,	
750000,	10.904,	78700,	122069,	133819,	65404,	53.05,	6.26,	6.29,	5,	0,	-4,	23,	-27,	0,	0,	30,	11,	3,	0,	0,	0,	0,	
800000,	11.412,	79792,	120760,	132897,	66547,	53.09,	6.28,	6.12,	5,	0,	-4,	23,	-27,	0,	0,	30,	11,	3,	0,	0,	0,	0,	
850000,	12.131,	88517,	137338,	150490,	73647,	52.98,	6.04,	5.6,	23,	2,	0,	25,	-25,	0,	0,	30,	11,	3,	0,	0,	0,	0,	
900000,	12.766,	89524,	136168,	149780,	74524,	53.23,	6.61,	6.26,	5,	0,	-5,	25,	-30,	0,	0,	31,	12,	3,	0,	0,	0,	0,	
950000,	13.346,	98618,	152222,	167051,	82101,	53.32,	6.63,	6.94,	14,	1,	-4,	28,	-32,	0,	0,	34,	13,	3,	0,	0,	0,	0,	
1000000,	13.974,	99202,	151533,	166652,	82609,	53.1,	6.25,	6.14,	14,	1,	-4,	28,	-32,	0,	0,	34,	13,	3,	0,	0,	0,	0,	

1000000,	13.974,	197820,	303755,	333703,	164710,	53.15,	6.39,	6.4,	14,	1,	-4,	28,	-32,	0,	0,	34,	13,	3,	0,	0,	0,	0,	





AdaHT-RandomRBF
Speed Change:,	0.01,	Centroids:,	100,	DriftCentroid:	100
GracePeriod:,	200,	TieThreshold:,	0.01,	BinarySplit:,	true
Count,	Time,	TP,	FN,	TN,	FP,	Accu,	Kappa,	Kpa_t,	Mem,	Depth,	TSize,	DcNod,	ActLf,	InacLf,	Reset,	Alter,	Switch,	Prune,	ClOp0,	ClOp1,	ClOp2,	ClOp3
50000,	0.508,	9122,	15922,	17397,	7558,	53.04,	6.13,	5.6,	5,	0,	1,	0,	1,	0,	0,	0,	0,	0,	0,	0,	0,	0,	
100000,	1.211,	9573,	15434,	16931,	8062,	53.01,	6.02,	5.57,	23,	2,	5,	2,	3,	0,	0,	0,	0,	0,	0,	0,	0,	0,	
150000,	2.021,	20173,	29887,	33095,	16844,	53.5,	7.01,	7.8,	32,	3,	6,	4,	2,	0,	0,	4,	1,	1,	0,	0,	0,	0,	
200000,	2.735,	19565,	30523,	33362,	16550,	52.85,	5.77,	5.99,	5,	0,	-3,	4,	-7,	0,	0,	8,	4,	1,	0,	0,	0,	0,	
250000,	3.278,	30514,	44815,	49375,	25290,	53.25,	6.75,	6.58,	5,	0,	-4,	7,	-11,	0,	0,	9,	5,	1,	0,	0,	0,	0,	
300000,	3.818,	30083,	45255,	49422,	25240,	53.16,	6.53,	6.8,	5,	0,	-5,	9,	-14,	0,	0,	16,	6,	2,	0,	0,	0,	0,	
350000,	4.333,	40101,	60259,	66165,	33469,	52.75,	5.54,	6.11,	5,	0,	-5,	9,	-14,	0,	0,	16,	6,	2,	0,	0,	0,	0,	
400000,	5.069,	39928,	60313,	66166,	33593,	53.18,	6.26,	7.01,	23,	2,	-1,	11,	-12,	0,	0,	16,	6,	2,	0,	0,	0,	0,	
450000,	5.907,	49902,	75575,	83017,	41500,	53.31,	6.74,	6.33,	18,	1,	-4,	11,	-15,	0,	0,	18,	7,	2,	0,	0,	0,	0,	
500000,	6.822,	50187,	75170,	82688,	41952,	53.57,	7.24,	6.65,	27,	2,	-1,	14,	-15,	0,	0,	21,	8,	2,	0,	0,	0,	0,	
550000,	7.701,	59993,	90549,	99545,	49907,	53.24,	6.54,	6.81,	23,	2,	3,	16,	-13,	0,	0,	21,	8,	2,	0,	0,	0,	0,	
600000,	8.553,	60649,	89747,	98882,	50718,	53.31,	6.66,	6.52,	41,	3,	7,	18,	-11,	0,	0,	21,	8,	2,	0,	0,	0,	0,	
650000,	9.456,	69424,	106205,	116572,	57791,	52.92,	5.94,	5.58,	68,	5,	13,	21,	-8,	0,	0,	21,	8,	2,	0,	0,	0,	0,	
700000,	10.357,	70268,	105196,	115877,	58655,	53.23,	6.53,	7.17,	5,	0,	-2,	21,	-23,	0,	0,	25,	9,	3,	0,	0,	0,	0,	
750000,	10.887,	78700,	122069,	133819,	65404,	53.05,	6.26,	6.29,	5,	0,	-4,	23,	-27,	0,	0,	30,	11,	3,	0,	0,	0,	0,	
800000,	11.424,	79792,	120760,	132897,	66547,	53.09,	6.28,	6.12,	5,	0,	-4,	23,	-27,	0,	0,	30,	11,	3,	0,	0,	0,	0,	
850000,	12.224,	88517,	137338,	150490,	73647,	52.98,	6.04,	5.6,	23,	2,	0,	25,	-25,	0,	0,	30,	11,	3,	0,	0,	0,	0,	
900000,	12.86,	89524,	136168,	149780,	74524,	53.23,	6.61,	6.26,	5,	0,	-5,	25,	-30,	0,	0,	31,	12,	3,	0,	0,	0,	0,	
950000,	13.45,	98618,	152222,	167051,	82101,	53.32,	6.63,	6.94,	14,	1,	-4,	28,	-32,	0,	0,	34,	13,	3,	0,	0,	0,	0,	
1000000,	14.103,	99202,	151533,	166652,	82609,	53.1,	6.25,	6.14,	14,	1,	-4,	28,	-32,	0,	0,	34,	13,	3,	0,	0,	0,	0,	

1000000,	14.103,	197820,	303755,	333703,	164710,	53.15,	6.39,	6.4,	14,	1,	-4,	28,	-32,	0,	0,	34,	13,	3,	0,	0,	0,	0,	





