ASHT-RandomRBF
Speed Change:,	0.01,	Centroids:,	100,	DriftCentroid:	100
GracePeriod:,	200,	TieThreshold:,	0.05000000074505806,	BinarySplit:,	false,	
MaxSize:,	1,	Reset:,	true
Count,	Time,	TP,	FN,	TN,	FP,	Accu,	Kappa,	Kpa_t,	Mem,	Depth,	TSize,	DcNod,	ActLf,	InacLf,	Reset,	Alter,	Switch,	Prune,	ClOp0,	ClOp1,	ClOp2,	ClOp3
50000,	0.443,	12186,	12835,	15267,	9674,	54.95,	9.92,	9.45,	4,	0,	1,	0,	1,	0,	14,	0,	0,	0,	0,	0,	0,	0,	
100000,	0.869,	11591,	13393,	15576,	9402,	54.38,	8.76,	8.33,	4,	0,	1,	0,	1,	0,	29,	0,	0,	0,	0,	0,	0,	0,	
150000,	1.256,	23991,	26034,	31033,	18877,	55.17,	10.34,	11.11,	4,	0,	1,	0,	1,	0,	44,	0,	0,	0,	0,	0,	0,	0,	
200000,	1.634,	23045,	27007,	31517,	18366,	54.82,	9.69,	9.92,	4,	0,	1,	0,	1,	0,	58,	0,	0,	0,	0,	0,	0,	0,	
250000,	2.036,	36354,	38936,	45905,	28717,	54.49,	9.08,	9.05,	4,	0,	1,	0,	1,	0,	73,	0,	0,	0,	0,	0,	0,	0,	
300000,	2.425,	35357,	39932,	46302,	28316,	54.22,	8.54,	8.92,	4,	0,	1,	0,	1,	0,	88,	0,	0,	0,	0,	0,	0,	0,	
350000,	2.827,	47793,	52506,	61756,	37821,	54.62,	9.27,	9.83,	4,	0,	1,	0,	1,	0,	102,	0,	0,	0,	0,	0,	0,	0,	
400000,	3.222,	47436,	52722,	61937,	37763,	55.5,	10.94,	11.61,	4,	0,	1,	0,	1,	0,	117,	0,	0,	0,	0,	0,	0,	0,	
450000,	3.613,	59883,	65524,	77223,	47222,	55.13,	10.32,	9.99,	4,	0,	1,	0,	1,	0,	132,	0,	0,	0,	0,	0,	0,	0,	
500000,	4.002,	59325,	65935,	77684,	46883,	55.3,	10.67,	10.14,	4,	0,	1,	0,	1,	0,	147,	0,	0,	0,	0,	0,	0,	0,	
550000,	4.392,	71976,	78483,	92555,	56811,	54.88,	9.78,	10.08,	4,	0,	1,	0,	1,	0,	161,	0,	0,	0,	0,	0,	0,	0,	
600000,	4.804,	71138,	79137,	93510,	56003,	55.33,	10.67,	10.55,	4,	0,	1,	0,	1,	0,	176,	0,	0,	0,	0,	0,	0,	0,	
650000,	5.189,	83994,	91537,	107759,	66504,	54.48,	8.99,	8.7,	4,	0,	1,	0,	1,	0,	191,	0,	0,	0,	0,	0,	0,	0,	
700000,	5.59,	83232,	92098,	109006,	65425,	55.21,	10.45,	11.09,	4,	0,	1,	0,	1,	0,	205,	0,	0,	0,	0,	0,	0,	0,	
750000,	5.994,	96340,	104320,	122831,	76277,	54.86,	9.77,	9.91,	4,	0,	1,	0,	1,	0,	220,	0,	0,	0,	0,	0,	0,	0,	
800000,	6.388,	95153,	105253,	124418,	74910,	54.69,	9.43,	9.33,	4,	0,	1,	0,	1,	0,	235,	0,	0,	0,	0,	0,	0,	0,	
850000,	6.766,	108217,	117515,	138191,	85817,	54.5,	9.05,	8.67,	1,	0,	0,	0,	0,	0,	250,	0,	0,	0,	0,	0,	0,	0,	
900000,	7.156,	107413,	118117,	139581,	84592,	54.88,	9.82,	9.56,	4,	0,	1,	0,	1,	0,	264,	0,	0,	0,	0,	0,	0,	0,	
950000,	7.532,	119717,	130992,	153991,	95017,	54.62,	9.22,	9.51,	4,	0,	1,	0,	1,	0,	279,	0,	0,	0,	0,	0,	0,	0,	
1000000,	7.918,	119157,	131403,	155285,	93830,	54.92,	9.87,	9.78,	4,	0,	1,	0,	1,	0,	294,	0,	0,	0,	0,	0,	0,	0,	

1000000,	7.918,	238874,	262395,	309276,	188847,	54.85,	9.73,	9.78,	4,	0,	1,	0,	1,	0,	294,	0,	0,	0,	0,	0,	0,	0,	





ASHT-RandomRBF
Speed Change:,	0.01,	Centroids:,	100,	DriftCentroid:	100
GracePeriod:,	200,	TieThreshold:,	0.05000000074505806,	BinarySplit:,	false,	
MaxSize:,	2,	Reset:,	true
Count,	Time,	TP,	FN,	TN,	FP,	Accu,	Kappa,	Kpa_t,	Mem,	Depth,	TSize,	DcNod,	ActLf,	InacLf,	Reset,	Alter,	Switch,	Prune,	ClOp0,	ClOp1,	ClOp2,	ClOp3
50000,	0.46,	12205,	12828,	15589,	9355,	55.61,	11.24,	10.77,	4,	0,	1,	0,	1,	0,	11,	0,	0,	0,	0,	0,	0,	0,	
100000,	0.863,	11998,	12998,	15628,	9353,	55.27,	10.55,	10.13,	4,	0,	1,	0,	1,	0,	23,	0,	0,	0,	0,	0,	0,	0,	
150000,	1.28,	24372,	25660,	31208,	18708,	55.61,	11.22,	11.98,	4,	0,	1,	0,	1,	0,	35,	0,	0,	0,	0,	0,	0,	0,	
200000,	1.707,	24327,	25732,	31103,	18785,	55.64,	11.32,	11.57,	4,	0,	1,	0,	1,	0,	47,	0,	0,	0,	0,	0,	0,	0,	
250000,	2.12,	37070,	38226,	46075,	28556,	55.15,	10.39,	10.37,	11,	1,	3,	1,	2,	0,	59,	0,	0,	0,	0,	0,	0,	0,	
300000,	2.513,	37009,	38287,	45901,	28724,	54.99,	10.06,	10.44,	4,	0,	1,	0,	1,	0,	72,	0,	0,	0,	0,	0,	0,	0,	
350000,	2.906,	49477,	50840,	61450,	38138,	55.58,	11.18,	11.73,	4,	0,	1,	0,	1,	0,	84,	0,	0,	0,	0,	0,	0,	0,	
400000,	3.303,	49794,	50394,	61043,	38667,	55.88,	11.72,	12.37,	4,	0,	1,	0,	1,	0,	96,	0,	0,	0,	0,	0,	0,	0,	
450000,	3.695,	61494,	63921,	77360,	47099,	55.89,	11.85,	11.52,	4,	0,	1,	0,	1,	0,	108,	0,	0,	0,	0,	0,	0,	0,	
500000,	4.101,	62432,	62855,	76518,	48062,	56.26,	12.58,	12.07,	4,	0,	1,	0,	1,	0,	120,	0,	0,	0,	0,	0,	0,	0,	
550000,	4.514,	73802,	76675,	92733,	56649,	55.37,	10.77,	11.06,	4,	0,	1,	0,	1,	0,	132,	0,	0,	0,	0,	0,	0,	0,	
600000,	4.917,	74383,	75934,	92428,	57100,	55.74,	11.5,	11.38,	4,	0,	1,	0,	1,	0,	145,	0,	0,	0,	0,	0,	0,	0,	
650000,	5.31,	85553,	89997,	108226,	66056,	54.52,	9.08,	8.79,	11,	1,	3,	1,	2,	0,	157,	0,	0,	0,	0,	0,	0,	0,	
700000,	5.7,	86908,	88470,	107599,	66848,	55.41,	10.84,	11.49,	4,	0,	1,	0,	1,	0,	170,	0,	0,	0,	0,	0,	0,	0,	
750000,	6.096,	97541,	103140,	123848,	75281,	55.24,	10.55,	10.67,	4,	0,	1,	0,	1,	0,	183,	0,	0,	0,	0,	0,	0,	0,	
800000,	6.483,	98952,	101503,	123139,	76208,	55.19,	10.43,	10.33,	4,	0,	1,	0,	1,	0,	195,	0,	0,	0,	0,	0,	0,	0,	
850000,	6.881,	109696,	116051,	139357,	84674,	55.37,	10.78,	10.41,	4,	0,	1,	0,	1,	0,	207,	0,	0,	0,	0,	0,	0,	0,	
900000,	7.322,	111245,	114337,	138381,	85814,	55.1,	10.25,	10.0,	4,	0,	1,	0,	1,	0,	219,	0,	0,	0,	0,	0,	0,	0,	
950000,	7.715,	121824,	128895,	155034,	94001,	55.64,	11.26,	11.55,	11,	1,	3,	1,	2,	0,	230,	0,	0,	0,	0,	0,	0,	0,	
1000000,	8.11,	123168,	127447,	154296,	94844,	55.7,	11.42,	11.33,	11,	1,	3,	1,	2,	0,	242,	0,	0,	0,	0,	0,	0,	0,	

1000000,	8.11,	244992,	256342,	309330,	188845,	55.46,	10.95,	11.0,	11,	1,	3,	1,	2,	0,	242,	0,	0,	0,	0,	0,	0,	0,	





ASHT-RandomRBF
Speed Change:,	0.01,	Centroids:,	100,	DriftCentroid:	100
GracePeriod:,	200,	TieThreshold:,	0.05000000074505806,	BinarySplit:,	false,	
MaxSize:,	4,	Reset:,	true
Count,	Time,	TP,	FN,	TN,	FP,	Accu,	Kappa,	Kpa_t,	Mem,	Depth,	TSize,	DcNod,	ActLf,	InacLf,	Reset,	Alter,	Switch,	Prune,	ClOp0,	ClOp1,	ClOp2,	ClOp3
50000,	0.416,	12355,	12688,	15118,	9832,	54.95,	9.91,	9.44,	18,	2,	5,	2,	3,	0,	4,	0,	0,	0,	0,	0,	0,	0,	
100000,	0.835,	11744,	13260,	15658,	9330,	54.81,	9.62,	9.2,	18,	2,	5,	2,	3,	0,	9,	0,	0,	0,	0,	0,	0,	0,	
150000,	1.232,	24604,	25452,	30326,	19603,	54.92,	9.85,	10.62,	11,	1,	3,	1,	2,	0,	14,	0,	0,	0,	0,	0,	0,	0,	
200000,	1.637,	23786,	26294,	30964,	18938,	54.71,	9.45,	9.7,	25,	3,	7,	3,	4,	0,	18,	0,	0,	0,	0,	0,	0,	0,	
250000,	2.029,	37561,	37765,	44607,	30043,	54.48,	9.03,	9.04,	25,	3,	7,	3,	4,	0,	23,	0,	0,	0,	0,	0,	0,	0,	
300000,	2.43,	36116,	39210,	45887,	28759,	54.51,	9.13,	9.51,	18,	2,	5,	2,	3,	0,	28,	0,	0,	0,	0,	0,	0,	0,	
350000,	2.83,	50132,	50221,	59594,	40020,	55.12,	10.26,	10.82,	4,	0,	1,	0,	1,	0,	33,	0,	0,	0,	0,	0,	0,	0,	
400000,	3.228,	48061,	52161,	61623,	38116,	55.38,	10.7,	11.37,	18,	2,	5,	2,	3,	0,	37,	0,	0,	0,	0,	0,	0,	0,	
450000,	3.634,	62769,	62693,	74755,	49736,	55.61,	11.27,	10.96,	18,	2,	5,	2,	3,	0,	42,	0,	0,	0,	0,	0,	0,	0,	
500000,	4.027,	60310,	65027,	76815,	47801,	54.89,	9.83,	9.3,	25,	3,	7,	3,	4,	0,	46,	0,	0,	0,	0,	0,	0,	0,	
550000,	4.439,	75672,	74851,	89500,	59921,	55.3,	10.63,	10.93,	4,	0,	1,	0,	1,	0,	51,	0,	0,	0,	0,	0,	0,	0,	
600000,	4.852,	72283,	78089,	92435,	57137,	55.19,	10.41,	10.29,	18,	2,	5,	2,	3,	0,	55,	0,	0,	0,	0,	0,	0,	0,	
650000,	5.255,	87610,	87998,	104802,	69527,	54.49,	9.02,	8.72,	18,	2,	5,	2,	3,	0,	59,	0,	0,	0,	0,	0,	0,	0,	
700000,	5.658,	84052,	91381,	108014,	66485,	54.71,	9.46,	10.11,	25,	3,	7,	3,	4,	0,	63,	0,	0,	0,	0,	0,	0,	0,	
750000,	6.054,	99793,	100953,	119841,	79341,	54.45,	8.96,	9.09,	18,	2,	5,	2,	3,	0,	68,	0,	0,	0,	0,	0,	0,	0,	
800000,	6.447,	96142,	104372,	123560,	75845,	55.29,	10.62,	10.52,	18,	2,	5,	2,	3,	0,	73,	0,	0,	0,	0,	0,	0,	0,	
850000,	6.845,	112050,	113779,	135028,	89063,	54.89,	9.83,	9.45,	4,	0,	1,	0,	1,	0,	78,	0,	0,	0,	0,	0,	0,	0,	
900000,	7.24,	108295,	117357,	138807,	85454,	54.8,	9.67,	9.42,	18,	2,	5,	2,	3,	0,	82,	0,	0,	0,	0,	0,	0,	0,	
950000,	7.633,	124162,	126644,	150637,	98463,	55.46,	10.91,	11.19,	18,	2,	5,	2,	3,	0,	87,	0,	0,	0,	0,	0,	0,	0,	
1000000,	8.032,	119959,	130726,	154557,	94654,	54.85,	9.72,	9.63,	4,	0,	1,	0,	1,	0,	92,	0,	0,	0,	0,	0,	0,	0,	

1000000,	8.032,	244121,	257370,	305194,	193117,	54.94,	9.92,	9.97,	4,	0,	1,	0,	1,	0,	92,	0,	0,	0,	0,	0,	0,	0,	





ASHT-RandomRBF
Speed Change:,	0.01,	Centroids:,	100,	DriftCentroid:	100
GracePeriod:,	200,	TieThreshold:,	0.05000000074505806,	BinarySplit:,	false,	
MaxSize:,	8,	Reset:,	true
Count,	Time,	TP,	FN,	TN,	FP,	Accu,	Kappa,	Kpa_t,	Mem,	Depth,	TSize,	DcNod,	ActLf,	InacLf,	Reset,	Alter,	Switch,	Prune,	ClOp0,	ClOp1,	ClOp2,	ClOp3
50000,	0.416,	12347,	12697,	15257,	9695,	55.21,	10.43,	9.97,	32,	3,	9,	4,	5,	0,	2,	0,	0,	0,	0,	0,	0,	0,	
100000,	0.811,	12346,	12656,	14913,	10076,	54.53,	9.06,	8.63,	4,	0,	1,	0,	1,	0,	5,	0,	0,	0,	0,	0,	0,	0,	
150000,	1.206,	24218,	25836,	30924,	19009,	55.09,	10.18,	10.96,	18,	2,	5,	2,	3,	0,	7,	0,	0,	0,	0,	0,	0,	0,	
200000,	1.614,	24509,	25568,	29881,	20023,	54.27,	8.58,	8.84,	32,	4,	9,	4,	5,	0,	9,	0,	0,	0,	0,	0,	0,	0,	
250000,	2.011,	36590,	38729,	45720,	28937,	54.35,	8.81,	8.78,	46,	4,	13,	6,	7,	0,	11,	0,	0,	0,	0,	0,	0,	0,	
300000,	2.403,	37262,	38064,	44472,	30179,	54.69,	9.46,	9.86,	18,	2,	5,	2,	3,	0,	14,	0,	0,	0,	0,	0,	0,	0,	
350000,	2.797,	48131,	52214,	61367,	38256,	54.39,	8.79,	9.35,	32,	4,	9,	4,	5,	0,	16,	0,	0,	0,	0,	0,	0,	0,	
400000,	3.211,	49364,	50865,	59768,	39978,	54.8,	9.55,	10.22,	46,	4,	13,	6,	7,	0,	18,	0,	0,	0,	0,	0,	0,	0,	
450000,	3.615,	60191,	65263,	76899,	47603,	55.2,	10.46,	10.13,	4,	0,	1,	0,	1,	0,	21,	0,	0,	0,	0,	0,	0,	0,	
500000,	4.01,	61550,	63795,	74967,	49658,	54.77,	9.6,	9.08,	32,	4,	9,	4,	5,	0,	23,	0,	0,	0,	0,	0,	0,	0,	
550000,	4.406,	72391,	78126,	91671,	57764,	53.95,	7.92,	8.23,	46,	4,	13,	6,	7,	0,	25,	0,	0,	0,	0,	0,	0,	0,	
600000,	4.806,	73256,	77128,	90518,	59066,	54.51,	9.05,	8.93,	53,	5,	15,	7,	8,	0,	27,	0,	0,	0,	0,	0,	0,	0,	
650000,	5.201,	83517,	92084,	107563,	66781,	54.04,	8.15,	7.84,	18,	2,	5,	2,	3,	0,	30,	0,	0,	0,	0,	0,	0,	0,	
700000,	5.591,	85076,	90366,	105775,	68737,	54.17,	8.38,	9.05,	39,	5,	11,	5,	6,	0,	32,	0,	0,	0,	0,	0,	0,	0,	
750000,	5.994,	96075,	104664,	122267,	76935,	54.53,	9.1,	9.25,	46,	5,	13,	6,	7,	0,	34,	0,	0,	0,	0,	0,	0,	0,	
800000,	6.407,	96503,	104022,	121372,	78048,	54.06,	8.17,	8.06,	18,	2,	5,	2,	3,	0,	37,	0,	0,	0,	0,	0,	0,	0,	
850000,	6.808,	108735,	117089,	136855,	87258,	54.5,	9.02,	8.66,	4,	0,	1,	0,	1,	0,	40,	0,	0,	0,	0,	0,	0,	0,	
900000,	7.224,	108387,	117275,	136677,	87600,	54.38,	8.84,	8.57,	25,	3,	7,	3,	4,	0,	42,	0,	0,	0,	0,	0,	0,	0,	
950000,	7.632,	121026,	129775,	151965,	97160,	54.82,	9.63,	9.92,	46,	4,	13,	6,	7,	0,	44,	0,	0,	0,	0,	0,	0,	0,	
1000000,	8.033,	120287,	130413,	152024,	97206,	54.5,	9.03,	8.95,	53,	6,	15,	7,	8,	0,	46,	0,	0,	0,	0,	0,	0,	0,	

1000000,	8.033,	241313,	260188,	303989,	194366,	54.54,	9.11,	9.16,	53,	6,	15,	7,	8,	0,	46,	0,	0,	0,	0,	0,	0,	0,	





ASHT-RandomRBF
Speed Change:,	0.01,	Centroids:,	100,	DriftCentroid:	100
GracePeriod:,	200,	TieThreshold:,	0.05000000074505806,	BinarySplit:,	false,	
MaxSize:,	16,	Reset:,	true
Count,	Time,	TP,	FN,	TN,	FP,	Accu,	Kappa,	Kpa_t,	Mem,	Depth,	TSize,	DcNod,	ActLf,	InacLf,	Reset,	Alter,	Switch,	Prune,	ClOp0,	ClOp1,	ClOp2,	ClOp3
50000,	0.405,	12199,	12844,	14940,	10013,	54.28,	8.58,	8.1,	11,	1,	3,	1,	2,	0,	1,	0,	0,	0,	0,	0,	0,	0,	
100000,	0.807,	11533,	13473,	15562,	9429,	54.19,	8.39,	7.95,	32,	4,	9,	4,	5,	0,	2,	0,	0,	0,	0,	0,	0,	0,	
150000,	1.208,	24075,	25983,	30233,	19703,	54.34,	8.69,	9.47,	53,	4,	15,	7,	8,	0,	3,	0,	0,	0,	0,	0,	0,	0,	
200000,	1.598,	23186,	26901,	30893,	19016,	53.97,	7.98,	8.23,	46,	4,	13,	6,	7,	0,	4,	0,	0,	0,	0,	0,	0,	0,	
250000,	2.012,	36946,	38381,	44625,	30037,	54.53,	9.14,	9.14,	74,	5,	21,	10,	11,	0,	5,	0,	0,	0,	0,	0,	0,	0,	
300000,	2.408,	35113,	40224,	45738,	28920,	53.54,	7.21,	7.58,	81,	6,	23,	11,	12,	0,	6,	0,	0,	0,	0,	0,	0,	0,	
350000,	2.808,	48816,	51540,	59822,	39808,	54.14,	8.29,	8.86,	102,	6,	29,	14,	15,	0,	7,	0,	0,	0,	0,	0,	0,	0,	
400000,	3.21,	46873,	53367,	60912,	38842,	53.87,	7.69,	8.38,	102,	6,	29,	14,	15,	0,	8,	0,	0,	0,	0,	0,	0,	0,	
450000,	3.607,	61185,	64288,	74753,	49757,	54.6,	9.25,	8.93,	4,	0,	1,	0,	1,	0,	10,	0,	0,	0,	0,	0,	0,	0,	
500000,	4.009,	59191,	66166,	75948,	48687,	54.71,	9.47,	8.95,	18,	2,	5,	2,	3,	0,	11,	0,	0,	0,	0,	0,	0,	0,	
550000,	4.416,	73172,	77366,	89796,	59648,	54.06,	8.15,	8.45,	18,	2,	5,	2,	3,	0,	12,	0,	0,	0,	0,	0,	0,	0,	
600000,	4.82,	71416,	78978,	91120,	58474,	54.8,	9.61,	9.49,	18,	2,	5,	2,	3,	0,	13,	0,	0,	0,	0,	0,	0,	0,	
650000,	5.208,	84832,	90793,	105072,	69283,	53.87,	7.8,	7.5,	46,	4,	13,	6,	7,	0,	14,	0,	0,	0,	0,	0,	0,	0,	
700000,	5.603,	83986,	91476,	105593,	68931,	54.09,	8.19,	8.87,	67,	5,	19,	9,	10,	0,	15,	0,	0,	0,	0,	0,	0,	0,	
750000,	5.992,	97098,	103667,	119972,	79242,	54.33,	8.72,	8.86,	81,	5,	23,	11,	12,	0,	16,	0,	0,	0,	0,	0,	0,	0,	
800000,	6.398,	96178,	104370,	120708,	78727,	54.62,	9.27,	9.18,	109,	7,	31,	15,	16,	0,	17,	0,	0,	0,	0,	0,	0,	0,	
850000,	6.811,	108894,	116953,	135060,	89065,	53.78,	7.59,	7.21,	18,	2,	5,	2,	3,	0,	19,	0,	0,	0,	0,	0,	0,	0,	
900000,	7.201,	108486,	117200,	135438,	88855,	54.08,	8.21,	7.96,	25,	3,	7,	3,	4,	0,	20,	0,	0,	0,	0,	0,	0,	0,	
950000,	7.617,	120353,	130479,	150427,	98712,	53.65,	7.3,	7.59,	32,	4,	9,	4,	5,	0,	21,	0,	0,	0,	0,	0,	0,	0,	
1000000,	8.035,	120338,	130391,	150875,	98373,	54.58,	9.18,	9.09,	53,	4,	15,	7,	8,	0,	22,	0,	0,	0,	0,	0,	0,	0,	

1000000,	8.035,	240691,	260870,	301302,	197085,	54.2,	8.44,	8.49,	53,	4,	15,	7,	8,	0,	22,	0,	0,	0,	0,	0,	0,	0,	





ASHT-RandomRBF
Speed Change:,	0.01,	Centroids:,	100,	DriftCentroid:	100
GracePeriod:,	200,	TieThreshold:,	0.05000000074505806,	BinarySplit:,	false,	
MaxSize:,	32,	Reset:,	true
Count,	Time,	TP,	FN,	TN,	FP,	Accu,	Kappa,	Kpa_t,	Mem,	Depth,	TSize,	DcNod,	ActLf,	InacLf,	Reset,	Alter,	Switch,	Prune,	ClOp0,	ClOp1,	ClOp2,	ClOp3
50000,	0.406,	12223,	12821,	14866,	10088,	54.18,	8.37,	7.9,	130,	9,	37,	18,	19,	0,	0,	0,	0,	0,	0,	0,	0,	0,	
100000,	0.797,	11848,	13154,	15002,	9989,	53.71,	7.42,	6.98,	18,	2,	5,	2,	3,	0,	1,	0,	0,	0,	0,	0,	0,	0,	
150000,	1.192,	24578,	25482,	29472,	20466,	53.92,	7.85,	8.64,	137,	8,	39,	19,	20,	0,	1,	0,	0,	0,	0,	0,	0,	0,	
200000,	1.591,	24285,	25797,	29577,	20331,	54.03,	8.08,	8.34,	32,	4,	9,	4,	5,	0,	2,	0,	0,	0,	0,	0,	0,	0,	
250000,	1.99,	37159,	38174,	43471,	31193,	53.16,	6.39,	6.4,	151,	7,	43,	21,	22,	0,	2,	0,	0,	0,	0,	0,	0,	0,	
300000,	2.381,	37364,	37964,	43407,	31250,	53.83,	7.69,	8.14,	67,	5,	19,	9,	10,	0,	3,	0,	0,	0,	0,	0,	0,	0,	
350000,	2.79,	48703,	51661,	58625,	41008,	53.4,	6.81,	7.38,	179,	8,	51,	25,	26,	0,	3,	0,	0,	0,	0,	0,	0,	0,	
400000,	3.214,	48610,	51621,	59306,	40446,	54.29,	8.52,	9.22,	95,	7,	27,	13,	14,	0,	4,	0,	0,	0,	0,	0,	0,	0,	
450000,	3.605,	60985,	64496,	73248,	51268,	53.81,	7.66,	7.34,	200,	10,	57,	28,	29,	0,	4,	0,	0,	0,	0,	0,	0,	0,	
500000,	4.005,	60390,	64958,	74651,	49980,	54.25,	8.57,	8.03,	109,	8,	31,	15,	16,	0,	5,	0,	0,	0,	0,	0,	0,	0,	
550000,	4.408,	73127,	77416,	87910,	61538,	53.61,	7.25,	7.56,	18,	2,	5,	2,	3,	0,	6,	0,	0,	0,	0,	0,	0,	0,	
600000,	4.81,	72821,	77563,	89257,	60334,	54.08,	8.17,	8.06,	130,	9,	37,	18,	19,	0,	6,	0,	0,	0,	0,	0,	0,	0,	
650000,	5.221,	85472,	90158,	102610,	71747,	54.09,	8.22,	7.93,	46,	6,	13,	6,	7,	0,	7,	0,	0,	0,	0,	0,	0,	0,	
700000,	5.618,	85275,	90177,	103494,	71028,	53.38,	6.78,	7.47,	179,	11,	51,	25,	26,	0,	7,	0,	0,	0,	0,	0,	0,	0,	
750000,	6.011,	97932,	102838,	117231,	81984,	54.16,	8.37,	8.52,	74,	7,	21,	10,	11,	0,	8,	0,	0,	0,	0,	0,	0,	0,	
800000,	6.429,	97134,	103403,	118489,	80942,	53.71,	7.47,	7.37,	214,	10,	61,	30,	31,	0,	8,	0,	0,	0,	0,	0,	0,	0,	
850000,	6.841,	110845,	115009,	131392,	92735,	54.15,	8.32,	7.97,	130,	8,	37,	18,	19,	0,	9,	0,	0,	0,	0,	0,	0,	0,	
900000,	7.245,	109142,	116535,	133110,	91180,	53.26,	6.57,	6.32,	4,	0,	1,	0,	1,	0,	10,	0,	0,	0,	0,	0,	0,	0,	
950000,	7.642,	122089,	128750,	147047,	102095,	53.8,	7.59,	7.88,	130,	8,	37,	18,	19,	0,	10,	0,	0,	0,	0,	0,	0,	0,	
1000000,	8.042,	120957,	129761,	148378,	100868,	54.17,	8.36,	8.28,	53,	4,	15,	7,	8,	0,	11,	0,	0,	0,	0,	0,	0,	0,	

1000000,	8.042,	243046,	258511,	295425,	202963,	53.85,	7.73,	7.79,	53,	4,	15,	7,	8,	0,	11,	0,	0,	0,	0,	0,	0,	0,	





ASHT-RandomRBF
Speed Change:,	0.01,	Centroids:,	100,	DriftCentroid:	100
GracePeriod:,	200,	TieThreshold:,	0.05000000074505806,	BinarySplit:,	false,	
MaxSize:,	64,	Reset:,	true
Count,	Time,	TP,	FN,	TN,	FP,	Accu,	Kappa,	Kpa_t,	Mem,	Depth,	TSize,	DcNod,	ActLf,	InacLf,	Reset,	Alter,	Switch,	Prune,	ClOp0,	ClOp1,	ClOp2,	ClOp3
50000,	0.409,	12223,	12821,	14866,	10088,	54.18,	8.37,	7.9,	130,	9,	37,	18,	19,	0,	0,	0,	0,	0,	0,	0,	0,	0,	
100000,	0.796,	11768,	13239,	15043,	9950,	53.62,	7.25,	6.81,	256,	11,	73,	36,	37,	0,	0,	0,	0,	0,	0,	0,	0,	0,	
150000,	1.191,	23936,	26124,	29750,	20187,	53.19,	6.4,	7.2,	368,	13,	105,	52,	53,	0,	0,	0,	0,	0,	0,	0,	0,	0,	
200000,	1.585,	24020,	26067,	29651,	20260,	53.72,	7.47,	7.74,	46,	4,	13,	6,	7,	0,	1,	0,	0,	0,	0,	0,	0,	0,	
250000,	1.979,	37706,	37627,	42743,	31921,	53.53,	7.03,	7.13,	158,	8,	45,	22,	23,	0,	1,	0,	0,	0,	0,	0,	0,	0,	
300000,	2.377,	37184,	38153,	42919,	31742,	52.86,	5.74,	6.22,	284,	10,	81,	40,	41,	0,	1,	0,	0,	0,	0,	0,	0,	0,	
350000,	2.769,	50399,	49964,	56686,	42946,	53.27,	6.55,	7.14,	403,	11,	115,	57,	58,	0,	1,	0,	0,	0,	0,	0,	0,	0,	
400000,	3.175,	49166,	51073,	58152,	41605,	54.43,	8.82,	9.5,	81,	7,	23,	11,	12,	0,	2,	0,	0,	0,	0,	0,	0,	0,	
450000,	3.555,	62387,	63093,	71406,	53109,	53.42,	6.88,	6.55,	214,	10,	61,	30,	31,	0,	2,	0,	0,	0,	0,	0,	0,	0,	
500000,	3.944,	61893,	63462,	72171,	52466,	53.5,	7.02,	6.51,	340,	12,	97,	48,	49,	0,	2,	0,	0,	0,	0,	0,	0,	0,	
550000,	4.344,	75194,	75351,	85426,	64022,	53.65,	7.32,	7.64,	32,	3,	9,	4,	5,	0,	3,	0,	0,	0,	0,	0,	0,	0,	
600000,	4.736,	74444,	75950,	86337,	63261,	53.43,	6.88,	6.76,	151,	8,	43,	21,	22,	0,	3,	0,	0,	0,	0,	0,	0,	0,	
650000,	5.114,	87392,	88241,	99862,	74498,	53.27,	6.57,	6.28,	284,	9,	81,	40,	41,	0,	3,	0,	0,	0,	0,	0,	0,	0,	
700000,	5.498,	86639,	88823,	100780,	73750,	53.28,	6.58,	7.26,	403,	11,	115,	57,	58,	0,	3,	0,	0,	0,	0,	0,	0,	0,	
750000,	5.889,	100153,	100619,	113844,	85375,	53.49,	7.0,	7.18,	81,	7,	23,	11,	12,	0,	4,	0,	0,	0,	0,	0,	0,	0,	
800000,	6.31,	98511,	102039,	115650,	83792,	53.48,	7.01,	6.91,	179,	10,	51,	25,	26,	0,	4,	0,	0,	0,	0,	0,	0,	0,	
850000,	6.711,	112026,	113832,	128369,	95764,	52.8,	5.63,	5.24,	347,	12,	99,	49,	50,	0,	4,	0,	0,	0,	0,	0,	0,	0,	
900000,	7.079,	110401,	115289,	130108,	94193,	52.7,	5.45,	5.19,	4,	0,	1,	0,	1,	0,	5,	0,	0,	0,	0,	0,	0,	0,	
950000,	7.472,	124284,	126557,	143085,	106062,	53.95,	7.9,	8.19,	109,	7,	31,	15,	16,	0,	5,	0,	0,	0,	0,	0,	0,	0,	
1000000,	7.874,	122689,	128043,	144494,	104763,	53.35,	6.71,	6.64,	263,	10,	75,	37,	38,	0,	5,	0,	0,	0,	0,	0,	0,	0,	

1000000,	7.874,	246973,	254600,	287579,	210825,	53.46,	6.94,	7.0,	263,	10,	75,	37,	38,	0,	5,	0,	0,	0,	0,	0,	0,	0,	





ASHT-RandomRBF
Speed Change:,	0.01,	Centroids:,	100,	DriftCentroid:	100
GracePeriod:,	200,	TieThreshold:,	0.05000000074505806,	BinarySplit:,	false,	
MaxSize:,	128,	Reset:,	true
Count,	Time,	TP,	FN,	TN,	FP,	Accu,	Kappa,	Kpa_t,	Mem,	Depth,	TSize,	DcNod,	ActLf,	InacLf,	Reset,	Alter,	Switch,	Prune,	ClOp0,	ClOp1,	ClOp2,	ClOp3
50000,	0.404,	12223,	12821,	14866,	10088,	54.18,	8.37,	7.9,	130,	9,	37,	18,	19,	0,	0,	0,	0,	0,	0,	0,	0,	0,	
100000,	0.8,	11768,	13239,	15043,	9950,	53.62,	7.25,	6.81,	256,	11,	73,	36,	37,	0,	0,	0,	0,	0,	0,	0,	0,	0,	
150000,	1.199,	23936,	26124,	29750,	20187,	53.19,	6.4,	7.2,	368,	13,	105,	52,	53,	0,	0,	0,	0,	0,	0,	0,	0,	0,	
200000,	1.592,	23744,	26344,	29532,	20380,	52.93,	5.89,	6.16,	508,	14,	145,	72,	73,	0,	0,	0,	0,	0,	0,	0,	0,	0,	
250000,	1.992,	36862,	38471,	43271,	31392,	52.89,	5.82,	5.87,	620,	15,	177,	88,	89,	0,	0,	0,	0,	0,	0,	0,	0,	0,	
300000,	2.391,	36640,	38698,	43203,	31459,	53.13,	6.31,	6.76,	760,	15,	217,	108,	109,	0,	0,	0,	0,	0,	0,	0,	0,	0,	
350000,	2.777,	49086,	51278,	57506,	42126,	52.92,	5.85,	6.43,	837,	15,	239,	119,	120,	0,	0,	0,	0,	0,	0,	0,	0,	0,	
400000,	3.173,	48352,	51888,	58560,	41197,	54.14,	8.23,	8.92,	95,	7,	27,	13,	14,	0,	1,	0,	0,	0,	0,	0,	0,	0,	
450000,	3.58,	61284,	64196,	72448,	52066,	54.28,	8.61,	8.29,	214,	10,	61,	30,	31,	0,	1,	0,	0,	0,	0,	0,	0,	0,	
500000,	3.977,	60189,	65167,	73512,	51125,	53.58,	7.22,	6.68,	326,	11,	93,	46,	47,	0,	1,	0,	0,	0,	0,	0,	0,	0,	
550000,	4.373,	73651,	76892,	86677,	62770,	53.2,	6.41,	6.73,	452,	12,	129,	64,	65,	0,	1,	0,	0,	0,	0,	0,	0,	0,	
600000,	4.751,	72228,	78167,	88149,	61449,	53.35,	6.72,	6.6,	578,	13,	165,	82,	83,	0,	1,	0,	0,	0,	0,	0,	0,	0,	
650000,	5.132,	85836,	89793,	100976,	73382,	52.97,	5.97,	5.69,	732,	14,	209,	104,	105,	0,	1,	0,	0,	0,	0,	0,	0,	0,	
700000,	5.515,	84514,	90949,	102503,	72027,	53.28,	6.58,	7.27,	879,	14,	251,	125,	126,	0,	1,	0,	0,	0,	0,	0,	0,	0,	
750000,	5.919,	98392,	102374,	115640,	83577,	54.45,	8.94,	9.09,	116,	6,	33,	16,	17,	0,	2,	0,	0,	0,	0,	0,	0,	0,	
800000,	6.32,	96036,	104515,	117517,	81925,	53.07,	6.19,	6.09,	249,	8,	71,	35,	36,	0,	2,	0,	0,	0,	0,	0,	0,	0,	
850000,	6.711,	110611,	115240,	129966,	94163,	53.09,	6.21,	5.84,	403,	10,	115,	57,	58,	0,	2,	0,	0,	0,	0,	0,	0,	0,	
900000,	7.099,	108288,	117403,	131663,	92639,	52.8,	5.63,	5.39,	501,	11,	143,	71,	72,	0,	2,	0,	0,	0,	0,	0,	0,	0,	
950000,	7.467,	121318,	129518,	145437,	103707,	52.36,	4.7,	5.01,	634,	12,	181,	90,	91,	0,	2,	0,	0,	0,	0,	0,	0,	0,	
1000000,	7.849,	119877,	130857,	146796,	102463,	53.44,	6.91,	6.82,	732,	12,	209,	104,	105,	0,	2,	0,	0,	0,	0,	0,	0,	0,	

1000000,	7.849,	241195,	260375,	292233,	206170,	53.34,	6.72,	6.78,	732,	12,	209,	104,	105,	0,	2,	0,	0,	0,	0,	0,	0,	0,	





ASHT-RandomRBF
Speed Change:,	0.01,	Centroids:,	100,	DriftCentroid:	100
GracePeriod:,	200,	TieThreshold:,	0.05000000074505806,	BinarySplit:,	false,	
MaxSize:,	1,	Reset:,	false
Count,	Time,	TP,	FN,	TN,	FP,	Accu,	Kappa,	Kpa_t,	Mem,	Depth,	TSize,	DcNod,	ActLf,	InacLf,	Reset,	Alter,	Switch,	Prune,	ClOp0,	ClOp1,	ClOp2,	ClOp3
50000,	0.393,	12303,	12741,	15555,	9400,	55.72,	11.45,	10.99,	4,	0,	1,	0,	1,	0,	0,	0,	0,	26,	0,	0,	0,	0,	
100000,	0.792,	12462,	12545,	15147,	9846,	55.22,	10.44,	10.01,	4,	0,	1,	0,	1,	0,	0,	0,	0,	50,	0,	0,	0,	0,	
150000,	1.184,	25352,	24708,	30715,	19224,	56.42,	12.84,	13.59,	4,	0,	1,	0,	1,	0,	0,	0,	0,	76,	0,	0,	0,	0,	
200000,	1.57,	24971,	25117,	30355,	19557,	55.43,	10.9,	11.15,	4,	0,	1,	0,	1,	0,	0,	0,	0,	100,	0,	0,	0,	0,	
250000,	1.968,	38196,	37137,	45670,	28996,	55.6,	11.29,	11.27,	4,	0,	1,	0,	1,	0,	0,	0,	0,	126,	0,	0,	0,	0,	
300000,	2.362,	37957,	37381,	45158,	29504,	55.58,	11.23,	11.62,	4,	0,	1,	0,	1,	0,	0,	0,	0,	152,	0,	0,	0,	0,	
350000,	2.759,	50203,	50161,	61387,	38248,	55.45,	10.91,	11.46,	4,	0,	1,	0,	1,	0,	0,	0,	0,	178,	0,	0,	0,	0,	
400000,	3.168,	49126,	51115,	61814,	37945,	55.65,	11.23,	11.92,	4,	0,	1,	0,	1,	0,	0,	0,	0,	203,	0,	0,	0,	0,	
450000,	3.563,	62635,	62846,	76947,	47571,	55.98,	12.02,	11.7,	4,	0,	1,	0,	1,	0,	0,	0,	0,	229,	0,	0,	0,	0,	
500000,	3.96,	61882,	63477,	77435,	47206,	56.75,	13.56,	13.06,	4,	0,	1,	0,	1,	0,	0,	0,	0,	255,	0,	0,	0,	0,	
550000,	4.362,	74980,	75566,	92425,	57028,	55.65,	11.32,	11.61,	4,	0,	1,	0,	1,	0,	0,	0,	0,	280,	0,	0,	0,	0,	
600000,	4.759,	74392,	76006,	92625,	56977,	55.4,	10.82,	10.7,	4,	0,	1,	0,	1,	0,	0,	0,	0,	306,	0,	0,	0,	0,	
650000,	5.149,	87197,	88437,	107801,	66564,	55.19,	10.41,	10.13,	4,	0,	1,	0,	1,	0,	0,	0,	0,	331,	0,	0,	0,	0,	
700000,	5.558,	86454,	89012,	108278,	66256,	55.43,	10.9,	11.54,	4,	0,	1,	0,	1,	0,	0,	0,	0,	358,	0,	0,	0,	0,	
750000,	5.952,	99601,	101173,	123056,	76169,	55.32,	10.7,	10.83,	4,	0,	1,	0,	1,	0,	0,	0,	0,	383,	0,	0,	0,	0,	
800000,	6.353,	99026,	101528,	123430,	76016,	55.45,	10.93,	10.84,	4,	0,	1,	0,	1,	0,	0,	0,	0,	407,	0,	0,	0,	0,	
850000,	6.763,	112090,	113770,	138339,	85800,	55.54,	11.12,	10.76,	4,	0,	1,	0,	1,	0,	0,	0,	0,	431,	0,	0,	0,	0,	
900000,	7.165,	111748,	113946,	138443,	85863,	55.47,	10.99,	10.75,	4,	0,	1,	0,	1,	0,	0,	0,	0,	456,	0,	0,	0,	0,	
950000,	7.568,	124133,	126712,	154064,	95090,	55.54,	11.06,	11.35,	4,	0,	1,	0,	1,	0,	0,	0,	0,	481,	0,	0,	0,	0,	
1000000,	7.987,	123956,	126781,	154155,	95108,	55.84,	11.7,	11.62,	4,	0,	1,	0,	1,	0,	0,	0,	0,	507,	0,	0,	0,	0,	

1000000,	7.987,	248089,	253493,	308219,	190198,	55.63,	11.3,	11.35,	4,	0,	1,	0,	1,	0,	0,	0,	0,	507,	0,	0,	0,	0,	





ASHT-RandomRBF
Speed Change:,	0.01,	Centroids:,	100,	DriftCentroid:	100
GracePeriod:,	200,	TieThreshold:,	0.05000000074505806,	BinarySplit:,	false,	
MaxSize:,	2,	Reset:,	false
Count,	Time,	TP,	FN,	TN,	FP,	Accu,	Kappa,	Kpa_t,	Mem,	Depth,	TSize,	DcNod,	ActLf,	InacLf,	Reset,	Alter,	Switch,	Prune,	ClOp0,	ClOp1,	ClOp2,	ClOp3
50000,	0.404,	12630,	12414,	15445,	9509,	56.15,	12.32,	11.86,	11,	1,	3,	1,	2,	0,	0,	0,	0,	19,	0,	0,	0,	0,	
100000,	0.808,	12048,	12959,	15739,	9254,	55.57,	11.15,	10.73,	11,	1,	3,	1,	2,	0,	0,	0,	0,	40,	0,	0,	0,	0,	
150000,	1.222,	24763,	25291,	31004,	18933,	55.4,	10.8,	11.57,	11,	1,	3,	1,	2,	0,	0,	0,	0,	59,	0,	0,	0,	0,	
200000,	1.613,	24159,	25929,	31335,	18577,	55.41,	10.87,	11.11,	11,	1,	3,	1,	2,	0,	0,	0,	0,	79,	0,	0,	0,	0,	
250000,	2.029,	37404,	37923,	46030,	28634,	55.33,	10.77,	10.74,	11,	1,	3,	1,	2,	0,	0,	0,	0,	99,	0,	0,	0,	0,	
300000,	2.425,	37029,	38309,	45847,	28815,	54.76,	9.6,	10.0,	11,	1,	3,	1,	2,	0,	0,	0,	0,	118,	0,	0,	0,	0,	
350000,	2.826,	49831,	50527,	61330,	38303,	55.45,	10.92,	11.47,	11,	1,	3,	1,	2,	0,	0,	0,	0,	136,	0,	0,	0,	0,	
400000,	3.23,	48890,	51351,	61704,	38055,	55.44,	10.82,	11.49,	11,	1,	3,	1,	2,	0,	0,	0,	0,	156,	0,	0,	0,	0,	
450000,	3.628,	62035,	63440,	77038,	47478,	55.82,	11.71,	11.38,	11,	1,	3,	1,	2,	0,	0,	0,	0,	176,	0,	0,	0,	0,	
500000,	4.045,	61160,	64199,	77328,	47313,	55.79,	11.63,	11.11,	11,	1,	3,	1,	2,	0,	0,	0,	0,	195,	0,	0,	0,	0,	
550000,	4.444,	75018,	75522,	91902,	57549,	55.69,	11.41,	11.71,	11,	1,	3,	1,	2,	0,	0,	0,	0,	214,	0,	0,	0,	0,	
600000,	4.839,	73753,	76645,	92464,	57138,	55.46,	10.93,	10.82,	11,	1,	3,	1,	2,	0,	0,	0,	0,	233,	0,	0,	0,	0,	
650000,	5.238,	87262,	88366,	106930,	67433,	54.54,	9.12,	8.84,	11,	1,	3,	1,	2,	0,	0,	0,	0,	252,	0,	0,	0,	0,	
700000,	5.656,	85998,	89468,	107853,	66681,	55.27,	10.57,	11.22,	11,	1,	3,	1,	2,	0,	0,	0,	0,	271,	0,	0,	0,	0,	
750000,	6.058,	98904,	101864,	122833,	76390,	55.09,	10.27,	10.37,	11,	1,	3,	1,	2,	0,	0,	0,	0,	288,	0,	0,	0,	0,	
800000,	6.461,	98458,	102096,	123052,	76394,	55.32,	10.67,	10.58,	11,	1,	3,	1,	2,	0,	0,	0,	0,	307,	0,	0,	0,	0,	
850000,	6.852,	111479,	114375,	137817,	86320,	55.12,	10.27,	9.9,	11,	1,	3,	1,	2,	0,	0,	0,	0,	326,	0,	0,	0,	0,	
900000,	7.25,	110879,	114815,	138362,	85944,	55.46,	10.98,	10.73,	11,	1,	3,	1,	2,	0,	0,	0,	0,	346,	0,	0,	0,	0,	
950000,	7.65,	123739,	127100,	153368,	95784,	55.62,	11.24,	11.52,	11,	1,	3,	1,	2,	0,	0,	0,	0,	366,	0,	0,	0,	0,	
1000000,	8.053,	122589,	128148,	154219,	95044,	55.13,	10.29,	10.21,	11,	1,	3,	1,	2,	0,	0,	0,	0,	385,	0,	0,	0,	0,	

1000000,	8.053,	246328,	255248,	307587,	190828,	55.39,	10.82,	10.87,	11,	1,	3,	1,	2,	0,	0,	0,	0,	385,	0,	0,	0,	0,	





ASHT-RandomRBF
Speed Change:,	0.01,	Centroids:,	100,	DriftCentroid:	100
GracePeriod:,	200,	TieThreshold:,	0.05000000074505806,	BinarySplit:,	false,	
MaxSize:,	4,	Reset:,	false
Count,	Time,	TP,	FN,	TN,	FP,	Accu,	Kappa,	Kpa_t,	Mem,	Depth,	TSize,	DcNod,	ActLf,	InacLf,	Reset,	Alter,	Switch,	Prune,	ClOp0,	ClOp1,	ClOp2,	ClOp3
50000,	0.407,	12282,	12762,	15004,	9950,	54.57,	9.16,	8.69,	18,	2,	5,	2,	3,	0,	0,	0,	0,	10,	0,	0,	0,	0,	
100000,	0.816,	12020,	12987,	15446,	9547,	54.93,	9.87,	9.44,	25,	3,	7,	3,	4,	0,	0,	0,	0,	20,	0,	0,	0,	0,	
150000,	1.228,	24276,	25783,	30411,	19525,	54.8,	9.62,	10.39,	25,	3,	7,	3,	4,	0,	0,	0,	0,	33,	0,	0,	0,	0,	
200000,	1.643,	24262,	25826,	30602,	19310,	54.8,	9.63,	9.88,	25,	3,	7,	3,	4,	0,	0,	0,	0,	42,	0,	0,	0,	0,	
250000,	2.049,	36719,	38613,	45128,	29535,	54.32,	8.74,	8.72,	18,	2,	5,	2,	3,	0,	0,	0,	0,	54,	0,	0,	0,	0,	
300000,	2.452,	37020,	38318,	45151,	29511,	54.61,	9.3,	9.7,	18,	2,	5,	2,	3,	0,	0,	0,	0,	64,	0,	0,	0,	0,	
350000,	2.861,	49027,	51336,	60250,	39382,	54.86,	9.73,	10.29,	18,	2,	5,	2,	3,	0,	0,	0,	0,	74,	0,	0,	0,	0,	
400000,	3.269,	48632,	51609,	60984,	38775,	54.89,	9.72,	10.41,	18,	2,	5,	2,	3,	0,	0,	0,	0,	84,	0,	0,	0,	0,	
450000,	3.676,	61488,	63992,	75568,	48947,	55.56,	11.17,	10.85,	25,	3,	7,	3,	4,	0,	0,	0,	0,	94,	0,	0,	0,	0,	
500000,	4.077,	61181,	64178,	75699,	48942,	54.53,	9.1,	8.58,	25,	3,	7,	3,	4,	0,	0,	0,	0,	103,	0,	0,	0,	0,	
550000,	4.492,	73517,	77028,	90876,	58574,	54.67,	9.38,	9.67,	18,	2,	5,	2,	3,	0,	0,	0,	0,	114,	0,	0,	0,	0,	
600000,	4.91,	73659,	76739,	90611,	58990,	54.78,	9.57,	9.46,	18,	2,	5,	2,	3,	0,	0,	0,	0,	126,	0,	0,	0,	0,	
650000,	5.317,	85915,	89718,	105977,	68385,	55.0,	10.03,	9.75,	25,	3,	7,	3,	4,	0,	0,	0,	0,	136,	0,	0,	0,	0,	
700000,	5.719,	85991,	89474,	105836,	68696,	55.12,	10.26,	10.92,	18,	2,	5,	2,	3,	0,	0,	0,	0,	147,	0,	0,	0,	0,	
750000,	6.114,	98411,	102362,	120923,	78299,	54.88,	9.82,	9.96,	18,	2,	5,	2,	3,	0,	0,	0,	0,	157,	0,	0,	0,	0,	
800000,	6.528,	97871,	102682,	121226,	78218,	54.54,	9.13,	9.03,	18,	2,	5,	2,	3,	0,	0,	0,	0,	166,	0,	0,	0,	0,	
850000,	6.929,	110316,	115543,	136172,	87964,	54.31,	8.66,	8.28,	18,	2,	5,	2,	3,	0,	0,	0,	0,	177,	0,	0,	0,	0,	
900000,	7.33,	109770,	115923,	136838,	87466,	55.02,	10.12,	9.85,	25,	3,	7,	3,	4,	0,	0,	0,	0,	188,	0,	0,	0,	0,	
950000,	7.732,	122446,	128398,	151088,	98063,	54.09,	8.18,	8.47,	25,	3,	7,	3,	4,	0,	0,	0,	0,	201,	0,	0,	0,	0,	
1000000,	8.154,	122041,	128695,	152172,	97089,	55.21,	10.44,	10.36,	18,	2,	5,	2,	3,	0,	0,	0,	0,	213,	0,	0,	0,	0,	

1000000,	8.154,	244487,	257093,	303260,	195152,	54.77,	9.58,	9.64,	18,	2,	5,	2,	3,	0,	0,	0,	0,	213,	0,	0,	0,	0,	





ASHT-RandomRBF
Speed Change:,	0.01,	Centroids:,	100,	DriftCentroid:	100
GracePeriod:,	200,	TieThreshold:,	0.05000000074505806,	BinarySplit:,	false,	
MaxSize:,	8,	Reset:,	false
Count,	Time,	TP,	FN,	TN,	FP,	Accu,	Kappa,	Kpa_t,	Mem,	Depth,	TSize,	DcNod,	ActLf,	InacLf,	Reset,	Alter,	Switch,	Prune,	ClOp0,	ClOp1,	ClOp2,	ClOp3
50000,	0.395,	11718,	13326,	15522,	9432,	54.48,	8.98,	8.5,	46,	4,	13,	6,	7,	0,	0,	0,	0,	6,	0,	0,	0,	0,	
100000,	0.801,	11426,	13581,	15757,	9236,	54.37,	8.74,	8.3,	25,	3,	7,	3,	4,	0,	0,	0,	0,	12,	0,	0,	0,	0,	
150000,	1.203,	24064,	25996,	30157,	19781,	53.96,	7.93,	8.72,	46,	4,	13,	6,	7,	0,	0,	0,	0,	16,	0,	0,	0,	0,	
200000,	1.602,	23194,	26894,	31202,	18710,	54.43,	8.9,	9.14,	46,	5,	13,	6,	7,	0,	0,	0,	0,	21,	0,	0,	0,	0,	
250000,	2.006,	36022,	39311,	44889,	29776,	53.38,	6.88,	6.84,	53,	4,	15,	7,	8,	0,	0,	0,	0,	27,	0,	0,	0,	0,	
300000,	2.453,	36029,	39309,	45595,	29067,	54.46,	8.98,	9.39,	25,	3,	7,	3,	4,	0,	0,	0,	0,	33,	0,	0,	0,	0,	
350000,	2.898,	48375,	51989,	59691,	39943,	54.31,	8.63,	9.2,	46,	4,	13,	6,	7,	0,	0,	0,	0,	40,	0,	0,	0,	0,	
400000,	3.335,	47426,	52815,	61194,	38564,	53.99,	7.93,	8.62,	53,	6,	15,	7,	8,	0,	0,	0,	0,	46,	0,	0,	0,	0,	
450000,	3.766,	60418,	65061,	75030,	49486,	54.77,	9.59,	9.26,	39,	5,	11,	5,	6,	0,	0,	0,	0,	55,	0,	0,	0,	0,	
500000,	4.16,	60200,	65158,	75921,	48717,	55.0,	10.04,	9.54,	46,	6,	13,	6,	7,	0,	0,	0,	0,	62,	0,	0,	0,	0,	
550000,	4.569,	72478,	78066,	90221,	59230,	54.5,	9.03,	9.33,	32,	4,	9,	4,	5,	0,	0,	0,	0,	69,	0,	0,	0,	0,	
600000,	4.981,	72186,	78211,	90960,	58639,	54.05,	8.12,	8.0,	18,	2,	5,	2,	3,	0,	0,	0,	0,	74,	0,	0,	0,	0,	
650000,	5.385,	84848,	90781,	104918,	69444,	54.14,	8.31,	8.03,	53,	5,	15,	7,	8,	0,	0,	0,	0,	78,	0,	0,	0,	0,	
700000,	5.796,	84283,	91182,	106172,	68359,	54.62,	9.27,	9.93,	25,	3,	7,	3,	4,	0,	0,	0,	0,	85,	0,	0,	0,	0,	
750000,	6.2,	97558,	103211,	119341,	79881,	54.27,	8.57,	8.73,	39,	4,	11,	5,	6,	0,	0,	0,	0,	90,	0,	0,	0,	0,	
800000,	6.618,	96135,	104416,	121480,	77961,	54.32,	8.69,	8.59,	53,	4,	15,	7,	8,	0,	0,	0,	0,	96,	0,	0,	0,	0,	
850000,	7.044,	109949,	115906,	134181,	89955,	54.46,	8.96,	8.59,	53,	5,	15,	7,	8,	0,	0,	0,	0,	101,	0,	0,	0,	0,	
900000,	7.459,	108125,	117566,	136505,	87795,	54.03,	8.13,	7.86,	46,	6,	13,	6,	7,	0,	0,	0,	0,	107,	0,	0,	0,	0,	
950000,	7.885,	121719,	129121,	149383,	99768,	53.94,	7.88,	8.17,	46,	5,	13,	6,	7,	0,	0,	0,	0,	116,	0,	0,	0,	0,	
1000000,	8.317,	119818,	130916,	151890,	97366,	54.16,	8.34,	8.25,	46,	4,	13,	6,	7,	0,	0,	0,	0,	121,	0,	0,	0,	0,	

1000000,	8.317,	241537,	260037,	301273,	197134,	54.28,	8.6,	8.65,	46,	4,	13,	6,	7,	0,	0,	0,	0,	121,	0,	0,	0,	0,	





ASHT-RandomRBF
Speed Change:,	0.01,	Centroids:,	100,	DriftCentroid:	100
GracePeriod:,	200,	TieThreshold:,	0.05000000074505806,	BinarySplit:,	false,	
MaxSize:,	16,	Reset:,	false
Count,	Time,	TP,	FN,	TN,	FP,	Accu,	Kappa,	Kpa_t,	Mem,	Depth,	TSize,	DcNod,	ActLf,	InacLf,	Reset,	Alter,	Switch,	Prune,	ClOp0,	ClOp1,	ClOp2,	ClOp3
50000,	0.404,	12160,	12884,	14945,	10009,	54.21,	8.44,	7.96,	81,	6,	23,	11,	12,	0,	0,	0,	0,	3,	0,	0,	0,	0,	
100000,	0.822,	11754,	13253,	15230,	9763,	53.97,	7.94,	7.5,	102,	8,	29,	14,	15,	0,	0,	0,	0,	5,	0,	0,	0,	0,	
150000,	1.22,	25141,	24918,	28982,	20955,	54.04,	8.08,	8.87,	88,	8,	25,	12,	13,	0,	0,	0,	0,	8,	0,	0,	0,	0,	
200000,	1.623,	24924,	25164,	28923,	20989,	53.73,	7.46,	7.74,	81,	7,	23,	11,	12,	0,	0,	0,	0,	14,	0,	0,	0,	0,	
250000,	2.035,	38205,	37127,	42556,	32108,	53.28,	6.58,	6.63,	95,	6,	27,	13,	14,	0,	0,	0,	0,	19,	0,	0,	0,	0,	
300000,	2.478,	38072,	37266,	42587,	32074,	53.62,	7.28,	7.74,	95,	7,	27,	13,	14,	0,	0,	0,	0,	21,	0,	0,	0,	0,	
350000,	2.904,	49680,	50683,	57592,	42041,	53.02,	6.06,	6.64,	88,	6,	25,	12,	13,	0,	0,	0,	0,	26,	0,	0,	0,	0,	
400000,	3.322,	49615,	50626,	57776,	41982,	53.46,	6.88,	7.57,	102,	7,	29,	14,	15,	0,	0,	0,	0,	29,	0,	0,	0,	0,	
450000,	3.754,	62291,	63189,	72057,	52459,	54.15,	8.34,	8.03,	60,	5,	17,	8,	9,	0,	0,	0,	0,	32,	0,	0,	0,	0,	
500000,	4.176,	62017,	63341,	72492,	52147,	54.24,	8.52,	8.0,	102,	8,	29,	14,	15,	0,	0,	0,	0,	34,	0,	0,	0,	0,	
550000,	4.626,	74592,	75953,	86777,	62673,	54.04,	8.11,	8.41,	67,	6,	19,	9,	10,	0,	0,	0,	0,	39,	0,	0,	0,	0,	
600000,	5.061,	74085,	76312,	87403,	62197,	53.96,	7.93,	7.81,	67,	6,	19,	9,	10,	0,	0,	0,	0,	43,	0,	0,	0,	0,	
650000,	5.452,	87480,	88153,	100840,	73521,	53.9,	7.82,	7.55,	53,	5,	15,	7,	8,	0,	0,	0,	0,	47,	0,	0,	0,	0,	
700000,	5.872,	87115,	88348,	101558,	72973,	54.37,	8.76,	9.44,	102,	7,	29,	14,	15,	0,	0,	0,	0,	50,	0,	0,	0,	0,	
750000,	6.282,	99914,	100858,	115232,	83988,	53.65,	7.35,	7.51,	109,	7,	31,	15,	16,	0,	0,	0,	0,	54,	0,	0,	0,	0,	
800000,	6.724,	99132,	101419,	116441,	83002,	53.8,	7.64,	7.54,	102,	8,	29,	14,	15,	0,	0,	0,	0,	58,	0,	0,	0,	0,	
850000,	7.185,	112601,	113257,	129559,	94574,	54.03,	8.08,	7.72,	95,	5,	27,	13,	14,	0,	0,	0,	0,	63,	0,	0,	0,	0,	
900000,	7.648,	111943,	113748,	130381,	93921,	53.5,	7.03,	6.81,	88,	5,	25,	12,	13,	0,	0,	0,	0,	66,	0,	0,	0,	0,	
950000,	8.082,	124023,	126820,	145074,	104073,	53.87,	7.74,	8.03,	88,	5,	25,	12,	13,	0,	0,	0,	0,	70,	0,	0,	0,	0,	
1000000,	8.497,	124122,	126607,	145145,	104113,	53.9,	7.81,	7.73,	109,	6,	31,	15,	16,	0,	0,	0,	0,	72,	0,	0,	0,	0,	

1000000,	8.497,	248145,	253427,	290219,	208186,	53.84,	7.7,	7.76,	109,	6,	31,	15,	16,	0,	0,	0,	0,	72,	0,	0,	0,	0,	





ASHT-RandomRBF
Speed Change:,	0.01,	Centroids:,	100,	DriftCentroid:	100
GracePeriod:,	200,	TieThreshold:,	0.05000000074505806,	BinarySplit:,	false,	
MaxSize:,	32,	Reset:,	false
Count,	Time,	TP,	FN,	TN,	FP,	Accu,	Kappa,	Kpa_t,	Mem,	Depth,	TSize,	DcNod,	ActLf,	InacLf,	Reset,	Alter,	Switch,	Prune,	ClOp0,	ClOp1,	ClOp2,	ClOp3
50000,	0.394,	12223,	12821,	14866,	10088,	54.18,	8.37,	7.9,	130,	9,	37,	18,	19,	0,	0,	0,	0,	0,	0,	0,	0,	0,	
100000,	0.804,	11702,	13305,	15084,	9909,	53.57,	7.15,	6.71,	151,	8,	43,	21,	22,	0,	0,	0,	0,	3,	0,	0,	0,	0,	
150000,	1.21,	24515,	25545,	29172,	20765,	53.2,	6.4,	7.2,	214,	9,	61,	30,	31,	0,	0,	0,	0,	4,	0,	0,	0,	0,	
200000,	1.63,	22489,	27598,	30854,	19057,	53.12,	6.29,	6.53,	221,	8,	63,	31,	32,	0,	0,	0,	0,	6,	0,	0,	0,	0,	
250000,	2.047,	37203,	38130,	42978,	31686,	52.99,	6.03,	6.05,	116,	6,	33,	16,	17,	0,	0,	0,	0,	9,	0,	0,	0,	0,	
300000,	2.447,	35338,	39999,	44822,	29839,	53.63,	7.32,	7.76,	179,	8,	51,	25,	26,	0,	0,	0,	0,	10,	0,	0,	0,	0,	
350000,	2.834,	49552,	50812,	57243,	42390,	53.23,	6.47,	7.05,	221,	9,	63,	31,	32,	0,	0,	0,	0,	11,	0,	0,	0,	0,	
400000,	3.236,	47695,	52544,	59203,	40554,	53.48,	6.93,	7.6,	123,	7,	35,	17,	18,	0,	0,	0,	0,	14,	0,	0,	0,	0,	
450000,	3.65,	61313,	64166,	72454,	52061,	53.95,	7.96,	7.62,	200,	8,	57,	28,	29,	0,	0,	0,	0,	15,	0,	0,	0,	0,	
500000,	4.091,	59864,	65493,	73678,	50960,	53.29,	6.62,	6.09,	214,	8,	61,	30,	31,	0,	0,	0,	0,	17,	0,	0,	0,	0,	
550000,	4.462,	74563,	75981,	86060,	63390,	53.71,	7.43,	7.76,	46,	6,	13,	6,	7,	0,	0,	0,	0,	19,	0,	0,	0,	0,	
600000,	4.872,	72894,	77502,	87726,	61873,	54.16,	8.32,	8.21,	172,	10,	49,	24,	25,	0,	0,	0,	0,	19,	0,	0,	0,	0,	
650000,	5.319,	86798,	88834,	100419,	73943,	53.19,	6.41,	6.12,	207,	9,	59,	29,	30,	0,	0,	0,	0,	23,	0,	0,	0,	0,	
700000,	5.715,	85619,	89838,	101800,	72729,	53.61,	7.24,	7.93,	179,	7,	51,	25,	26,	0,	0,	0,	0,	26,	0,	0,	0,	0,	
750000,	6.114,	99763,	101008,	114320,	84900,	53.73,	7.49,	7.67,	165,	8,	47,	23,	24,	0,	0,	0,	0,	27,	0,	0,	0,	0,	
800000,	6.501,	98392,	102153,	115789,	83652,	53.52,	7.07,	6.99,	109,	10,	31,	15,	16,	0,	0,	0,	0,	29,	0,	0,	0,	0,	
850000,	6.893,	112798,	113059,	127915,	96219,	53.26,	6.53,	6.17,	221,	11,	63,	31,	32,	0,	0,	0,	0,	30,	0,	0,	0,	0,	
900000,	7.311,	110664,	115012,	130243,	94057,	53.47,	6.99,	6.74,	165,	9,	47,	23,	24,	0,	0,	0,	0,	34,	0,	0,	0,	0,	
950000,	7.715,	124928,	125914,	142645,	106504,	53.72,	7.43,	7.73,	207,	8,	59,	29,	30,	0,	0,	0,	0,	36,	0,	0,	0,	0,	
1000000,	8.118,	122753,	127965,	144923,	104333,	53.54,	7.1,	7.02,	179,	7,	51,	25,	26,	0,	0,	0,	0,	39,	0,	0,	0,	0,	

1000000,	8.118,	247681,	253879,	287568,	210837,	53.53,	7.08,	7.14,	179,	7,	51,	25,	26,	0,	0,	0,	0,	39,	0,	0,	0,	0,	





ASHT-RandomRBF
Speed Change:,	0.01,	Centroids:,	100,	DriftCentroid:	100
GracePeriod:,	200,	TieThreshold:,	0.05000000074505806,	BinarySplit:,	false,	
MaxSize:,	64,	Reset:,	false
Count,	Time,	TP,	FN,	TN,	FP,	Accu,	Kappa,	Kpa_t,	Mem,	Depth,	TSize,	DcNod,	ActLf,	InacLf,	Reset,	Alter,	Switch,	Prune,	ClOp0,	ClOp1,	ClOp2,	ClOp3
50000,	0.443,	12223,	12821,	14866,	10088,	54.18,	8.37,	7.9,	130,	9,	37,	18,	19,	0,	0,	0,	0,	0,	0,	0,	0,	0,	
100000,	0.838,	11768,	13239,	15043,	9950,	53.62,	7.25,	6.81,	256,	11,	73,	36,	37,	0,	0,	0,	0,	0,	0,	0,	0,	0,	
150000,	1.245,	23936,	26124,	29750,	20187,	53.19,	6.4,	7.2,	368,	13,	105,	52,	53,	0,	0,	0,	0,	0,	0,	0,	0,	0,	
200000,	1.642,	23779,	26309,	29477,	20435,	52.89,	5.81,	6.08,	333,	11,	95,	47,	48,	0,	0,	0,	0,	3,	0,	0,	0,	0,	
250000,	2.022,	36754,	38579,	43378,	31286,	52.89,	5.83,	5.86,	165,	7,	47,	23,	24,	0,	0,	0,	0,	4,	0,	0,	0,	0,	
300000,	2.41,	36796,	38542,	42830,	31832,	52.74,	5.5,	5.98,	284,	9,	81,	40,	41,	0,	0,	0,	0,	4,	0,	0,	0,	0,	
350000,	2.795,	48706,	51658,	57858,	41775,	52.86,	5.74,	6.33,	431,	11,	123,	61,	62,	0,	0,	0,	0,	4,	0,	0,	0,	0,	
400000,	3.179,	48430,	51810,	57906,	41852,	53.42,	6.8,	7.49,	340,	9,	97,	48,	49,	0,	0,	0,	0,	6,	0,	0,	0,	0,	
450000,	3.58,	60112,	65369,	72931,	51585,	52.96,	5.98,	5.63,	445,	10,	127,	63,	64,	0,	0,	0,	0,	7,	0,	0,	0,	0,	
500000,	3.97,	60876,	64480,	72385,	52255,	53.85,	7.75,	7.23,	361,	10,	103,	51,	52,	0,	0,	0,	0,	8,	0,	0,	0,	0,	
550000,	4.34,	72368,	78174,	87192,	62258,	53.04,	6.1,	6.42,	242,	10,	69,	34,	35,	0,	0,	0,	0,	9,	0,	0,	0,	0,	
600000,	4.717,	73859,	76533,	86132,	63468,	53.47,	6.94,	6.83,	361,	12,	103,	51,	52,	0,	0,	0,	0,	9,	0,	0,	0,	0,	
650000,	5.103,	85432,	90198,	100671,	73691,	53.09,	6.18,	5.92,	396,	12,	113,	56,	57,	0,	0,	0,	0,	10,	0,	0,	0,	0,	
700000,	5.491,	86936,	88524,	99913,	74619,	53.72,	7.44,	8.14,	305,	11,	87,	43,	44,	0,	0,	0,	0,	12,	0,	0,	0,	0,	
750000,	5.884,	97287,	103483,	115401,	83821,	53.17,	6.4,	6.54,	431,	12,	123,	61,	62,	0,	0,	0,	0,	12,	0,	0,	0,	0,	
800000,	6.301,	98625,	101923,	114934,	84510,	53.42,	6.88,	6.78,	165,	10,	47,	23,	24,	0,	0,	0,	0,	13,	0,	0,	0,	0,	
850000,	6.685,	109033,	116820,	130247,	93887,	53.19,	6.42,	6.03,	263,	13,	75,	37,	38,	0,	0,	0,	0,	13,	0,	0,	0,	0,	
900000,	7.089,	111235,	114453,	128945,	95359,	53.24,	6.52,	6.29,	445,	14,	127,	63,	64,	0,	0,	0,	0,	13,	0,	0,	0,	0,	
950000,	7.483,	121752,	129084,	143868,	105280,	52.68,	5.37,	5.66,	438,	11,	125,	62,	63,	0,	0,	0,	0,	17,	0,	0,	0,	0,	
1000000,	7.852,	122694,	128037,	144136,	105125,	53.3,	6.62,	6.54,	424,	11,	121,	60,	61,	0,	0,	0,	0,	18,	0,	0,	0,	0,	

1000000,	7.852,	244446,	257121,	288004,	210405,	53.25,	6.52,	6.58,	424,	11,	121,	60,	61,	0,	0,	0,	0,	18,	0,	0,	0,	0,	





ASHT-RandomRBF
Speed Change:,	0.01,	Centroids:,	100,	DriftCentroid:	100
GracePeriod:,	200,	TieThreshold:,	0.05000000074505806,	BinarySplit:,	false,	
MaxSize:,	128,	Reset:,	false
Count,	Time,	TP,	FN,	TN,	FP,	Accu,	Kappa,	Kpa_t,	Mem,	Depth,	TSize,	DcNod,	ActLf,	InacLf,	Reset,	Alter,	Switch,	Prune,	ClOp0,	ClOp1,	ClOp2,	ClOp3
50000,	0.417,	12223,	12821,	14866,	10088,	54.18,	8.37,	7.9,	130,	9,	37,	18,	19,	0,	0,	0,	0,	0,	0,	0,	0,	0,	
100000,	0.805,	11768,	13239,	15043,	9950,	53.62,	7.25,	6.81,	256,	11,	73,	36,	37,	0,	0,	0,	0,	0,	0,	0,	0,	0,	
150000,	1.195,	23936,	26124,	29750,	20187,	53.19,	6.4,	7.2,	368,	13,	105,	52,	53,	0,	0,	0,	0,	0,	0,	0,	0,	0,	
200000,	1.602,	23744,	26344,	29532,	20380,	52.93,	5.89,	6.16,	508,	14,	145,	72,	73,	0,	0,	0,	0,	0,	0,	0,	0,	0,	
250000,	1.985,	36862,	38471,	43271,	31392,	52.89,	5.82,	5.87,	620,	15,	177,	88,	89,	0,	0,	0,	0,	0,	0,	0,	0,	0,	
300000,	2.392,	36640,	38698,	43203,	31459,	53.13,	6.31,	6.76,	760,	15,	217,	108,	109,	0,	0,	0,	0,	0,	0,	0,	0,	0,	
350000,	2.79,	49086,	51278,	57506,	42126,	52.92,	5.85,	6.43,	837,	15,	239,	119,	120,	0,	0,	0,	0,	0,	0,	0,	0,	0,	
400000,	3.174,	48742,	51499,	57752,	42007,	53.3,	6.57,	7.25,	893,	14,	255,	127,	128,	0,	0,	0,	0,	2,	0,	0,	0,	0,	
450000,	3.572,	61295,	64185,	71918,	52596,	53.24,	6.53,	6.21,	746,	13,	213,	106,	107,	0,	0,	0,	0,	3,	0,	0,	0,	0,	
500000,	3.96,	61294,	64065,	71990,	52651,	53.58,	7.19,	6.67,	585,	13,	167,	83,	84,	0,	0,	0,	0,	4,	0,	0,	0,	0,	
550000,	4.376,	73938,	76607,	85957,	63492,	53.36,	6.74,	7.06,	725,	13,	207,	103,	104,	0,	0,	0,	0,	4,	0,	0,	0,	0,	
600000,	4.764,	73860,	76538,	85796,	63805,	52.74,	5.5,	5.38,	879,	14,	251,	125,	126,	0,	0,	0,	0,	4,	0,	0,	0,	0,	
650000,	5.13,	85638,	89993,	100627,	73732,	52.74,	5.53,	5.23,	858,	13,	245,	122,	123,	0,	0,	0,	0,	5,	0,	0,	0,	0,	
700000,	5.505,	85940,	89526,	100433,	74100,	53.43,	6.89,	7.58,	655,	12,	187,	93,	94,	0,	0,	0,	0,	6,	0,	0,	0,	0,	
750000,	5.891,	97687,	103084,	115179,	84040,	53.2,	6.46,	6.61,	837,	13,	239,	119,	120,	0,	0,	0,	0,	6,	0,	0,	0,	0,	
800000,	6.263,	98952,	101602,	114286,	85159,	53.73,	7.47,	7.4,	333,	10,	95,	47,	48,	0,	0,	0,	0,	7,	0,	0,	0,	0,	
850000,	6.656,	110533,	115321,	128745,	95387,	52.83,	5.67,	5.31,	473,	11,	135,	67,	68,	0,	0,	0,	0,	7,	0,	0,	0,	0,	
900000,	7.066,	111664,	114030,	128028,	96277,	52.91,	5.84,	5.62,	606,	12,	173,	86,	87,	0,	0,	0,	0,	7,	0,	0,	0,	0,	
950000,	7.475,	123030,	127809,	142610,	106536,	52.72,	5.44,	5.74,	725,	13,	207,	103,	104,	0,	0,	0,	0,	7,	0,	0,	0,	0,	
1000000,	7.873,	123743,	126994,	142595,	106666,	53.29,	6.6,	6.52,	844,	13,	241,	120,	121,	0,	0,	0,	0,	7,	0,	0,	0,	0,	

1000000,	7.873,	246773,	254803,	285205,	213202,	53.2,	6.42,	6.49,	844,	13,	241,	120,	121,	0,	0,	0,	0,	7,	0,	0,	0,	0,	





