ASHT-ProcessRBF
Speed Change:,	0.01,	Centroids:,	100,	DriftCentroid:	100
GracePeriod:,	200,	TieThreshold:,	0.05000000074505806,	BinarySplit:,	false,	
MaxSize:,	1,	Reset:,	true
Count,	Time,	TP,	FN,	TN,	FP,	Accu,	Kappa,	Kpa_t,	Mem,	Depth,	TSize,	DcNod,	ActLf,	InacLf,	Reset,	Alter,	Switch,	Prune,	ClOp0,	ClOp1,	ClOp2,	ClOp3
50000,	7.559,	9671,	11444,	23769,	5089,	66.9,	29.34,	32.13,	4,	0,	1,	0,	1,	0,	14,	0,	0,	0,	0,	0,	0,	0,	
100000,	13.38,	9922,	11326,	23591,	5133,	67.05,	29.95,	32.67,	4,	0,	1,	0,	1,	0,	29,	0,	0,	0,	0,	0,	0,	0,	
150000,	18.486,	19428,	22845,	47747,	9930,	67.49,	30.55,	32.51,	4,	0,	1,	0,	1,	0,	44,	0,	0,	0,	0,	0,	0,	0,	
200000,	23.013,	19669,	22752,	47249,	10281,	66.82,	29.29,	31.47,	4,	0,	1,	0,	1,	0,	58,	0,	0,	0,	0,	0,	0,	0,	
250000,	27.037,	29367,	34245,	71163,	15151,	66.73,	29.41,	32.28,	4,	0,	1,	0,	1,	0,	73,	0,	0,	0,	0,	0,	0,	0,	
300000,	30.478,	29319,	34188,	71228,	15188,	67.28,	30.02,	32.72,	4,	0,	1,	0,	1,	0,	88,	0,	0,	0,	0,	0,	0,	0,	
350000,	33.316,	39065,	45779,	95016,	20035,	67.14,	29.9,	32.76,	4,	0,	1,	0,	1,	0,	102,	0,	0,	0,	0,	0,	0,	0,	
400000,	35.625,	39634,	45168,	94595,	20503,	67.38,	30.94,	33.46,	4,	0,	1,	0,	1,	0,	117,	0,	0,	0,	0,	0,	0,	0,	
450000,	37.364,	48428,	57469,	119114,	24856,	66.95,	29.08,	32.91,	4,	0,	1,	0,	1,	0,	132,	0,	0,	0,	0,	0,	0,	0,	
500000,	38.457,	49648,	56451,	118031,	25747,	66.92,	29.8,	32.15,	4,	0,	1,	0,	1,	0,	147,	0,	0,	0,	0,	0,	0,	0,	
550000,	39.934,	57905,	69134,	142892,	29913,	66.53,	28.45,	31.59,	4,	0,	1,	0,	1,	0,	161,	0,	0,	0,	0,	0,	0,	0,	
600000,	46.254,	59301,	67995,	141779,	30764,	66.85,	29.29,	31.96,	4,	0,	1,	0,	1,	0,	176,	0,	0,	0,	0,	0,	0,	0,	
650000,	51.984,	67958,	80338,	166271,	35245,	66.9,	29.78,	32.45,	4,	0,	1,	0,	1,	0,	191,	0,	0,	0,	0,	0,	0,	0,	
700000,	57.126,	69095,	79455,	165307,	35959,	66.66,	29.09,	31.7,	4,	0,	1,	0,	1,	0,	205,	0,	0,	0,	0,	0,	0,	0,	
750000,	61.72,	77472,	91986,	190028,	40304,	66.56,	28.56,	30.62,	4,	0,	1,	0,	1,	0,	220,	0,	0,	0,	0,	0,	0,	0,	
800000,	65.705,	78991,	90720,	189076,	41007,	67.34,	30.41,	33.21,	4,	0,	1,	0,	1,	0,	235,	0,	0,	0,	0,	0,	0,	0,	
850000,	69.114,	86867,	103924,	213898,	45083,	66.54,	28.55,	32.09,	1,	0,	0,	0,	0,	0,	250,	0,	0,	0,	0,	0,	0,	0,	
900000,	71.956,	88936,	101996,	212400,	46436,	66.56,	29.01,	31.61,	4,	0,	1,	0,	1,	0,	264,	0,	0,	0,	0,	0,	0,	0,	
950000,	74.273,	96604,	115326,	237834,	49986,	67.36,	30.28,	32.38,	4,	0,	1,	0,	1,	0,	279,	0,	0,	0,	0,	0,	0,	0,	
1000000,	76.023,	98639,	113521,	236105,	51481,	66.83,	29.3,	32.34,	4,	0,	1,	0,	1,	0,	294,	0,	0,	0,	0,	0,	0,	0,	

1000000,	76.023,	195243,	228847,	473939,	101467,	66.94,	29.55,	32.25,	4,	0,	1,	0,	1,	0,	294,	0,	0,	0,	0,	0,	0,	0,	
Pool,	TP,	FN,	TN,	FP
1,	4034,	3943,	5467,	4707,	
2,	5209,	24276,	25628,	17583,	
3,	26221,	29910,	84254,	23183,	
4,	67649,	75789,	129990,	17521,	
5,	92130,	94929,	228600,	38473,	





ASHT-ProcessRBF
Speed Change:,	0.01,	Centroids:,	100,	DriftCentroid:	100
GracePeriod:,	200,	TieThreshold:,	0.05000000074505806,	BinarySplit:,	false,	
MaxSize:,	2,	Reset:,	true
Count,	Time,	TP,	FN,	TN,	FP,	Accu,	Kappa,	Kpa_t,	Mem,	Depth,	TSize,	DcNod,	ActLf,	InacLf,	Reset,	Alter,	Switch,	Prune,	ClOp0,	ClOp1,	ClOp2,	ClOp3
50000,	7.415,	15803,	7537,	18359,	8278,	68.35,	36.55,	36.47,	11,	1,	3,	1,	2,	0,	9,	0,	0,	0,	0,	0,	0,	0,	
100000,	13.138,	16035,	7631,	18172,	8145,	68.43,	36.76,	36.37,	11,	1,	3,	1,	2,	0,	17,	0,	0,	0,	0,	0,	0,	0,	
150000,	18.297,	31586,	15365,	36524,	16483,	67.92,	35.69,	36.01,	11,	1,	3,	1,	2,	0,	26,	0,	0,	0,	0,	0,	0,	0,	
200000,	22.863,	31995,	15369,	36393,	16203,	68.39,	36.65,	36.26,	4,	0,	1,	0,	1,	0,	35,	0,	0,	0,	0,	0,	0,	0,	
250000,	26.894,	47174,	23242,	54997,	24532,	68.13,	36.05,	36.08,	11,	1,	3,	1,	2,	0,	43,	0,	0,	0,	0,	0,	0,	0,	
300000,	30.412,	47917,	23012,	54662,	24353,	68.4,	36.66,	36.44,	4,	0,	1,	0,	1,	0,	52,	0,	0,	0,	0,	0,	0,	0,	
350000,	33.3,	63091,	30810,	72930,	33098,	67.71,	35.35,	35.3,	11,	1,	3,	1,	2,	0,	61,	0,	0,	0,	0,	0,	0,	0,	
400000,	35.688,	63895,	30645,	72724,	32662,	68.1,	36.1,	36.43,	4,	0,	1,	0,	1,	0,	70,	0,	0,	0,	0,	0,	0,	0,	
450000,	37.462,	79274,	38215,	90871,	41554,	68.26,	36.47,	35.81,	4,	0,	1,	0,	1,	0,	79,	0,	0,	0,	0,	0,	0,	0,	
500000,	38.599,	79938,	38334,	90906,	40734,	68.46,	36.81,	36.53,	4,	0,	1,	0,	1,	0,	87,	0,	0,	0,	0,	0,	0,	0,	
550000,	40.161,	94897,	46132,	109093,	49770,	67.71,	35.26,	34.93,	4,	0,	1,	0,	1,	0,	97,	0,	0,	0,	0,	0,	0,	0,	
600000,	46.469,	95868,	45979,	108862,	49189,	67.78,	35.48,	35.36,	11,	1,	3,	1,	2,	0,	105,	0,	0,	0,	0,	0,	0,	0,	
650000,	52.535,	110518,	54112,	127322,	57924,	67.71,	35.25,	35.44,	4,	0,	1,	0,	1,	0,	114,	0,	0,	0,	0,	0,	0,	0,	
700000,	57.666,	112068,	53428,	126835,	57553,	68.36,	36.65,	36.85,	4,	0,	1,	0,	1,	0,	123,	0,	0,	0,	0,	0,	0,	0,	
750000,	62.238,	126251,	62012,	145529,	66072,	67.89,	35.62,	35.65,	11,	1,	3,	1,	2,	0,	131,	0,	0,	0,	0,	0,	0,	0,	
800000,	66.216,	127720,	61284,	145238,	65621,	68.13,	36.08,	36.47,	4,	0,	1,	0,	1,	0,	140,	0,	0,	0,	0,	0,	0,	0,	
850000,	69.867,	141560,	70145,	163800,	74346,	67.17,	34.11,	34.22,	11,	1,	3,	1,	2,	0,	148,	0,	0,	0,	0,	0,	0,	0,	
900000,	72.805,	143791,	68765,	162965,	74330,	67.6,	35.17,	34.71,	11,	1,	3,	1,	2,	0,	157,	0,	0,	0,	0,	0,	0,	0,	
950000,	75.062,	157772,	77560,	181588,	82910,	68.02,	36.02,	36.11,	4,	0,	1,	0,	1,	0,	166,	0,	0,	0,	0,	0,	0,	0,	
1000000,	76.734,	159220,	76685,	181561,	82369,	68.07,	35.88,	35.48,	11,	1,	3,	1,	2,	0,	174,	0,	0,	0,	0,	0,	0,	0,	

1000000,	76.734,	316992,	154245,	363149,	165279,	68.03,	35.93,	35.85,	11,	1,	3,	1,	2,	0,	174,	0,	0,	0,	0,	0,	0,	0,	
Pool,	TP,	FN,	TN,	FP
1,	2341,	6143,	4143,	5626,	
2,	23649,	16859,	20379,	11915,	
3,	48404,	45497,	48485,	21054,	
4,	56344,	9390,	164853,	60260,	
5,	186254,	76356,	125289,	66424,	





ASHT-ProcessRBF
Speed Change:,	0.01,	Centroids:,	100,	DriftCentroid:	100
GracePeriod:,	200,	TieThreshold:,	0.05000000074505806,	BinarySplit:,	false,	
MaxSize:,	4,	Reset:,	true
Count,	Time,	TP,	FN,	TN,	FP,	Accu,	Kappa,	Kpa_t,	Mem,	Depth,	TSize,	DcNod,	ActLf,	InacLf,	Reset,	Alter,	Switch,	Prune,	ClOp0,	ClOp1,	ClOp2,	ClOp3
50000,	7.646,	12508,	8960,	22792,	5734,	70.6,	38.87,	40.35,	4,	0,	1,	0,	1,	0,	4,	0,	0,	0,	0,	0,	0,	0,	
100000,	14.216,	12596,	8843,	23459,	5096,	72.11,	41.81,	42.86,	4,	0,	1,	0,	1,	0,	8,	0,	0,	0,	0,	0,	0,	0,	
150000,	19.415,	24008,	18823,	46202,	10950,	69.83,	36.62,	38.33,	25,	3,	7,	3,	4,	0,	12,	0,	0,	0,	0,	0,	0,	0,	
200000,	24.009,	24729,	17890,	46983,	10387,	71.32,	39.85,	41.63,	25,	3,	7,	3,	4,	0,	16,	0,	0,	0,	0,	0,	0,	0,	
250000,	27.996,	36702,	27617,	69141,	16515,	71.27,	40.29,	40.9,	4,	0,	1,	0,	1,	0,	21,	0,	0,	0,	0,	0,	0,	0,	
300000,	31.272,	36384,	27765,	70388,	15445,	70.13,	37.38,	39.56,	18,	2,	5,	2,	3,	0,	25,	0,	0,	0,	0,	0,	0,	0,	
350000,	34.001,	48880,	36988,	92288,	21813,	70.65,	38.77,	40.18,	18,	2,	5,	2,	3,	0,	29,	0,	0,	0,	0,	0,	0,	0,	
400000,	36.203,	48264,	37246,	93966,	20501,	70.92,	38.97,	40.44,	4,	0,	1,	0,	1,	0,	33,	0,	0,	0,	0,	0,	0,	0,	
450000,	37.866,	60534,	46764,	115698,	26965,	70.14,	37.35,	39.19,	18,	2,	5,	2,	3,	0,	37,	0,	0,	0,	0,	0,	0,	0,	
500000,	38.929,	60611,	46299,	117036,	26024,	70.84,	39.19,	40.26,	11,	1,	3,	1,	2,	0,	41,	0,	0,	0,	0,	0,	0,	0,	
550000,	40.32,	72860,	55941,	138737,	32416,	70.74,	39.01,	40.14,	18,	2,	5,	2,	3,	0,	45,	0,	0,	0,	0,	0,	0,	0,	
600000,	46.333,	72576,	55713,	140037,	31638,	69.94,	37.17,	38.94,	18,	2,	5,	2,	3,	0,	49,	0,	0,	0,	0,	0,	0,	0,	
650000,	51.897,	84574,	65470,	162261,	37641,	70.48,	37.96,	39.82,	4,	0,	1,	0,	1,	0,	54,	0,	0,	0,	0,	0,	0,	0,	
700000,	56.801,	84939,	64912,	162963,	37145,	70.58,	38.76,	40.45,	4,	0,	1,	0,	1,	0,	58,	0,	0,	0,	0,	0,	0,	0,	
750000,	61.176,	96782,	74643,	185411,	43105,	70.72,	38.84,	40.04,	4,	0,	1,	0,	1,	0,	62,	0,	0,	0,	0,	0,	0,	0,	
800000,	65.559,	96863,	74343,	186084,	42664,	70.09,	37.43,	38.92,	11,	1,	3,	1,	2,	0,	66,	0,	0,	0,	0,	0,	0,	0,	
850000,	69.258,	109705,	83270,	208015,	48937,	71.07,	40.09,	40.95,	18,	2,	5,	2,	3,	0,	70,	0,	0,	0,	0,	0,	0,	0,	
900000,	72.016,	109242,	83301,	209179,	48227,	70.95,	39.4,	40.35,	25,	2,	7,	3,	4,	0,	74,	0,	0,	0,	0,	0,	0,	0,	
950000,	74.307,	122472,	92057,	230919,	54470,	71.35,	40.51,	42.29,	18,	2,	5,	2,	3,	0,	78,	0,	0,	0,	0,	0,	0,	0,	
1000000,	76.045,	121959,	92077,	232195,	53710,	71.47,	40.69,	42.26,	18,	2,	5,	2,	3,	0,	82,	0,	0,	0,	0,	0,	0,	0,	

1000000,	76.045,	244431,	184134,	463114,	108180,	70.76,	38.95,	40.39,	18,	2,	5,	2,	3,	0,	82,	0,	0,	0,	0,	0,	0,	0,	
Pool,	TP,	FN,	TN,	FP
1,	1773,	4837,	7402,	4182,	
2,	16966,	26523,	21801,	7372,	
3,	35171,	45409,	63828,	19211,	
4,	41194,	56319,	170742,	22593,	
5,	149327,	51046,	199341,	54822,	





ASHT-ProcessRBF
Speed Change:,	0.01,	Centroids:,	100,	DriftCentroid:	100
GracePeriod:,	200,	TieThreshold:,	0.05000000074505806,	BinarySplit:,	false,	
MaxSize:,	8,	Reset:,	true
Count,	Time,	TP,	FN,	TN,	FP,	Accu,	Kappa,	Kpa_t,	Mem,	Depth,	TSize,	DcNod,	ActLf,	InacLf,	Reset,	Alter,	Switch,	Prune,	ClOp0,	ClOp1,	ClOp2,	ClOp3
50000,	7.848,	15621,	6266,	22387,	5722,	76.02,	51.15,	51.27,	18,	2,	5,	2,	3,	0,	2,	0,	0,	0,	0,	0,	0,	0,	
100000,	13.757,	15829,	6016,	22529,	5623,	76.72,	52.59,	52.91,	32,	3,	9,	4,	5,	0,	4,	0,	0,	0,	0,	0,	0,	0,	
150000,	19.213,	31470,	12303,	45089,	11132,	77.1,	53.33,	53.73,	53,	4,	15,	7,	8,	0,	6,	0,	0,	0,	0,	0,	0,	0,	
200000,	23.888,	31302,	12323,	45596,	10772,	77.08,	53.11,	53.62,	4,	0,	1,	0,	1,	0,	9,	0,	0,	0,	0,	0,	0,	0,	
250000,	27.96,	47031,	18766,	67594,	16600,	76.13,	51.35,	51.4,	39,	3,	11,	5,	6,	0,	11,	0,	0,	0,	0,	0,	0,	0,	
300000,	31.418,	46907,	18472,	68600,	16011,	77.22,	53.44,	54.11,	46,	3,	13,	6,	7,	0,	13,	0,	0,	0,	0,	0,	0,	0,	
350000,	34.171,	62216,	25329,	90510,	21932,	76.2,	51.27,	52.02,	4,	0,	1,	0,	1,	0,	16,	0,	0,	0,	0,	0,	0,	0,	
400000,	36.4,	62445,	24820,	91144,	21579,	76.16,	51.39,	51.38,	11,	1,	3,	1,	2,	0,	18,	0,	0,	0,	0,	0,	0,	0,	
450000,	38.122,	77467,	31714,	113800,	27004,	77.08,	52.98,	53.57,	32,	3,	9,	4,	5,	0,	20,	0,	0,	0,	0,	0,	0,	0,	
500000,	39.2,	77740,	31269,	114222,	26755,	76.75,	52.37,	52.93,	32,	3,	9,	4,	5,	0,	22,	0,	0,	0,	0,	0,	0,	0,	
550000,	40.672,	93213,	37837,	136698,	32235,	77.29,	53.64,	53.47,	53,	5,	15,	7,	8,	0,	24,	0,	0,	0,	0,	0,	0,	0,	
600000,	47.056,	93229,	37459,	136586,	32705,	75.71,	50.49,	50.66,	18,	2,	5,	2,	3,	0,	27,	0,	0,	0,	0,	0,	0,	0,	
650000,	52.845,	108636,	44090,	159789,	37466,	77.03,	52.97,	53.53,	25,	2,	7,	3,	4,	0,	29,	0,	0,	0,	0,	0,	0,	0,	
700000,	58.021,	108525,	43843,	159827,	37781,	77.08,	53.0,	53.07,	39,	3,	11,	5,	6,	0,	31,	0,	0,	0,	0,	0,	0,	0,	
750000,	62.607,	123793,	50444,	182733,	43005,	76.21,	51.25,	51.45,	11,	1,	3,	1,	2,	0,	34,	0,	0,	0,	0,	0,	0,	0,	
800000,	66.625,	123868,	50180,	182590,	43332,	76.22,	51.38,	51.59,	18,	2,	5,	2,	3,	0,	36,	0,	0,	0,	0,	0,	0,	0,	
850000,	70.082,	139605,	56406,	205694,	48268,	77.55,	54.16,	54.47,	32,	3,	9,	4,	5,	0,	38,	0,	0,	0,	0,	0,	0,	0,	
900000,	73.017,	139066,	56578,	205587,	48735,	76.39,	51.63,	51.88,	18,	2,	5,	2,	3,	0,	41,	0,	0,	0,	0,	0,	0,	0,	
950000,	75.331,	154855,	62772,	228888,	53455,	76.89,	52.61,	52.75,	25,	2,	7,	3,	4,	0,	43,	0,	0,	0,	0,	0,	0,	0,	
1000000,	77.141,	154441,	62788,	228620,	54114,	76.82,	52.54,	52.77,	53,	4,	15,	7,	8,	0,	45,	0,	0,	0,	0,	0,	0,	0,	

1000000,	77.141,	309296,	125560,	457508,	107569,	76.68,	52.33,	52.63,	53,	4,	15,	7,	8,	0,	45,	0,	0,	0,	0,	0,	0,	0,	
Pool,	TP,	FN,	TN,	FP
1,	3283,	5427,	6366,	3115,	
2,	24091,	22105,	19041,	7446,	
3,	18186,	21372,	80526,	43408,	
4,	133450,	22658,	111766,	23129,	
5,	130286,	53998,	239809,	30471,	





ASHT-ProcessRBF
Speed Change:,	0.01,	Centroids:,	100,	DriftCentroid:	100
GracePeriod:,	200,	TieThreshold:,	0.05000000074505806,	BinarySplit:,	false,	
MaxSize:,	16,	Reset:,	true
Count,	Time,	TP,	FN,	TN,	FP,	Accu,	Kappa,	Kpa_t,	Mem,	Depth,	TSize,	DcNod,	ActLf,	InacLf,	Reset,	Alter,	Switch,	Prune,	ClOp0,	ClOp1,	ClOp2,	ClOp3
50000,	7.355,	26765,	4253,	10688,	8291,	74.91,	44.43,	46.98,	25,	3,	7,	3,	4,	0,	1,	0,	0,	0,	0,	0,	0,	0,	
100000,	13.152,	26951,	4275,	11896,	6877,	77.69,	51.09,	52.31,	39,	3,	11,	5,	6,	0,	2,	0,	0,	0,	0,	0,	0,	0,	
150000,	18.303,	53196,	8954,	23489,	14354,	78.47,	53.52,	54.0,	81,	4,	23,	11,	12,	0,	3,	0,	0,	0,	0,	0,	0,	0,	
200000,	23.038,	53981,	8667,	24367,	12979,	79.01,	54.19,	55.3,	81,	4,	23,	11,	12,	0,	4,	0,	0,	0,	0,	0,	0,	0,	
250000,	27.126,	80962,	12679,	35273,	21074,	79.11,	53.64,	55.24,	102,	6,	29,	14,	15,	0,	5,	0,	0,	0,	0,	0,	0,	0,	
300000,	30.628,	81368,	12596,	36655,	19369,	79.36,	54.69,	55.87,	88,	6,	25,	12,	13,	0,	6,	0,	0,	0,	0,	0,	0,	0,	
350000,	33.896,	108179,	16779,	47421,	27607,	78.73,	53.34,	54.14,	109,	6,	31,	15,	16,	0,	7,	0,	0,	0,	0,	0,	0,	0,	
400000,	36.29,	108659,	16567,	47836,	26922,	76.95,	48.85,	50.56,	25,	2,	7,	3,	4,	0,	9,	0,	0,	0,	0,	0,	0,	0,	
450000,	38.11,	134422,	21807,	59460,	34291,	76.57,	49.09,	50.2,	25,	3,	7,	3,	4,	0,	10,	0,	0,	0,	0,	0,	0,	0,	
500000,	39.296,	135925,	20742,	58972,	34344,	76.8,	48.46,	50.48,	67,	4,	19,	9,	10,	0,	11,	0,	0,	0,	0,	0,	0,	0,	
550000,	40.771,	161681,	25892,	71361,	41042,	78.33,	52.28,	53.84,	88,	5,	25,	12,	13,	0,	12,	0,	0,	0,	0,	0,	0,	0,	
600000,	47.307,	162859,	25252,	71221,	40650,	78.37,	52.71,	53.32,	88,	6,	25,	12,	13,	0,	13,	0,	0,	0,	0,	0,	0,	0,	
650000,	54.011,	188607,	30180,	83279,	47903,	77.7,	51.12,	52.45,	4,	0,	1,	0,	1,	0,	15,	0,	0,	0,	0,	0,	0,	0,	
700000,	59.787,	189561,	29813,	83414,	47188,	77.8,	51.6,	52.84,	39,	4,	11,	5,	6,	0,	16,	0,	0,	0,	0,	0,	0,	0,	
750000,	64.562,	215304,	34429,	95285,	54949,	77.41,	50.71,	52.04,	88,	5,	25,	12,	13,	0,	17,	0,	0,	0,	0,	0,	0,	0,	
800000,	68.673,	216645,	34086,	95824,	53413,	79.0,	54.11,	54.8,	4,	0,	1,	0,	1,	0,	19,	0,	0,	0,	0,	0,	0,	0,	
850000,	72.159,	241907,	38955,	106507,	62596,	75.65,	46.44,	48.23,	46,	4,	13,	6,	7,	0,	20,	0,	0,	0,	0,	0,	0,	0,	
900000,	74.99,	243710,	38315,	108170,	59772,	78.82,	53.72,	54.64,	81,	5,	23,	11,	12,	0,	21,	0,	0,	0,	0,	0,	0,	0,	
950000,	77.196,	268704,	43305,	118734,	69221,	78.05,	52.13,	53.3,	88,	5,	25,	12,	13,	0,	22,	0,	0,	0,	0,	0,	0,	0,	
1000000,	78.835,	270318,	42877,	119929,	66838,	76.74,	49.12,	50.18,	4,	0,	1,	0,	1,	0,	24,	0,	0,	0,	0,	0,	0,	0,	

1000000,	78.835,	539022,	86182,	238663,	136059,	77.77,	51.27,	52.53,	4,	0,	1,	0,	1,	0,	24,	0,	0,	0,	0,	0,	0,	0,	
Pool,	TP,	FN,	TN,	FP
1,	5365,	2059,	4896,	5806,	
2,	30934,	10593,	12576,	18613,	
3,	44405,	14589,	58982,	45775,	
4,	191054,	38400,	39446,	21816,	
5,	267264,	20541,	122763,	44049,	





ASHT-ProcessRBF
Speed Change:,	0.01,	Centroids:,	100,	DriftCentroid:	100
GracePeriod:,	200,	TieThreshold:,	0.05000000074505806,	BinarySplit:,	false,	
MaxSize:,	32,	Reset:,	true
Count,	Time,	TP,	FN,	TN,	FP,	Accu,	Kappa,	Kpa_t,	Mem,	Depth,	TSize,	DcNod,	ActLf,	InacLf,	Reset,	Alter,	Switch,	Prune,	ClOp0,	ClOp1,	ClOp2,	ClOp3
50000,	7.533,	15699,	5923,	23085,	5291,	77.57,	54.15,	54.04,	172,	8,	49,	24,	25,	0,	0,	0,	0,	0,	0,	0,	0,	0,	
100000,	13.936,	16433,	5168,	23725,	4673,	80.32,	59.78,	59.73,	60,	5,	17,	8,	9,	0,	1,	0,	0,	0,	0,	0,	0,	0,	
150000,	19.035,	32982,	10144,	47621,	9251,	83.64,	66.57,	66.64,	193,	8,	55,	27,	28,	0,	1,	0,	0,	0,	0,	0,	0,	0,	
200000,	23.451,	32512,	10601,	46970,	9915,	78.65,	56.4,	56.37,	81,	5,	23,	11,	12,	0,	2,	0,	0,	0,	0,	0,	0,	0,	
250000,	27.769,	49118,	15558,	71955,	13366,	80.94,	60.85,	61.28,	32,	4,	9,	4,	5,	0,	3,	0,	0,	0,	0,	0,	0,	0,	
300000,	31.186,	49053,	15627,	70936,	14382,	81.01,	61.18,	61.3,	165,	7,	47,	23,	24,	0,	3,	0,	0,	0,	0,	0,	0,	0,	
350000,	34.461,	64942,	21431,	95590,	18032,	78.92,	56.81,	57.11,	74,	5,	21,	10,	11,	0,	4,	0,	0,	0,	0,	0,	0,	0,	
400000,	37.19,	65077,	21335,	94860,	18628,	80.09,	59.22,	59.48,	32,	3,	9,	4,	5,	0,	5,	0,	0,	0,	0,	0,	0,	0,	
450000,	39.376,	81788,	26281,	119638,	22288,	81.79,	62.81,	63.06,	165,	8,	47,	23,	24,	0,	5,	0,	0,	0,	0,	0,	0,	0,	
500000,	41.084,	81881,	26254,	118452,	23311,	80.79,	60.87,	60.95,	74,	5,	21,	10,	11,	0,	6,	0,	0,	0,	0,	0,	0,	0,	
550000,	42.615,	99757,	29966,	144191,	26081,	85.04,	69.56,	69.47,	207,	7,	59,	29,	30,	0,	6,	0,	0,	0,	0,	0,	0,	0,	
600000,	48.986,	97888,	31862,	142006,	28140,	79.12,	57.29,	57.4,	130,	6,	37,	18,	19,	0,	7,	0,	0,	0,	0,	0,	0,	0,	
650000,	54.568,	116051,	35112,	168426,	30404,	81.06,	61.15,	61.61,	46,	4,	13,	6,	7,	0,	8,	0,	0,	0,	0,	0,	0,	0,	
700000,	59.818,	115609,	35960,	166856,	31471,	85.14,	69.67,	69.69,	207,	7,	59,	29,	30,	0,	8,	0,	0,	0,	0,	0,	0,	0,	
750000,	64.353,	132352,	40571,	191796,	35273,	79.34,	57.85,	58.05,	123,	6,	35,	17,	18,	0,	9,	0,	0,	0,	0,	0,	0,	0,	
800000,	68.231,	132260,	40910,	190849,	35876,	81.29,	61.76,	61.72,	32,	4,	9,	4,	5,	0,	10,	0,	0,	0,	0,	0,	0,	0,	
850000,	71.668,	149033,	45633,	215532,	39794,	80.83,	60.89,	60.6,	151,	8,	43,	21,	22,	0,	10,	0,	0,	0,	0,	0,	0,	0,	
900000,	74.527,	148612,	46245,	214252,	40784,	79.51,	58.2,	58.3,	88,	5,	25,	12,	13,	0,	11,	0,	0,	0,	0,	0,	0,	0,	
950000,	76.811,	165494,	50764,	239464,	44269,	80.79,	60.7,	60.96,	39,	4,	11,	5,	6,	0,	12,	0,	0,	0,	0,	0,	0,	0,	
1000000,	78.552,	165556,	51034,	238512,	44791,	82.41,	64.06,	64.11,	172,	8,	49,	24,	25,	0,	12,	0,	0,	0,	0,	0,	0,	0,	

1000000,	78.552,	331050,	101798,	477976,	89060,	80.91,	60.99,	61.09,	172,	8,	49,	24,	25,	0,	12,	0,	0,	0,	0,	0,	0,	0,	
Pool,	TP,	FN,	TN,	FP
1,	3639,	1047,	7958,	5512,	
2,	40260,	26219,	5029,	1197,	
3,	35704,	17736,	85329,	24721,	
4,	92741,	22268,	144634,	31189,	
5,	158706,	34528,	235026,	26441,	





ASHT-ProcessRBF
Speed Change:,	0.01,	Centroids:,	100,	DriftCentroid:	100
GracePeriod:,	200,	TieThreshold:,	0.05000000074505806,	BinarySplit:,	false,	
MaxSize:,	64,	Reset:,	true
Count,	Time,	TP,	FN,	TN,	FP,	Accu,	Kappa,	Kpa_t,	Mem,	Depth,	TSize,	DcNod,	ActLf,	InacLf,	Reset,	Alter,	Switch,	Prune,	ClOp0,	ClOp1,	ClOp2,	ClOp3
50000,	9.637,	18765,	4616,	21758,	4860,	81.05,	61.96,	62.03,	151,	7,	43,	21,	22,	0,	0,	0,	0,	0,	0,	0,	0,	0,	
100000,	16.131,	19950,	3526,	24049,	2475,	88.0,	75.84,	75.85,	305,	11,	87,	43,	44,	0,	0,	0,	0,	0,	0,	0,	0,	0,	
150000,	21.533,	37994,	8702,	45197,	7974,	85.6,	71.01,	71.06,	25,	3,	7,	3,	4,	0,	1,	0,	0,	0,	0,	0,	0,	0,	
200000,	26.393,	39648,	7307,	46500,	6545,	84.3,	68.5,	68.48,	158,	7,	45,	22,	23,	0,	1,	0,	0,	0,	0,	0,	0,	0,	
250000,	30.244,	58170,	11931,	68751,	10986,	87.52,	74.92,	75.1,	340,	9,	97,	48,	49,	0,	1,	0,	0,	0,	0,	0,	0,	0,	
300000,	33.531,	59692,	10617,	70106,	9583,	87.3,	74.48,	74.38,	25,	3,	7,	3,	4,	0,	2,	0,	0,	0,	0,	0,	0,	0,	
350000,	36.367,	77570,	15974,	90539,	15755,	82.38,	64.68,	64.59,	186,	8,	53,	26,	27,	0,	2,	0,	0,	0,	0,	0,	0,	0,	
400000,	38.995,	79965,	14048,	93331,	12654,	87.0,	73.9,	73.86,	326,	12,	93,	46,	47,	0,	2,	0,	0,	0,	0,	0,	0,	0,	
450000,	40.872,	96812,	20272,	113188,	19556,	83.8,	67.45,	67.39,	39,	4,	11,	5,	6,	0,	3,	0,	0,	0,	0,	0,	0,	0,	
500000,	42.025,	99206,	18228,	116139,	16415,	84.11,	68.07,	68.3,	207,	10,	59,	29,	30,	0,	3,	0,	0,	0,	0,	0,	0,	0,	
550000,	43.874,	116981,	23542,	136961,	22344,	87.88,	75.64,	75.58,	354,	12,	101,	50,	51,	0,	3,	0,	0,	0,	0,	0,	0,	0,	
600000,	51.031,	118179,	22830,	138297,	20678,	82.27,	64.39,	64.19,	88,	6,	25,	12,	13,	0,	4,	0,	0,	0,	0,	0,	0,	0,	
650000,	57.087,	136622,	27403,	159475,	26328,	84.31,	68.52,	68.43,	214,	12,	61,	30,	31,	0,	4,	0,	0,	0,	0,	0,	0,	0,	
700000,	62.341,	138434,	26074,	161775,	23701,	87.47,	74.83,	74.82,	382,	16,	109,	54,	55,	0,	4,	0,	0,	0,	0,	0,	0,	0,	
750000,	66.951,	156035,	31354,	181334,	31103,	82.55,	65.02,	65.06,	67,	5,	19,	9,	10,	0,	5,	0,	0,	0,	0,	0,	0,	0,	
800000,	70.938,	157876,	29980,	185174,	26954,	85.68,	71.19,	71.18,	228,	10,	65,	32,	33,	0,	5,	0,	0,	0,	0,	0,	0,	0,	
850000,	74.275,	176342,	34418,	205180,	33885,	88.31,	76.49,	76.28,	354,	13,	101,	50,	51,	0,	5,	0,	0,	0,	0,	0,	0,	0,	
900000,	77.092,	176870,	34472,	207787,	30850,	83.22,	66.27,	66.36,	74,	6,	21,	10,	11,	0,	6,	0,	0,	0,	0,	0,	0,	0,	
950000,	79.4,	195421,	38271,	228264,	37398,	85.27,	70.39,	70.33,	249,	10,	71,	35,	36,	0,	6,	0,	0,	0,	0,	0,	0,	0,	
1000000,	81.072,	197427,	37313,	231583,	33656,	88.71,	77.32,	77.25,	375,	12,	107,	53,	54,	0,	6,	0,	0,	0,	0,	0,	0,	0,	

1000000,	81.072,	392848,	75584,	459847,	71054,	85.33,	70.54,	70.52,	375,	12,	107,	53,	54,	0,	6,	0,	0,	0,	0,	0,	0,	0,	
Pool,	TP,	FN,	TN,	FP
1,	3683,	1976,	7907,	4633,	
2,	29559,	16246,	18062,	8971,	
3,	68530,	27214,	54718,	13140,	
4,	145084,	19213,	100018,	26289,	
5,	145992,	10935,	279142,	18021,	





ASHT-ProcessRBF
Speed Change:,	0.01,	Centroids:,	100,	DriftCentroid:	100
GracePeriod:,	200,	TieThreshold:,	0.05000000074505806,	BinarySplit:,	false,	
MaxSize:,	128,	Reset:,	true
Count,	Time,	TP,	FN,	TN,	FP,	Accu,	Kappa,	Kpa_t,	Mem,	Depth,	TSize,	DcNod,	ActLf,	InacLf,	Reset,	Alter,	Switch,	Prune,	ClOp0,	ClOp1,	ClOp2,	ClOp3
50000,	7.295,	19624,	4503,	21538,	4334,	82.32,	64.6,	64.64,	151,	7,	43,	21,	22,	0,	0,	0,	0,	0,	0,	0,	0,	0,	
100000,	13.193,	20815,	3453,	22687,	3045,	87.0,	73.97,	73.84,	291,	11,	83,	41,	42,	0,	0,	0,	0,	0,	0,	0,	0,	0,	
150000,	18.993,	40774,	7530,	44536,	7154,	88.3,	76.58,	76.54,	438,	15,	125,	62,	63,	0,	0,	0,	0,	0,	0,	0,	0,	0,	
200000,	23.737,	41828,	6170,	45826,	5812,	89.03,	78.03,	77.92,	606,	17,	173,	86,	87,	0,	0,	0,	0,	0,	0,	0,	0,	0,	
250000,	27.615,	61011,	10203,	67912,	9720,	89.52,	79.01,	79.13,	732,	18,	209,	104,	105,	0,	0,	0,	0,	0,	0,	0,	0,	0,	
300000,	30.873,	62395,	9245,	68965,	8592,	88.28,	76.53,	76.56,	18,	2,	5,	2,	3,	0,	1,	0,	0,	0,	0,	0,	0,	0,	
350000,	33.613,	80850,	14456,	89734,	13806,	83.32,	66.59,	66.88,	172,	8,	49,	24,	25,	0,	1,	0,	0,	0,	0,	0,	0,	0,	
400000,	35.832,	83249,	12577,	92075,	11275,	87.97,	75.89,	75.93,	354,	12,	101,	50,	51,	0,	1,	0,	0,	0,	0,	0,	0,	0,	
450000,	37.517,	101827,	17500,	113306,	16104,	89.31,	78.58,	78.59,	466,	14,	133,	66,	67,	0,	1,	0,	0,	0,	0,	0,	0,	0,	
500000,	38.764,	104220,	15557,	115570,	13515,	89.55,	79.07,	79.08,	613,	18,	175,	87,	88,	0,	1,	0,	0,	0,	0,	0,	0,	0,	
550000,	40.284,	122113,	20204,	137114,	18271,	90.26,	80.47,	80.48,	788,	19,	225,	112,	113,	0,	1,	0,	0,	0,	0,	0,	0,	0,	
600000,	47.324,	122591,	18176,	139159,	15604,	90.58,	81.14,	81.16,	886,	21,	253,	126,	127,	0,	1,	0,	0,	0,	0,	0,	0,	0,	
650000,	52.939,	141215,	24840,	158480,	22660,	81.95,	63.85,	64.22,	109,	6,	31,	15,	16,	0,	2,	0,	0,	0,	0,	0,	0,	0,	
700000,	57.937,	143009,	21997,	162092,	18432,	86.7,	73.35,	73.27,	284,	10,	81,	40,	41,	0,	2,	0,	0,	0,	0,	0,	0,	0,	
750000,	62.888,	162007,	28136,	181881,	25127,	88.47,	76.89,	76.82,	424,	12,	121,	60,	61,	0,	2,	0,	0,	0,	0,	0,	0,	0,	
800000,	67.027,	164044,	24912,	185762,	20778,	89.48,	78.9,	78.87,	550,	14,	157,	78,	79,	0,	2,	0,	0,	0,	0,	0,	0,	0,	
850000,	70.573,	183450,	30720,	205469,	27474,	90.13,	80.23,	80.25,	704,	16,	201,	100,	101,	0,	2,	0,	0,	0,	0,	0,	0,	0,	
900000,	73.463,	184624,	27646,	209411,	22926,	90.23,	80.43,	80.44,	893,	18,	255,	127,	128,	0,	2,	0,	0,	0,	0,	0,	0,	0,	
950000,	75.643,	203223,	35132,	226940,	31767,	82.59,	65.14,	65.02,	116,	7,	33,	16,	17,	0,	3,	0,	0,	0,	0,	0,	0,	0,	
1000000,	77.31,	205259,	31219,	231718,	26364,	85.98,	71.92,	72.17,	263,	12,	75,	37,	38,	0,	3,	0,	0,	0,	0,	0,	0,	0,	

1000000,	77.31,	408482,	66351,	458658,	58131,	87.55,	75.06,	75.08,	263,	12,	75,	37,	38,	0,	3,	0,	0,	0,	0,	0,	0,	0,	
Pool,	TP,	FN,	TN,	FP
1,	2275,	2804,	9519,	3556,	
2,	27376,	15647,	23853,	5937,	
3,	64884,	17413,	71746,	9824,	
4,	152125,	18025,	98022,	17835,	
5,	161822,	12462,	255518,	20979,	





ASHT-ProcessRBF
Speed Change:,	0.01,	Centroids:,	100,	DriftCentroid:	100
GracePeriod:,	200,	TieThreshold:,	0.05000000074505806,	BinarySplit:,	false,	
MaxSize:,	1,	Reset:,	false
Count,	Time,	TP,	FN,	TN,	FP,	Accu,	Kappa,	Kpa_t,	Mem,	Depth,	TSize,	DcNod,	ActLf,	InacLf,	Reset,	Alter,	Switch,	Prune,	ClOp0,	ClOp1,	ClOp2,	ClOp3
50000,	7.509,	19311,	5503,	16423,	8761,	71.47,	42.99,	42.92,	4,	0,	1,	0,	1,	0,	0,	0,	0,	23,	0,	0,	0,	0,	
100000,	13.01,	17379,	7011,	18071,	7539,	70.9,	41.8,	42.04,	4,	0,	1,	0,	1,	0,	0,	0,	0,	47,	0,	0,	0,	0,	
150000,	18.128,	37785,	11383,	33586,	17244,	71.27,	42.66,	42.89,	4,	0,	1,	0,	1,	0,	0,	0,	0,	70,	0,	0,	0,	0,	
200000,	23.88,	34935,	13996,	35689,	15380,	70.35,	40.71,	40.43,	4,	0,	1,	0,	1,	0,	0,	0,	0,	93,	0,	0,	0,	0,	
250000,	29.224,	55725,	17895,	51404,	24974,	71.52,	43.07,	42.93,	4,	0,	1,	0,	1,	0,	0,	0,	0,	116,	0,	0,	0,	0,	
300000,	33.261,	53433,	20097,	52928,	23542,	71.47,	43.01,	42.9,	4,	0,	1,	0,	1,	0,	0,	0,	0,	141,	0,	0,	0,	0,	
350000,	36.101,	74582,	23602,	68464,	33350,	71.83,	43.76,	43.62,	4,	0,	1,	0,	1,	0,	0,	0,	0,	166,	0,	0,	0,	0,	
400000,	38.432,	71529,	26339,	70512,	31620,	71.36,	42.79,	42.66,	4,	0,	1,	0,	1,	0,	0,	0,	0,	190,	0,	0,	0,	0,	
450000,	40.423,	92676,	29973,	85915,	41434,	71.09,	42.24,	42.02,	4,	0,	1,	0,	1,	0,	0,	0,	0,	213,	0,	0,	0,	0,	
500000,	41.651,	90373,	32073,	87320,	40234,	71.3,	42.7,	42.29,	4,	0,	1,	0,	1,	0,	0,	0,	0,	237,	0,	0,	0,	0,	
550000,	43.145,	110449,	36710,	103418,	49421,	70.55,	41.14,	41.54,	4,	0,	1,	0,	1,	0,	0,	0,	0,	261,	0,	0,	0,	0,	
600000,	49.814,	108914,	38139,	104592,	48355,	71.63,	43.31,	42.92,	4,	0,	1,	0,	1,	0,	0,	0,	0,	284,	0,	0,	0,	0,	
650000,	55.699,	128756,	42883,	120884,	57475,	71.55,	43.16,	42.91,	4,	0,	1,	0,	1,	0,	0,	0,	0,	308,	0,	0,	0,	0,	
700000,	60.674,	127399,	44098,	121711,	56792,	71.21,	42.51,	42.25,	4,	0,	1,	0,	1,	0,	0,	0,	0,	332,	0,	0,	0,	0,	
750000,	65.102,	146694,	49401,	138732,	65171,	71.57,	43.18,	43.26,	4,	0,	1,	0,	1,	0,	0,	0,	0,	356,	0,	0,	0,	0,	
800000,	68.948,	145198,	51018,	139622,	64162,	71.42,	42.84,	42.94,	4,	0,	1,	0,	1,	0,	0,	0,	0,	379,	0,	0,	0,	0,	
850000,	72.367,	165558,	55245,	155505,	73690,	71.27,	42.61,	42.9,	4,	0,	1,	0,	1,	0,	0,	0,	0,	402,	0,	0,	0,	0,	
900000,	75.391,	162693,	57994,	157600,	71713,	70.95,	41.89,	41.69,	4,	0,	1,	0,	1,	0,	0,	0,	0,	426,	0,	0,	0,	0,	
950000,	77.59,	182851,	62264,	173754,	81129,	71.08,	42.15,	42.53,	4,	0,	1,	0,	1,	0,	0,	0,	0,	450,	0,	0,	0,	0,	
1000000,	79.274,	180637,	64503,	174933,	79927,	70.55,	41.17,	40.9,	4,	0,	1,	0,	1,	0,	0,	0,	0,	475,	0,	0,	0,	0,	

1000000,	79.274,	363488,	126767,	348687,	161056,	71.22,	42.49,	42.43,	4,	0,	1,	0,	1,	0,	0,	0,	0,	475,	0,	0,	0,	0,	
Pool,	TP,	FN,	TN,	FP
1,	4030,	7897,	3921,	2357,	
2,	12624,	16225,	24467,	19366,	
3,	80075,	10317,	55287,	18132,	
4,	83996,	30393,	88458,	88090,	
5,	182763,	61935,	176554,	33111,	





ASHT-ProcessRBF
Speed Change:,	0.01,	Centroids:,	100,	DriftCentroid:	100
GracePeriod:,	200,	TieThreshold:,	0.05000000074505806,	BinarySplit:,	false,	
MaxSize:,	2,	Reset:,	false
Count,	Time,	TP,	FN,	TN,	FP,	Accu,	Kappa,	Kpa_t,	Mem,	Depth,	TSize,	DcNod,	ActLf,	InacLf,	Reset,	Alter,	Switch,	Prune,	ClOp0,	ClOp1,	ClOp2,	ClOp3
50000,	7.385,	24278,	5332,	10550,	9836,	69.66,	34.95,	36.75,	11,	1,	3,	1,	2,	0,	0,	0,	0,	15,	0,	0,	0,	0,	
100000,	13.242,	24833,	4982,	9698,	10487,	69.06,	32.78,	35.6,	11,	1,	3,	1,	2,	0,	0,	0,	0,	35,	0,	0,	0,	0,	
150000,	18.233,	49150,	10172,	20610,	20064,	69.86,	34.76,	37.36,	11,	1,	3,	1,	2,	0,	0,	0,	0,	53,	0,	0,	0,	0,	
200000,	22.592,	50014,	9562,	19643,	20781,	70.25,	35.34,	38.45,	11,	1,	3,	1,	2,	0,	0,	0,	0,	71,	0,	0,	0,	0,	
250000,	26.74,	73590,	15343,	30883,	30180,	69.43,	34.21,	36.49,	11,	1,	3,	1,	2,	0,	0,	0,	0,	88,	0,	0,	0,	0,	
300000,	29.942,	74901,	14490,	30136,	30473,	70.76,	36.86,	39.25,	11,	1,	3,	1,	2,	0,	0,	0,	0,	103,	0,	0,	0,	0,	
350000,	32.707,	98817,	19994,	40907,	40278,	70.5,	35.83,	38.56,	11,	1,	3,	1,	2,	0,	0,	0,	0,	120,	0,	0,	0,	0,	
400000,	35.211,	99689,	19378,	40374,	40559,	70.05,	35.33,	37.79,	11,	1,	3,	1,	2,	0,	0,	0,	0,	137,	0,	0,	0,	0,	
450000,	36.935,	123478,	25005,	51420,	50093,	70.35,	36.17,	38.47,	11,	1,	3,	1,	2,	0,	0,	0,	0,	154,	0,	0,	0,	0,	
500000,	38.038,	124572,	24174,	50637,	50617,	70.29,	35.81,	38.63,	11,	1,	3,	1,	2,	0,	0,	0,	0,	173,	0,	0,	0,	0,	
550000,	39.556,	148105,	30067,	61756,	60068,	69.93,	35.18,	37.64,	11,	1,	3,	1,	2,	0,	0,	0,	0,	190,	0,	0,	0,	0,	
600000,	46.314,	149574,	28875,	60334,	61217,	69.4,	33.49,	36.09,	11,	1,	3,	1,	2,	0,	0,	0,	0,	208,	0,	0,	0,	0,	
650000,	51.831,	172285,	35464,	71761,	70486,	68.37,	31.96,	35.16,	11,	1,	3,	1,	2,	0,	0,	0,	0,	227,	0,	0,	0,	0,	
700000,	56.794,	174271,	33986,	70435,	71308,	69.6,	34.24,	36.37,	11,	1,	3,	1,	2,	0,	0,	0,	0,	246,	0,	0,	0,	0,	
750000,	61.423,	197508,	39992,	81626,	80870,	70.18,	35.12,	38.99,	11,	1,	3,	1,	2,	0,	0,	0,	0,	263,	0,	0,	0,	0,	
800000,	65.41,	198936,	38802,	80814,	81448,	70.09,	35.65,	38.23,	11,	1,	3,	1,	2,	0,	0,	0,	0,	283,	0,	0,	0,	0,	
850000,	68.648,	222209,	44955,	91187,	91645,	68.52,	31.71,	34.83,	11,	1,	3,	1,	2,	0,	0,	0,	0,	302,	0,	0,	0,	0,	
900000,	71.388,	223563,	43865,	91622,	90950,	70.87,	37.46,	39.93,	11,	1,	3,	1,	2,	0,	0,	0,	0,	318,	0,	0,	0,	0,	
950000,	73.648,	247145,	49676,	100810,	102365,	69.12,	32.91,	35.92,	11,	1,	3,	1,	2,	0,	0,	0,	0,	337,	0,	0,	0,	0,	
1000000,	75.354,	249405,	47871,	101096,	101628,	70.63,	35.5,	39.05,	11,	1,	3,	1,	2,	0,	0,	0,	0,	354,	0,	0,	0,	0,	

1000000,	75.354,	496550,	97547,	201906,	203993,	69.85,	34.77,	37.48,	11,	1,	3,	1,	2,	0,	0,	0,	0,	354,	0,	0,	0,	0,	
Pool,	TP,	FN,	TN,	FP
1,	6079,	3892,	4027,	4194,	
2,	36015,	15815,	9423,	11488,	
3,	86790,	12308,	26203,	38250,	
4,	149597,	32753,	46220,	62224,	
5,	218069,	32779,	116033,	87837,	





ASHT-ProcessRBF
Speed Change:,	0.01,	Centroids:,	100,	DriftCentroid:	100
GracePeriod:,	200,	TieThreshold:,	0.05000000074505806,	BinarySplit:,	false,	
MaxSize:,	4,	Reset:,	false
Count,	Time,	TP,	FN,	TN,	FP,	Accu,	Kappa,	Kpa_t,	Mem,	Depth,	TSize,	DcNod,	ActLf,	InacLf,	Reset,	Alter,	Switch,	Prune,	ClOp0,	ClOp1,	ClOp2,	ClOp3
50000,	7.359,	22820,	5653,	13197,	8329,	72.03,	42.09,	43.16,	25,	3,	7,	3,	4,	0,	0,	0,	0,	8,	0,	0,	0,	0,	
100000,	13.084,	22999,	5265,	13238,	8498,	72.47,	43.01,	43.93,	25,	2,	7,	3,	4,	0,	0,	0,	0,	17,	0,	0,	0,	0,	
150000,	18.245,	45334,	11593,	27292,	15780,	73.22,	44.92,	44.72,	25,	3,	7,	3,	4,	0,	0,	0,	0,	25,	0,	0,	0,	0,	
200000,	22.774,	46708,	9969,	25597,	17726,	72.14,	41.75,	43.29,	25,	3,	7,	3,	4,	0,	0,	0,	0,	32,	0,	0,	0,	0,	
250000,	26.746,	67957,	17514,	42491,	22037,	75.64,	50.19,	50.15,	18,	2,	5,	2,	3,	0,	0,	0,	0,	41,	0,	0,	0,	0,	
300000,	30.132,	69956,	15350,	39011,	25683,	73.32,	44.65,	45.45,	18,	2,	5,	2,	3,	0,	0,	0,	0,	49,	0,	0,	0,	0,	
350000,	32.993,	90799,	23140,	56665,	29395,	74.03,	46.52,	47.48,	18,	2,	5,	2,	3,	0,	0,	0,	0,	56,	0,	0,	0,	0,	
400000,	35.286,	92372,	21454,	53301,	32873,	73.41,	45.41,	46.03,	18,	2,	5,	2,	3,	0,	0,	0,	0,	64,	0,	0,	0,	0,	
450000,	37.37,	113814,	28472,	70267,	37446,	73.23,	44.67,	45.21,	25,	2,	7,	3,	4,	0,	0,	0,	0,	72,	0,	0,	0,	0,	
500000,	39.067,	115156,	27295,	66641,	40908,	72.25,	42.56,	43.49,	18,	2,	5,	2,	3,	0,	0,	0,	0,	80,	0,	0,	0,	0,	
550000,	40.728,	136319,	34581,	84554,	44545,	73.58,	45.72,	45.64,	18,	2,	5,	2,	3,	0,	0,	0,	0,	89,	0,	0,	0,	0,	
600000,	47.32,	137758,	33089,	81126,	48027,	74.17,	46.99,	46.89,	25,	2,	7,	3,	4,	0,	0,	0,	0,	96,	0,	0,	0,	0,	
650000,	53.216,	158513,	40695,	98926,	51865,	73.13,	44.95,	45.75,	11,	1,	3,	1,	2,	0,	0,	0,	0,	105,	0,	0,	0,	0,	
700000,	58.366,	160396,	38957,	95128,	55519,	73.28,	44.98,	45.34,	25,	2,	7,	3,	4,	0,	0,	0,	0,	112,	0,	0,	0,	0,	
750000,	63.165,	181376,	46209,	113367,	59047,	74.61,	47.79,	48.44,	18,	2,	5,	2,	3,	0,	0,	0,	0,	120,	0,	0,	0,	0,	
800000,	67.212,	182957,	44979,	109213,	62851,	73.29,	45.04,	45.37,	18,	2,	5,	2,	3,	0,	0,	0,	0,	126,	0,	0,	0,	0,	
850000,	70.543,	204341,	51686,	127656,	66316,	74.51,	47.5,	48.28,	25,	3,	7,	3,	4,	0,	0,	0,	0,	133,	0,	0,	0,	0,	
900000,	73.432,	205281,	51163,	123491,	70065,	73.2,	45.01,	45.12,	18,	2,	5,	2,	3,	0,	0,	0,	0,	142,	0,	0,	0,	0,	
950000,	75.714,	227978,	56390,	140443,	75188,	72.85,	43.43,	44.43,	25,	3,	7,	3,	4,	0,	0,	0,	0,	149,	0,	0,	0,	0,	
1000000,	77.358,	228239,	56668,	137117,	77976,	73.17,	44.53,	45.56,	25,	2,	7,	3,	4,	0,	0,	0,	0,	158,	0,	0,	0,	0,	

1000000,	77.358,	456217,	113058,	277560,	153164,	73.38,	45.09,	45.69,	25,	2,	7,	3,	4,	0,	0,	0,	0,	158,	0,	0,	0,	0,	
Pool,	TP,	FN,	TN,	FP
1,	8030,	5014,	1603,	3538,	
2,	26960,	15230,	15633,	14873,	
3,	60135,	24381,	51983,	27062,	
4,	171887,	33182,	43423,	42474,	
5,	189205,	35251,	164918,	65217,	





ASHT-ProcessRBF
Speed Change:,	0.01,	Centroids:,	100,	DriftCentroid:	100
GracePeriod:,	200,	TieThreshold:,	0.05000000074505806,	BinarySplit:,	false,	
MaxSize:,	8,	Reset:,	false
Count,	Time,	TP,	FN,	TN,	FP,	Accu,	Kappa,	Kpa_t,	Mem,	Depth,	TSize,	DcNod,	ActLf,	InacLf,	Reset,	Alter,	Switch,	Prune,	ClOp0,	ClOp1,	ClOp2,	ClOp3
50000,	7.255,	27054,	4195,	11994,	6755,	78.1,	51.96,	53.13,	25,	2,	7,	3,	4,	0,	0,	0,	0,	4,	0,	0,	0,	0,	
100000,	12.897,	26714,	4347,	13047,	5892,	79.52,	55.78,	56.44,	39,	4,	11,	5,	6,	0,	0,	0,	0,	9,	0,	0,	0,	0,	
150000,	18.229,	53725,	8752,	24708,	12813,	78.77,	54.0,	54.42,	46,	4,	13,	6,	7,	0,	0,	0,	0,	13,	0,	0,	0,	0,	
200000,	23.537,	53928,	8367,	25272,	12433,	78.88,	53.71,	54.82,	39,	4,	11,	5,	6,	0,	0,	0,	0,	20,	0,	0,	0,	0,	
250000,	27.384,	80875,	12955,	36696,	19472,	78.28,	52.28,	53.39,	25,	2,	7,	3,	4,	0,	0,	0,	0,	26,	0,	0,	0,	0,	
300000,	30.799,	80964,	12409,	36833,	19794,	77.19,	49.8,	51.52,	53,	5,	15,	7,	8,	0,	0,	0,	0,	30,	0,	0,	0,	0,	
350000,	33.734,	107985,	17146,	48970,	25897,	78.77,	53.54,	54.81,	46,	4,	13,	6,	7,	0,	0,	0,	0,	34,	0,	0,	0,	0,	
400000,	35.942,	107862,	16784,	48874,	26480,	77.88,	51.58,	52.79,	46,	3,	13,	6,	7,	0,	0,	0,	0,	39,	0,	0,	0,	0,	
450000,	37.709,	135439,	21166,	60671,	32722,	78.31,	52.01,	53.7,	39,	4,	11,	5,	6,	0,	0,	0,	0,	44,	0,	0,	0,	0,	
500000,	38.889,	134957,	20786,	60750,	33507,	77.94,	51.57,	53.03,	53,	4,	15,	7,	8,	0,	0,	0,	0,	50,	0,	0,	0,	0,	
550000,	40.48,	162233,	25552,	73448,	38765,	79.14,	54.78,	55.56,	46,	3,	13,	6,	7,	0,	0,	0,	0,	55,	0,	0,	0,	0,	
600000,	47.177,	161807,	24996,	73209,	39988,	78.62,	53.48,	54.38,	53,	4,	15,	7,	8,	0,	0,	0,	0,	62,	0,	0,	0,	0,	
650000,	52.877,	189612,	29665,	84698,	46023,	77.26,	49.46,	51.25,	39,	3,	11,	5,	6,	0,	0,	0,	0,	67,	0,	0,	0,	0,	
700000,	57.823,	188770,	29277,	84642,	47311,	76.79,	48.84,	50.33,	53,	5,	15,	7,	8,	0,	0,	0,	0,	71,	0,	0,	0,	0,	
750000,	62.606,	216516,	33879,	97500,	52103,	79.41,	55.33,	56.26,	39,	4,	11,	5,	6,	0,	0,	0,	0,	79,	0,	0,	0,	0,	
800000,	66.421,	216111,	33322,	96523,	54044,	78.44,	52.48,	54.21,	25,	3,	7,	3,	4,	0,	0,	0,	0,	84,	0,	0,	0,	0,	
850000,	69.673,	243489,	38161,	110405,	57943,	79.76,	56.08,	56.82,	39,	4,	11,	5,	6,	0,	0,	0,	0,	90,	0,	0,	0,	0,	
900000,	72.67,	243326,	37176,	108684,	60814,	78.75,	53.44,	54.93,	25,	2,	7,	3,	4,	0,	0,	0,	0,	95,	0,	0,	0,	0,	
950000,	74.911,	270651,	42153,	122534,	64660,	78.58,	53.06,	54.61,	46,	3,	13,	6,	7,	0,	0,	0,	0,	99,	0,	0,	0,	0,	
1000000,	76.529,	270424,	41380,	121131,	67065,	79.09,	54.34,	55.3,	46,	4,	13,	6,	7,	0,	0,	0,	0,	104,	0,	0,	0,	0,	

1000000,	76.529,	541075,	83533,	243665,	131725,	78.47,	52.89,	54.09,	46,	4,	13,	6,	7,	0,	0,	0,	0,	104,	0,	0,	0,	0,	
Pool,	TP,	FN,	TN,	FP
1,	6085,	1803,	2983,	7361,	
2,	20299,	7455,	22933,	22090,	
3,	115538,	16471,	23450,	8091,	
4,	112186,	26749,	101694,	50244,	
5,	286967,	31055,	92605,	43939,	





ASHT-ProcessRBF
Speed Change:,	0.01,	Centroids:,	100,	DriftCentroid:	100
GracePeriod:,	200,	TieThreshold:,	0.05000000074505806,	BinarySplit:,	false,	
MaxSize:,	16,	Reset:,	false
Count,	Time,	TP,	FN,	TN,	FP,	Accu,	Kappa,	Kpa_t,	Mem,	Depth,	TSize,	DcNod,	ActLf,	InacLf,	Reset,	Alter,	Switch,	Prune,	ClOp0,	ClOp1,	ClOp2,	ClOp3
50000,	7.032,	20491,	5961,	18264,	5282,	77.51,	54.94,	54.75,	95,	6,	27,	13,	14,	0,	0,	0,	0,	2,	0,	0,	0,	0,	
100000,	12.458,	22396,	4299,	17358,	5945,	79.51,	58.64,	59.08,	95,	6,	27,	13,	14,	0,	0,	0,	0,	5,	0,	0,	0,	0,	
150000,	17.581,	41964,	10996,	35645,	11393,	77.71,	55.14,	55.42,	81,	6,	23,	11,	12,	0,	0,	0,	0,	8,	0,	0,	0,	0,	
200000,	21.974,	42902,	10242,	36016,	10838,	78.33,	56.62,	56.5,	81,	7,	23,	11,	12,	0,	0,	0,	0,	11,	0,	0,	0,	0,	
250000,	25.826,	62914,	16284,	54357,	16443,	79.32,	58.57,	58.48,	88,	5,	25,	12,	13,	0,	0,	0,	0,	13,	0,	0,	0,	0,	
300000,	29.102,	64854,	14523,	54866,	15755,	81.6,	63.07,	62.95,	81,	4,	23,	11,	12,	0,	0,	0,	0,	17,	0,	0,	0,	0,	
350000,	31.865,	83250,	22499,	73381,	20868,	78.72,	57.47,	57.14,	74,	5,	21,	10,	11,	0,	0,	0,	0,	20,	0,	0,	0,	0,	
400000,	34.057,	86706,	19376,	72711,	21205,	79.39,	58.53,	58.51,	102,	5,	29,	14,	15,	0,	0,	0,	0,	23,	0,	0,	0,	0,	
450000,	35.761,	105044,	27163,	91275,	26516,	79.38,	58.52,	58.31,	95,	6,	27,	13,	14,	0,	0,	0,	0,	26,	0,	0,	0,	0,	
500000,	36.864,	108317,	24304,	91402,	25975,	80.6,	61.08,	61.21,	102,	7,	29,	14,	15,	0,	0,	0,	0,	30,	0,	0,	0,	0,	
550000,	38.311,	127065,	31575,	110146,	31212,	81.78,	63.42,	63.54,	102,	5,	29,	14,	15,	0,	0,	0,	0,	35,	0,	0,	0,	0,	
600000,	44.335,	129734,	29546,	109261,	31457,	78.55,	56.89,	57.08,	109,	6,	31,	15,	16,	0,	0,	0,	0,	37,	0,	0,	0,	0,	
650000,	49.761,	149184,	35918,	128656,	36240,	81.26,	62.33,	62.64,	109,	5,	31,	15,	16,	0,	0,	0,	0,	41,	0,	0,	0,	0,	
700000,	54.643,	150285,	35528,	127466,	36719,	77.51,	54.93,	54.57,	102,	7,	29,	14,	15,	0,	0,	0,	0,	44,	0,	0,	0,	0,	
750000,	59.028,	170517,	41052,	146386,	42043,	78.13,	56.03,	56.2,	102,	7,	29,	14,	15,	0,	0,	0,	0,	46,	0,	0,	0,	0,	
800000,	62.894,	171453,	40744,	146079,	41722,	79.56,	59.02,	58.86,	81,	5,	23,	11,	12,	0,	0,	0,	0,	50,	0,	0,	0,	0,	
850000,	66.175,	191956,	46218,	164419,	47405,	78.94,	57.69,	57.67,	46,	4,	13,	6,	7,	0,	0,	0,	0,	53,	0,	0,	0,	0,	
900000,	69.054,	192813,	45709,	164995,	46481,	80.55,	61.01,	60.94,	102,	5,	29,	14,	15,	0,	0,	0,	0,	55,	0,	0,	0,	0,	
950000,	71.455,	213494,	51208,	183290,	52006,	80.82,	61.53,	61.44,	46,	4,	13,	6,	7,	0,	0,	0,	0,	59,	0,	0,	0,	0,	
1000000,	73.184,	213864,	51063,	184566,	50505,	81.24,	62.48,	62.23,	95,	6,	27,	13,	14,	0,	0,	0,	0,	61,	0,	0,	0,	0,	

1000000,	73.184,	427358,	102271,	367856,	102511,	79.52,	58.9,	58.88,	95,	6,	27,	13,	14,	0,	0,	0,	0,	61,	0,	0,	0,	0,	
Pool,	TP,	FN,	TN,	FP
1,	7154,	5652,	3191,	2188,	
2,	33613,	17507,	16073,	5541,	
3,	44006,	16242,	68266,	34899,	
4,	140373,	22897,	114667,	13101,	
5,	202212,	39973,	165659,	46782,	





ASHT-ProcessRBF
Speed Change:,	0.01,	Centroids:,	100,	DriftCentroid:	100
GracePeriod:,	200,	TieThreshold:,	0.05000000074505806,	BinarySplit:,	false,	
MaxSize:,	32,	Reset:,	false
Count,	Time,	TP,	FN,	TN,	FP,	Accu,	Kappa,	Kpa_t,	Mem,	Depth,	TSize,	DcNod,	ActLf,	InacLf,	Reset,	Alter,	Switch,	Prune,	ClOp0,	ClOp1,	ClOp2,	ClOp3
50000,	6.932,	15152,	6128,	24732,	3985,	79.77,	58.08,	58.69,	130,	6,	37,	18,	19,	0,	0,	0,	0,	0,	0,	0,	0,	0,	
100000,	12.378,	16956,	4200,	25120,	3724,	84.15,	67.44,	67.61,	158,	7,	45,	22,	23,	0,	0,	0,	0,	2,	0,	0,	0,	0,	
150000,	17.423,	31840,	10627,	49788,	7742,	83.49,	66.03,	66.37,	109,	6,	31,	15,	16,	0,	0,	0,	0,	4,	0,	0,	0,	0,	
200000,	22.03,	33036,	9194,	50423,	7347,	82.77,	64.35,	64.8,	172,	8,	49,	24,	25,	0,	0,	0,	0,	5,	0,	0,	0,	0,	
250000,	25.994,	47888,	15690,	75468,	10951,	83.46,	65.69,	65.85,	165,	9,	47,	23,	24,	0,	0,	0,	0,	7,	0,	0,	0,	0,	
300000,	29.249,	49417,	13922,	76051,	10610,	84.02,	66.93,	67.3,	193,	9,	55,	27,	28,	0,	0,	0,	0,	9,	0,	0,	0,	0,	
350000,	31.95,	64416,	20503,	100564,	14514,	83.25,	65.5,	65.74,	165,	9,	47,	23,	24,	0,	0,	0,	0,	10,	0,	0,	0,	0,	
400000,	34.119,	65845,	18411,	101901,	13843,	84.56,	68.0,	68.28,	60,	4,	17,	8,	9,	0,	0,	0,	0,	12,	0,	0,	0,	0,	
450000,	35.775,	81076,	25006,	125728,	18171,	83.68,	66.4,	66.47,	214,	8,	61,	30,	31,	0,	0,	0,	0,	12,	0,	0,	0,	0,	
500000,	36.877,	82808,	22683,	127050,	17459,	84.22,	67.58,	67.62,	158,	10,	45,	22,	23,	0,	0,	0,	0,	14,	0,	0,	0,	0,	
550000,	38.272,	97656,	29826,	150132,	22367,	81.97,	63.04,	63.35,	123,	7,	35,	17,	18,	0,	0,	0,	0,	15,	0,	0,	0,	0,	
600000,	44.429,	99428,	27288,	152031,	21253,	83.2,	65.45,	65.76,	179,	8,	51,	25,	26,	0,	0,	0,	0,	16,	0,	0,	0,	0,	
650000,	50.429,	114037,	34703,	175380,	25861,	83.26,	65.46,	66.03,	179,	9,	51,	25,	26,	0,	0,	0,	0,	18,	0,	0,	0,	0,	
700000,	56.861,	116445,	31596,	176803,	25156,	83.58,	66.35,	66.32,	151,	9,	43,	21,	22,	0,	0,	0,	0,	20,	0,	0,	0,	0,	
750000,	61.704,	131137,	38875,	200583,	29386,	84.61,	68.39,	68.52,	221,	9,	63,	31,	32,	0,	0,	0,	0,	22,	0,	0,	0,	0,	
800000,	65.949,	132319,	36538,	201505,	29638,	81.15,	61.09,	61.13,	74,	5,	21,	10,	11,	0,	0,	0,	0,	24,	0,	0,	0,	0,	
850000,	69.759,	147476,	43516,	225911,	33078,	83.33,	65.57,	65.72,	151,	7,	43,	21,	22,	0,	0,	0,	0,	25,	0,	0,	0,	0,	
900000,	72.476,	148920,	41122,	226667,	33291,	83.53,	66.07,	66.31,	200,	8,	57,	28,	29,	0,	0,	0,	0,	26,	0,	0,	0,	0,	
950000,	74.92,	164161,	48044,	250923,	36853,	83.39,	65.85,	66.15,	116,	6,	33,	16,	17,	0,	0,	0,	0,	29,	0,	0,	0,	0,	
1000000,	76.598,	165753,	45441,	251328,	37478,	82.99,	65.12,	64.87,	186,	9,	53,	26,	27,	0,	0,	0,	0,	30,	0,	0,	0,	0,	

1000000,	76.598,	329914,	93485,	502251,	74331,	83.22,	65.42,	65.64,	186,	9,	53,	26,	27,	0,	0,	0,	0,	30,	0,	0,	0,	0,	
Pool,	TP,	FN,	TN,	FP
1,	4736,	3866,	4980,	4592,	
2,	16022,	15820,	32966,	7907,	
3,	55045,	23887,	69391,	15282,	
4,	98470,	28154,	149386,	15145,	
5,	155641,	21758,	245528,	31405,	





ASHT-ProcessRBF
Speed Change:,	0.01,	Centroids:,	100,	DriftCentroid:	100
GracePeriod:,	200,	TieThreshold:,	0.05000000074505806,	BinarySplit:,	false,	
MaxSize:,	64,	Reset:,	false
Count,	Time,	TP,	FN,	TN,	FP,	Accu,	Kappa,	Kpa_t,	Mem,	Depth,	TSize,	DcNod,	ActLf,	InacLf,	Reset,	Alter,	Switch,	Prune,	ClOp0,	ClOp1,	ClOp2,	ClOp3
50000,	7.279,	20396,	4880,	19000,	5722,	78.79,	57.57,	57.72,	130,	7,	37,	18,	19,	0,	0,	0,	0,	0,	0,	0,	0,	0,	
100000,	13.255,	21320,	3693,	21374,	3613,	85.39,	70.78,	70.59,	263,	9,	75,	37,	38,	0,	0,	0,	0,	0,	0,	0,	0,	0,	
150000,	18.695,	42038,	8358,	40552,	9050,	86.39,	72.78,	72.75,	438,	10,	125,	62,	63,	0,	0,	0,	0,	0,	0,	0,	0,	0,	
200000,	23.571,	42754,	7176,	42831,	7239,	85.78,	71.56,	71.67,	431,	10,	123,	61,	62,	0,	0,	0,	0,	1,	0,	0,	0,	0,	
250000,	27.876,	63050,	12398,	61873,	12677,	84.67,	69.33,	69.16,	228,	9,	65,	32,	33,	0,	0,	0,	0,	2,	0,	0,	0,	0,	
300000,	31.551,	64840,	10318,	64265,	10577,	87.04,	74.08,	73.99,	389,	11,	111,	55,	56,	0,	0,	0,	0,	2,	0,	0,	0,	0,	
350000,	34.435,	83793,	16654,	83476,	16075,	84.69,	69.38,	69.6,	242,	10,	69,	34,	35,	0,	0,	0,	0,	3,	0,	0,	0,	0,	
400000,	36.986,	86216,	13845,	85917,	14022,	86.06,	72.11,	72.25,	403,	11,	115,	57,	58,	0,	0,	0,	0,	3,	0,	0,	0,	0,	
450000,	38.899,	104439,	21124,	104721,	19714,	83.78,	67.57,	67.37,	291,	13,	83,	41,	42,	0,	0,	0,	0,	4,	0,	0,	0,	0,	
500000,	40.115,	107317,	17927,	107551,	17205,	85.47,	70.95,	70.72,	305,	13,	87,	43,	44,	0,	0,	0,	0,	5,	0,	0,	0,	0,	
550000,	41.624,	125512,	24888,	126348,	23029,	85.84,	71.68,	71.87,	445,	15,	127,	63,	64,	0,	0,	0,	0,	5,	0,	0,	0,	0,	
600000,	47.948,	128913,	21464,	128848,	20734,	85.87,	71.73,	71.86,	424,	15,	121,	60,	61,	0,	0,	0,	0,	7,	0,	0,	0,	0,	
650000,	53.601,	145918,	29260,	148257,	26206,	84.9,	69.79,	70.06,	95,	6,	27,	13,	14,	0,	0,	0,	0,	11,	0,	0,	0,	0,	
700000,	58.676,	150415,	25313,	149659,	24572,	84.63,	69.25,	69.27,	263,	8,	75,	37,	38,	0,	0,	0,	0,	11,	0,	0,	0,	0,	
750000,	63.334,	167488,	32907,	170036,	29210,	86.7,	73.4,	73.29,	403,	9,	115,	57,	58,	0,	0,	0,	0,	11,	0,	0,	0,	0,	
800000,	67.379,	171824,	29033,	171943,	27159,	87.39,	74.78,	74.81,	410,	10,	117,	58,	59,	0,	0,	0,	0,	12,	0,	0,	0,	0,	
850000,	70.884,	189034,	36645,	191657,	32305,	86.33,	72.67,	72.81,	424,	10,	121,	60,	61,	0,	0,	0,	0,	13,	0,	0,	0,	0,	
900000,	73.798,	193177,	32930,	193334,	30518,	85.49,	70.98,	70.84,	347,	10,	99,	49,	50,	0,	0,	0,	0,	14,	0,	0,	0,	0,	
950000,	76.111,	209932,	41110,	212548,	36051,	83.58,	67.16,	67.09,	144,	6,	41,	20,	21,	0,	0,	0,	0,	15,	0,	0,	0,	0,	
1000000,	77.894,	214247,	36798,	214459,	34455,	84.39,	68.78,	68.87,	305,	8,	87,	43,	44,	0,	0,	0,	0,	15,	0,	0,	0,	0,	

1000000,	77.894,	424179,	77908,	427007,	70506,	85.16,	70.32,	70.33,	305,	8,	87,	43,	44,	0,	0,	0,	0,	15,	0,	0,	0,	0,	
Pool,	TP,	FN,	TN,	FP
1,	4111,	1996,	6635,	5420,	
2,	36054,	9658,	20877,	6136,	
3,	51744,	13276,	82642,	15728,	
4,	124640,	23845,	127584,	14616,	
5,	207630,	29133,	189269,	28606,	





ASHT-ProcessRBF
Speed Change:,	0.01,	Centroids:,	100,	DriftCentroid:	100
GracePeriod:,	200,	TieThreshold:,	0.05000000074505806,	BinarySplit:,	false,	
MaxSize:,	128,	Reset:,	false
Count,	Time,	TP,	FN,	TN,	FP,	Accu,	Kappa,	Kpa_t,	Mem,	Depth,	TSize,	DcNod,	ActLf,	InacLf,	Reset,	Alter,	Switch,	Prune,	ClOp0,	ClOp1,	ClOp2,	ClOp3
50000,	7.377,	18598,	6281,	20351,	4769,	77.9,	55.78,	55.53,	137,	6,	39,	19,	20,	0,	0,	0,	0,	0,	0,	0,	0,	0,	
100000,	13.099,	20554,	4491,	21089,	3866,	83.29,	66.57,	66.43,	312,	8,	89,	44,	45,	0,	0,	0,	0,	0,	0,	0,	0,	0,	
150000,	18.776,	40056,	9775,	41599,	8569,	85.41,	70.82,	70.64,	431,	11,	123,	61,	62,	0,	0,	0,	0,	0,	0,	0,	0,	0,	
200000,	23.689,	42293,	7955,	42669,	7008,	86.79,	73.57,	73.73,	606,	13,	173,	86,	87,	0,	0,	0,	0,	0,	0,	0,	0,	0,	
250000,	27.819,	62016,	12936,	63425,	11601,	87.61,	75.22,	75.15,	739,	15,	211,	105,	106,	0,	0,	0,	0,	0,	0,	0,	0,	0,	
300000,	31.215,	64106,	11114,	64880,	9825,	88.05,	76.1,	76.31,	886,	17,	253,	126,	127,	0,	0,	0,	0,	0,	0,	0,	0,	0,	
350000,	34.027,	82378,	17404,	85209,	14987,	84.29,	68.57,	68.67,	522,	13,	149,	74,	75,	0,	0,	0,	0,	1,	0,	0,	0,	0,	
400000,	36.285,	85606,	14771,	86536,	13012,	86.31,	72.63,	72.62,	669,	14,	191,	95,	96,	0,	0,	0,	0,	1,	0,	0,	0,	0,	
450000,	38.065,	103872,	20769,	107326,	17913,	87.42,	74.83,	75.02,	830,	15,	237,	118,	119,	0,	0,	0,	0,	1,	0,	0,	0,	0,	
500000,	39.297,	106724,	18475,	108579,	16066,	86.48,	72.96,	72.93,	802,	15,	229,	114,	115,	0,	0,	0,	0,	2,	0,	0,	0,	0,	
550000,	40.856,	124957,	23860,	129092,	21086,	87.47,	74.94,	75.02,	767,	15,	219,	109,	110,	0,	0,	0,	0,	3,	0,	0,	0,	0,	
600000,	47.318,	127236,	21794,	130173,	19581,	86.33,	72.66,	72.6,	361,	15,	103,	51,	52,	0,	0,	0,	0,	4,	0,	0,	0,	0,	
650000,	52.969,	146149,	27768,	151015,	24063,	86.23,	72.46,	72.2,	522,	16,	149,	74,	75,	0,	0,	0,	0,	4,	0,	0,	0,	0,	
700000,	58.736,	148721,	25236,	152309,	22496,	87.28,	74.57,	74.8,	648,	18,	185,	92,	93,	0,	0,	0,	0,	4,	0,	0,	0,	0,	
750000,	63.287,	167890,	30903,	173194,	26974,	87.91,	75.81,	76.12,	830,	18,	237,	118,	119,	0,	0,	0,	0,	4,	0,	0,	0,	0,	
800000,	67.524,	170308,	28852,	173988,	25596,	86.57,	73.13,	73.08,	697,	18,	199,	99,	100,	0,	0,	0,	0,	5,	0,	0,	0,	0,	
850000,	70.879,	189447,	34360,	195122,	30032,	86.97,	73.94,	73.89,	837,	19,	239,	119,	120,	0,	0,	0,	0,	5,	0,	0,	0,	0,	
900000,	73.691,	191821,	32320,	196217,	28386,	87.48,	74.97,	74.74,	774,	17,	221,	110,	111,	0,	0,	0,	0,	7,	0,	0,	0,	0,	
950000,	76.0,	210667,	37700,	217567,	32593,	88.2,	76.4,	76.27,	123,	8,	35,	17,	18,	0,	0,	0,	0,	8,	0,	0,	0,	0,	
1000000,	77.721,	212060,	37303,	217191,	32190,	82.43,	64.86,	64.97,	270,	10,	77,	38,	39,	0,	0,	0,	0,	8,	0,	0,	0,	0,	

1000000,	77.721,	422727,	75003,	434758,	64783,	86.02,	72.04,	72.04,	270,	10,	77,	38,	39,	0,	0,	0,	0,	8,	0,	0,	0,	0,	
Pool,	TP,	FN,	TN,	FP
1,	4836,	1976,	8337,	3028,	
2,	27125,	9291,	27196,	9102,	
3,	84123,	13792,	58673,	6966,	
4,	93695,	15857,	158477,	22699,	
5,	212948,	34087,	182075,	22988,	





