HT-ProcessRBF
Speed Change:,	0.0,	Centroids:,	100,	DriftCentroid:	100
GracePeriod:,	200,	TieThreshold:,	0.05,	BinarySplit:,	false
Count,	Time,	TP,	FN,	TN,	FP,	Accu,	Kappa,	Kpa_t,	Mem,	Depth,	TSize,	DcNod,	ActLf,	InacLf,	Reset,	Alter,	Switch,	Prune,	ClOp0,	ClOp1,	ClOp2,	ClOp3
50000,	7.146,	20308,	5067,	19487,	5137,	79.59,	59.17,	59.22,	165,	7,	47,	23,	24,	0,	0,	0,	0,	0,	0,	0,	0,	0,	
100000,	12.014,	22133,	3518,	20626,	3723,	85.52,	71.01,	71.1,	305,	10,	87,	43,	44,	0,	0,	0,	0,	0,	0,	0,	0,	0,	
150000,	16.309,	42702,	8084,	40602,	8611,	87.02,	74.02,	74.07,	480,	13,	137,	68,	69,	0,	0,	0,	0,	0,	0,	0,	0,	0,	
200000,	20.133,	44585,	6527,	41948,	6940,	87.55,	75.08,	75.09,	634,	15,	181,	90,	91,	0,	0,	0,	0,	0,	0,	0,	0,	0,	
250000,	23.471,	65547,	10697,	62010,	11745,	88.51,	77.0,	77.0,	774,	16,	221,	110,	111,	0,	0,	0,	0,	0,	0,	0,	0,	0,	
300000,	26.326,	67300,	8999,	63315,	9969,	89.0,	77.97,	77.93,	907,	17,	259,	129,	130,	0,	0,	0,	0,	0,	0,	0,	0,	0,	
350000,	28.713,	87474,	13093,	83604,	14615,	89.46,	78.91,	78.84,	1096,	19,	313,	156,	157,	0,	0,	0,	0,	0,	0,	0,	0,	0,	
400000,	30.595,	89850,	11391,	85001,	12713,	89.73,	79.43,	79.38,	1201,	20,	343,	171,	172,	0,	0,	0,	0,	0,	0,	0,	0,	0,	
450000,	32.032,	108393,	15553,	105425,	17232,	89.84,	79.67,	79.74,	1362,	21,	389,	194,	195,	0,	0,	0,	0,	0,	0,	0,	0,	0,	
500000,	32.904,	111978,	13787,	107241,	15223,	90.18,	80.37,	80.35,	1495,	23,	427,	213,	214,	0,	0,	0,	0,	0,	0,	0,	0,	0,	
550000,	34.611,	131337,	17841,	127543,	19721,	90.44,	80.88,	80.97,	1670,	24,	477,	238,	239,	0,	0,	0,	0,	0,	0,	0,	0,	0,	
600000,	39.863,	132487,	15893,	129186,	17664,	90.9,	81.79,	81.78,	1803,	24,	515,	257,	258,	0,	0,	0,	0,	0,	0,	0,	0,	0,	
650000,	44.654,	151539,	19931,	149631,	22163,	90.93,	81.85,	81.97,	1950,	25,	557,	278,	279,	0,	0,	0,	0,	0,	0,	0,	0,	0,	
700000,	48.918,	151573,	18004,	151371,	20059,	90.99,	81.96,	81.86,	2041,	25,	583,	291,	292,	0,	0,	0,	0,	0,	0,	0,	0,	0,	
750000,	52.693,	171620,	22066,	171605,	24600,	90.85,	81.69,	81.61,	2181,	25,	623,	311,	312,	0,	0,	0,	0,	0,	0,	0,	0,	0,	
800000,	55.989,	172265,	20069,	173585,	22441,	91.1,	82.2,	82.2,	2314,	25,	661,	330,	331,	0,	0,	0,	0,	0,	0,	0,	0,	0,	
850000,	58.792,	192195,	24062,	193684,	26955,	91.29,	82.57,	82.61,	2384,	26,	681,	340,	341,	0,	0,	0,	0,	0,	0,	0,	0,	0,	
900000,	61.15,	192277,	22113,	195856,	24775,	91.24,	82.48,	82.5,	2538,	26,	725,	362,	363,	0,	0,	0,	0,	0,	0,	0,	0,	0,	
950000,	63.042,	212399,	26077,	215877,	29259,	91.36,	82.71,	82.69,	2643,	26,	755,	377,	378,	0,	0,	0,	0,	0,	0,	0,	0,	0,	
1000000,	64.47,	212383,	24148,	217968,	27026,	91.42,	82.83,	82.78,	2769,	26,	791,	395,	396,	0,	0,	0,	0,	0,	0,	0,	0,	0,	

1000000,	64.47,	424782,	50225,	433845,	56285,	89.35,	78.68,	78.68,	2769,	26,	791,	395,	396,	0,	0,	0,	0,	0,	0,	0,	0,	0,	
Pool,	TP,	FN,	TN,	FP
1,	4270,	1681,	8191,	4006,	
2,	34232,	6821,	21854,	9675,	
3,	131288,	10043,	17684,	3404,	
4,	96506,	12537,	164920,	16108,	
5,	158486,	19143,	221196,	23092,	





HT-ProcessRBF
Speed Change:,	0.001,	Centroids:,	100,	DriftCentroid:	100
GracePeriod:,	200,	TieThreshold:,	0.05,	BinarySplit:,	false
Count,	Time,	TP,	FN,	TN,	FP,	Accu,	Kappa,	Kpa_t,	Mem,	Depth,	TSize,	DcNod,	ActLf,	InacLf,	Reset,	Alter,	Switch,	Prune,	ClOp0,	ClOp1,	ClOp2,	ClOp3
50000,	6.604,	16198,	5361,	23001,	5438,	78.4,	55.99,	56.12,	151,	8,	43,	21,	22,	0,	0,	0,	0,	0,	0,	0,	0,	0,	
100000,	11.382,	17851,	3865,	24261,	4023,	84.22,	67.92,	67.78,	298,	12,	85,	42,	43,	0,	0,	0,	0,	0,	0,	0,	0,	0,	
150000,	15.678,	34342,	8699,	47985,	8972,	86.26,	71.99,	71.85,	459,	16,	131,	65,	66,	0,	0,	0,	0,	0,	0,	0,	0,	0,	
200000,	19.504,	36492,	6865,	49592,	7051,	87.94,	75.45,	75.42,	634,	20,	181,	90,	91,	0,	0,	0,	0,	0,	0,	0,	0,	0,	
250000,	22.83,	53109,	11559,	73606,	11724,	88.78,	77.12,	77.09,	774,	22,	221,	110,	111,	0,	0,	0,	0,	0,	0,	0,	0,	0,	
300000,	25.72,	55327,	9543,	75553,	9577,	89.59,	78.75,	78.67,	949,	23,	271,	135,	136,	0,	0,	0,	0,	0,	0,	0,	0,	0,	
350000,	28.124,	72139,	14181,	99503,	14175,	89.85,	79.32,	79.3,	1068,	24,	305,	152,	153,	0,	0,	0,	0,	0,	0,	0,	0,	0,	
400000,	30.014,	74373,	12029,	101557,	12041,	90.1,	79.81,	79.88,	1194,	26,	341,	170,	171,	0,	0,	0,	0,	0,	0,	0,	0,	0,	
450000,	31.458,	91064,	16652,	125565,	16634,	90.14,	79.88,	80.01,	1334,	28,	381,	190,	191,	0,	0,	0,	0,	0,	0,	0,	0,	0,	
500000,	32.35,	93631,	14403,	127465,	14490,	90.35,	80.36,	80.34,	1467,	28,	419,	209,	210,	0,	0,	0,	0,	0,	0,	0,	0,	0,	
550000,	34.104,	109665,	19064,	151680,	19019,	90.41,	80.43,	80.39,	1649,	29,	471,	235,	236,	0,	0,	0,	0,	0,	0,	0,	0,	0,	
600000,	39.358,	111758,	16676,	153575,	16806,	90.82,	81.29,	81.36,	1782,	30,	509,	254,	255,	0,	0,	0,	0,	0,	0,	0,	0,	0,	
650000,	44.112,	127837,	21398,	177757,	21319,	90.73,	81.11,	81.24,	1901,	30,	543,	271,	272,	0,	0,	0,	0,	0,	0,	0,	0,	0,	
700000,	48.469,	129095,	18974,	179717,	19033,	90.95,	81.55,	81.47,	2069,	30,	591,	295,	296,	0,	0,	0,	0,	0,	0,	0,	0,	0,	
750000,	52.354,	145481,	23649,	203964,	23460,	91.21,	82.1,	82.1,	2181,	30,	623,	311,	312,	0,	0,	0,	0,	0,	0,	0,	0,	0,	
800000,	55.77,	146304,	21247,	205970,	21202,	91.11,	81.87,	81.86,	2328,	30,	665,	332,	333,	0,	0,	0,	0,	0,	0,	0,	0,	0,	
850000,	58.716,	162351,	25950,	230252,	25525,	91.26,	82.18,	82.21,	2517,	30,	719,	359,	360,	0,	0,	0,	0,	0,	0,	0,	0,	0,	
900000,	61.151,	164034,	23406,	232086,	23280,	91.52,	82.75,	82.71,	2664,	30,	761,	380,	381,	0,	0,	0,	0,	0,	0,	0,	0,	0,	
950000,	63.073,	180628,	28087,	256409,	27684,	91.4,	82.5,	82.65,	2790,	30,	797,	398,	399,	0,	0,	0,	0,	0,	0,	0,	0,	0,	
1000000,	64.507,	182359,	25482,	258329,	25378,	91.65,	82.99,	83.07,	2916,	31,	833,	416,	417,	0,	0,	0,	0,	0,	0,	0,	0,	0,	

1000000,	64.507,	362987,	53569,	514738,	53062,	89.33,	78.27,	78.28,	2916,	31,	833,	416,	417,	0,	0,	0,	0,	0,	0,	0,	0,	0,	
Pool,	TP,	FN,	TN,	FP
1,	5682,	2072,	8645,	1796,	
2,	22827,	7826,	36537,	5517,	
3,	69129,	10300,	73808,	9310,	
4,	112486,	10914,	147571,	13043,	
5,	152863,	22457,	248177,	23396,	





HT-ProcessRBF
Speed Change:,	0.01,	Centroids:,	100,	DriftCentroid:	100
GracePeriod:,	200,	TieThreshold:,	0.05,	BinarySplit:,	false
Count,	Time,	TP,	FN,	TN,	FP,	Accu,	Kappa,	Kpa_t,	Mem,	Depth,	TSize,	DcNod,	ActLf,	InacLf,	Reset,	Alter,	Switch,	Prune,	ClOp0,	ClOp1,	ClOp2,	ClOp3
50000,	6.535,	28406,	3268,	12322,	6003,	81.46,	58.77,	59.89,	144,	7,	41,	20,	21,	0,	0,	0,	0,	0,	0,	0,	0,	0,	
100000,	11.406,	28455,	3008,	14655,	3882,	86.22,	70.18,	70.64,	312,	9,	89,	44,	45,	0,	0,	0,	0,	0,	0,	0,	0,	0,	
150000,	15.715,	57206,	5963,	27383,	9447,	87.72,	73.44,	73.61,	466,	10,	133,	66,	67,	0,	0,	0,	0,	0,	0,	0,	0,	0,	
200000,	19.517,	57679,	5371,	29721,	7179,	88.68,	75.38,	75.66,	578,	11,	165,	82,	83,	0,	0,	0,	0,	0,	0,	0,	0,	0,	
250000,	22.862,	86422,	8211,	42754,	12612,	89.17,	76.56,	76.9,	760,	13,	217,	108,	109,	0,	0,	0,	0,	0,	0,	0,	0,	0,	
300000,	25.741,	87316,	7350,	45128,	10156,	90.09,	78.44,	78.77,	921,	14,	263,	131,	132,	0,	0,	0,	0,	0,	0,	0,	0,	0,	
350000,	28.137,	116089,	10049,	58359,	15502,	90.54,	79.47,	79.82,	1082,	16,	309,	154,	155,	0,	0,	0,	0,	0,	0,	0,	0,	0,	
400000,	30.011,	117229,	9098,	60665,	12958,	90.9,	80.17,	80.4,	1201,	17,	343,	171,	172,	0,	0,	0,	0,	0,	0,	0,	0,	0,	
450000,	31.436,	145885,	11784,	74014,	18316,	90.9,	80.23,	80.49,	1341,	18,	383,	191,	192,	0,	0,	0,	0,	0,	0,	0,	0,	0,	
500000,	32.346,	146665,	10868,	76239,	15676,	91.02,	80.43,	80.7,	1551,	19,	443,	221,	222,	0,	0,	0,	0,	0,	0,	0,	0,	0,	
550000,	33.816,	175001,	13460,	89841,	20929,	91.42,	81.37,	81.75,	1677,	20,	479,	239,	240,	0,	0,	0,	0,	0,	0,	0,	0,	0,	
600000,	39.035,	175250,	12513,	92202,	18322,	91.42,	81.43,	81.78,	1838,	21,	525,	262,	263,	0,	0,	0,	0,	0,	0,	0,	0,	0,	
650000,	43.835,	202431,	15232,	105935,	23373,	91.56,	81.78,	81.97,	1985,	22,	567,	283,	284,	0,	0,	0,	0,	0,	0,	0,	0,	0,	
700000,	48.133,	203348,	14236,	108137,	20719,	91.76,	82.11,	82.33,	2125,	23,	607,	303,	304,	0,	0,	0,	0,	0,	0,	0,	0,	0,	
750000,	51.958,	229952,	16857,	121822,	25859,	91.77,	82.13,	82.3,	2230,	24,	637,	318,	319,	0,	0,	0,	0,	0,	0,	0,	0,	0,	
800000,	55.342,	230860,	15864,	124017,	23137,	91.9,	82.39,	82.55,	2405,	25,	687,	343,	344,	0,	0,	0,	0,	0,	0,	0,	0,	0,	
850000,	58.207,	258263,	18513,	138056,	28192,	92.02,	82.77,	82.85,	2559,	26,	731,	365,	366,	0,	0,	0,	0,	0,	0,	0,	0,	0,	
900000,	60.577,	257788,	17520,	139870,	25432,	92.1,	82.78,	82.86,	2727,	27,	779,	389,	390,	0,	0,	0,	0,	0,	0,	0,	0,	0,	
950000,	62.483,	282384,	20249,	154134,	30509,	91.89,	82.44,	82.48,	2825,	27,	807,	403,	404,	0,	0,	0,	0,	0,	0,	0,	0,	0,	
1000000,	63.913,	282081,	19199,	155916,	27748,	92.0,	82.67,	82.74,	2972,	27,	849,	424,	425,	0,	0,	0,	0,	0,	0,	0,	0,	0,	

1000000,	63.913,	564465,	39448,	310050,	58257,	90.23,	78.77,	79.03,	2972,	27,	849,	424,	425,	0,	0,	0,	0,	0,	0,	0,	0,	0,	
Pool,	TP,	FN,	TN,	FP
1,	8668,	2362,	4544,	2633,	
2,	33821,	4082,	25479,	9303,	
3,	63008,	7820,	68226,	22374,	
4,	174098,	11186,	91881,	7698,	
5,	284870,	13998,	119920,	16249,	





HT-ProcessRBF
Speed Change:,	0.1,	Centroids:,	100,	DriftCentroid:	100
GracePeriod:,	200,	TieThreshold:,	0.05,	BinarySplit:,	false
Count,	Time,	TP,	FN,	TN,	FP,	Accu,	Kappa,	Kpa_t,	Mem,	Depth,	TSize,	DcNod,	ActLf,	InacLf,	Reset,	Alter,	Switch,	Prune,	ClOp0,	ClOp1,	ClOp2,	ClOp3
50000,	6.436,	32197,	2379,	8436,	6986,	81.27,	52.13,	56.11,	144,	8,	41,	20,	21,	0,	0,	0,	0,	0,	0,	0,	0,	0,	
100000,	11.252,	31510,	3121,	11337,	4032,	85.69,	65.84,	66.07,	298,	12,	85,	42,	43,	0,	0,	0,	0,	0,	0,	0,	0,	0,	
150000,	15.599,	63775,	5360,	20392,	10471,	87.07,	69.43,	69.55,	438,	15,	125,	62,	63,	0,	0,	0,	0,	0,	0,	0,	0,	0,	
200000,	19.471,	63082,	5789,	23696,	7324,	88.08,	71.98,	72.14,	578,	17,	165,	82,	83,	0,	0,	0,	0,	0,	0,	0,	0,	0,	
250000,	22.843,	95973,	7674,	32640,	13711,	88.89,	73.59,	74.06,	732,	20,	209,	104,	105,	0,	0,	0,	0,	0,	0,	0,	0,	0,	
300000,	25.712,	94902,	8006,	36047,	10473,	89.27,	74.49,	75.03,	844,	21,	241,	120,	121,	0,	0,	0,	0,	0,	0,	0,	0,	0,	
350000,	28.088,	127587,	9923,	45331,	16683,	89.55,	75.41,	75.75,	984,	22,	281,	140,	141,	0,	0,	0,	0,	0,	0,	0,	0,	0,	
400000,	30.016,	124594,	10201,	48778,	13382,	89.79,	75.95,	76.08,	1124,	24,	321,	160,	161,	0,	0,	0,	0,	0,	0,	0,	0,	0,	
450000,	31.478,	158925,	12183,	58023,	19509,	89.82,	75.98,	76.26,	1285,	26,	367,	183,	184,	0,	0,	0,	0,	0,	0,	0,	0,	0,	
500000,	32.38,	154504,	12300,	61430,	16197,	90.17,	76.69,	76.79,	1467,	26,	419,	209,	210,	0,	0,	0,	0,	0,	0,	0,	0,	0,	
550000,	33.769,	186423,	14152,	70807,	22124,	90.83,	78.23,	78.52,	1614,	27,	461,	230,	231,	0,	0,	0,	0,	0,	0,	0,	0,	0,	
600000,	39.001,	181719,	14522,	74223,	18930,	90.08,	76.63,	76.82,	1740,	27,	497,	248,	249,	0,	0,	0,	0,	0,	0,	0,	0,	0,	
650000,	43.82,	215558,	16131,	83481,	24865,	90.56,	77.55,	77.73,	1866,	27,	533,	266,	267,	0,	0,	0,	0,	0,	0,	0,	0,	0,	
700000,	48.136,	208557,	16544,	86977,	21567,	90.68,	77.88,	78.36,	2027,	27,	579,	289,	290,	0,	0,	0,	0,	0,	0,	0,	0,	0,	
750000,	51.964,	242647,	18058,	96308,	27535,	90.8,	78.21,	78.64,	2153,	28,	615,	307,	308,	0,	0,	0,	0,	0,	0,	0,	0,	0,	
800000,	55.328,	235724,	18486,	100155,	24066,	91.11,	79.16,	79.44,	2293,	28,	655,	327,	328,	0,	0,	0,	0,	0,	0,	0,	0,	0,	
850000,	58.21,	269260,	20033,	109396,	29987,	91.14,	79.14,	79.4,	2412,	28,	689,	344,	345,	0,	0,	0,	0,	0,	0,	0,	0,	0,	
900000,	60.569,	260762,	20436,	113276,	26520,	91.18,	79.26,	79.41,	2517,	29,	719,	359,	360,	0,	0,	0,	0,	0,	0,	0,	0,	0,	
950000,	62.489,	294772,	21930,	122442,	32501,	91.17,	79.18,	79.36,	2678,	30,	765,	382,	383,	0,	0,	0,	0,	0,	0,	0,	0,	0,	
1000000,	63.926,	285768,	22249,	126272,	29017,	91.37,	79.58,	79.93,	2832,	30,	809,	404,	405,	0,	0,	0,	0,	0,	0,	0,	0,	0,	

1000000,	63.926,	580540,	44179,	248714,	61518,	89.43,	74.91,	75.29,	2832,	30,	809,	404,	405,	0,	0,	0,	0,	0,	0,	0,	0,	0,	
Pool,	TP,	FN,	TN,	FP
1,	6857,	1411,	6474,	3346,	
2,	35359,	6443,	21511,	8940,	
3,	83232,	7466,	55954,	12818,	
4,	181984,	14974,	73792,	12390,	
5,	273108,	13885,	90983,	24024,	





HT-ProcessRBF
Speed Change:,	1.0,	Centroids:,	100,	DriftCentroid:	100
GracePeriod:,	200,	TieThreshold:,	0.05,	BinarySplit:,	false
Count,	Time,	TP,	FN,	TN,	FP,	Accu,	Kappa,	Kpa_t,	Mem,	Depth,	TSize,	DcNod,	ActLf,	InacLf,	Reset,	Alter,	Switch,	Prune,	ClOp0,	ClOp1,	ClOp2,	ClOp3
50000,	6.593,	20513,	5278,	19058,	5149,	79.14,	58.25,	58.2,	137,	8,	39,	19,	20,	0,	0,	0,	0,	0,	0,	0,	0,	0,	
100000,	11.452,	22281,	3301,	20606,	3812,	85.77,	71.52,	71.4,	298,	13,	85,	42,	43,	0,	0,	0,	0,	0,	0,	0,	0,	0,	
150000,	15.796,	43390,	7986,	40045,	8574,	87.73,	75.43,	75.48,	445,	15,	127,	63,	64,	0,	0,	0,	0,	0,	0,	0,	0,	0,	
200000,	19.622,	45584,	5806,	41401,	7187,	88.24,	76.43,	76.56,	585,	18,	167,	83,	84,	0,	0,	0,	0,	0,	0,	0,	0,	0,	
250000,	22.934,	66444,	10315,	61038,	11879,	88.73,	77.41,	77.34,	739,	19,	211,	105,	106,	0,	0,	0,	0,	0,	0,	0,	0,	0,	
300000,	25.806,	68984,	8028,	62529,	10365,	89.2,	78.36,	78.49,	914,	21,	261,	130,	131,	0,	0,	0,	0,	0,	0,	0,	0,	0,	
350000,	28.188,	88151,	12572,	82377,	14969,	89.31,	78.58,	78.48,	1040,	23,	297,	148,	149,	0,	0,	0,	0,	0,	0,	0,	0,	0,	
400000,	30.073,	92286,	10220,	83965,	13266,	89.81,	79.59,	79.71,	1159,	24,	331,	165,	166,	0,	0,	0,	0,	0,	0,	0,	0,	0,	
450000,	31.505,	111457,	14630,	103904,	17792,	90.24,	80.44,	80.65,	1313,	25,	375,	187,	188,	0,	0,	0,	0,	0,	0,	0,	0,	0,	
500000,	32.455,	115910,	12366,	105338,	16025,	90.19,	80.34,	80.45,	1460,	25,	417,	208,	209,	0,	0,	0,	0,	0,	0,	0,	0,	0,	
550000,	33.742,	134229,	16592,	125573,	20470,	90.72,	81.41,	81.37,	1684,	25,	481,	240,	241,	0,	0,	0,	0,	0,	0,	0,	0,	0,	
600000,	39.126,	137073,	16957,	123077,	22523,	77.82,	55.49,	55.69,	1873,	25,	535,	267,	268,	0,	0,	0,	0,	0,	0,	0,	0,	0,	
650000,	43.968,	156846,	19708,	145582,	24728,	85.25,	70.44,	70.42,	2006,	25,	573,	286,	287,	0,	0,	0,	0,	0,	0,	0,	0,	0,	
700000,	48.262,	160049,	19647,	143500,	26434,	86.8,	73.54,	73.76,	2153,	25,	615,	307,	308,	0,	0,	0,	0,	0,	0,	0,	0,	0,	
750000,	52.115,	179972,	22063,	166385,	28443,	87.86,	75.68,	75.67,	2279,	25,	651,	325,	326,	0,	0,	0,	0,	0,	0,	0,	0,	0,	
800000,	55.476,	183368,	22019,	164375,	29868,	88.39,	76.73,	76.66,	2447,	25,	699,	349,	350,	0,	0,	0,	0,	0,	0,	0,	0,	0,	
850000,	58.315,	203022,	24353,	187593,	31677,	88.95,	77.87,	77.69,	2594,	26,	741,	370,	371,	0,	0,	0,	0,	0,	0,	0,	0,	0,	
900000,	60.717,	206767,	24280,	185597,	32931,	89.35,	78.66,	78.75,	2706,	26,	773,	386,	387,	0,	0,	0,	0,	0,	0,	0,	0,	0,	
950000,	62.619,	226362,	26492,	208985,	34720,	89.63,	79.24,	79.29,	2902,	26,	829,	414,	415,	0,	0,	0,	0,	0,	0,	0,	0,	0,	
1000000,	64.063,	229579,	26621,	207046,	35860,	89.46,	78.89,	78.82,	3056,	26,	873,	436,	437,	0,	0,	0,	0,	0,	0,	0,	0,	0,	

1000000,	64.063,	455941,	53113,	416031,	70580,	87.63,	75.22,	75.25,	3056,	26,	873,	436,	437,	0,	0,	0,	0,	0,	0,	0,	0,	0,	
Pool,	TP,	FN,	TN,	FP
1,	3544,	1265,	6974,	6290,	
2,	40679,	6198,	21213,	4630,	
3,	84753,	8364,	56674,	13464,	
4,	141524,	14801,	117411,	15323,	
5,	185441,	22485,	213759,	30873,	





HT-ProcessRBF
Speed Change:,	0.01,	Centroids:,	50,	DriftCentroid:	50
GracePeriod:,	200,	TieThreshold:,	0.05,	BinarySplit:,	false
Count,	Time,	TP,	FN,	TN,	FP,	Accu,	Kappa,	Kpa_t,	Mem,	Depth,	TSize,	DcNod,	ActLf,	InacLf,	Reset,	Alter,	Switch,	Prune,	ClOp0,	ClOp1,	ClOp2,	ClOp3
50000,	6.243,	21892,	4151,	18589,	5367,	80.96,	61.78,	62.0,	130,	6,	37,	18,	19,	0,	0,	0,	0,	0,	0,	0,	0,	0,	
100000,	11.054,	23030,	2998,	20128,	3844,	86.32,	72.55,	72.56,	291,	9,	83,	41,	42,	0,	0,	0,	0,	0,	0,	0,	0,	0,	
150000,	15.321,	45280,	6710,	39273,	8736,	88.14,	76.22,	76.32,	438,	10,	125,	62,	63,	0,	0,	0,	0,	0,	0,	0,	0,	0,	
200000,	19.166,	46402,	5528,	41385,	6685,	89.26,	78.48,	78.67,	613,	11,	175,	87,	88,	0,	0,	0,	0,	0,	0,	0,	0,	0,	
250000,	22.481,	68278,	9331,	60886,	11257,	89.71,	79.4,	79.33,	788,	13,	225,	112,	113,	0,	0,	0,	0,	0,	0,	0,	0,	0,	
300000,	25.365,	69906,	8096,	62742,	9256,	89.72,	79.41,	79.39,	914,	15,	261,	130,	131,	0,	0,	0,	0,	0,	0,	0,	0,	0,	
350000,	27.738,	91174,	11689,	82370,	13635,	90.53,	81.01,	81.12,	1040,	15,	297,	148,	149,	0,	0,	0,	0,	0,	0,	0,	0,	0,	
400000,	29.648,	93620,	10378,	84251,	11624,	90.69,	81.34,	81.32,	1194,	17,	341,	170,	171,	0,	0,	0,	0,	0,	0,	0,	0,	0,	
450000,	31.06,	114870,	13722,	104141,	16069,	91.07,	82.1,	82.01,	1341,	17,	383,	191,	192,	0,	0,	0,	0,	0,	0,	0,	0,	0,	
500000,	31.951,	113983,	12610,	105993,	13845,	91.09,	82.15,	82.1,	1509,	18,	431,	215,	216,	0,	0,	0,	0,	0,	0,	0,	0,	0,	
550000,	33.321,	134259,	16010,	126078,	18105,	91.34,	82.67,	82.55,	1691,	19,	483,	241,	242,	0,	0,	0,	0,	0,	0,	0,	0,	0,	
600000,	38.532,	134406,	14847,	127899,	15855,	91.5,	82.98,	83.01,	1838,	19,	525,	262,	263,	0,	0,	0,	0,	0,	0,	0,	0,	0,	
650000,	43.255,	153921,	18310,	147936,	20050,	91.51,	82.98,	82.98,	1964,	20,	561,	280,	281,	0,	0,	0,	0,	0,	0,	0,	0,	0,	
700000,	47.54,	153531,	17009,	150033,	17749,	91.88,	83.75,	83.86,	2062,	21,	589,	294,	295,	0,	0,	0,	0,	0,	0,	0,	0,	0,	
750000,	51.309,	172719,	20443,	170134,	21914,	92.0,	83.99,	83.9,	2223,	22,	635,	317,	318,	0,	0,	0,	0,	0,	0,	0,	0,	0,	
800000,	54.62,	173227,	19160,	172139,	19567,	92.05,	84.09,	84.02,	2314,	22,	661,	330,	331,	0,	0,	0,	0,	0,	0,	0,	0,	0,	
850000,	57.437,	192416,	22541,	192399,	23742,	92.15,	84.28,	84.27,	2426,	23,	693,	346,	347,	0,	0,	0,	0,	0,	0,	0,	0,	0,	
900000,	59.79,	192231,	21235,	194430,	21487,	92.01,	84.01,	84.02,	2531,	24,	723,	361,	362,	0,	0,	0,	0,	0,	0,	0,	0,	0,	
950000,	61.691,	210795,	24580,	214531,	25585,	92.23,	84.45,	84.39,	2692,	24,	769,	384,	385,	0,	0,	0,	0,	0,	0,	0,	0,	0,	
1000000,	63.095,	210040,	23332,	216901,	23236,	92.3,	84.6,	84.65,	2832,	25,	809,	404,	405,	0,	0,	0,	0,	0,	0,	0,	0,	0,	

1000000,	63.095,	420835,	47912,	431432,	48821,	90.32,	80.62,	80.62,	2832,	25,	809,	404,	405,	0,	0,	0,	0,	0,	0,	0,	0,	0,	
Pool,	TP,	FN,	TN,	FP
1,	6770,	4120,	6293,	935,	
2,	25315,	4493,	33702,	6544,	
3,	75932,	8044,	61178,	17091,	
4,	117909,	12509,	129808,	15261,	
5,	194909,	18746,	200451,	8990,	





HT-ProcessRBF
Speed Change:,	0.01,	Centroids:,	100,	DriftCentroid:	100
GracePeriod:,	200,	TieThreshold:,	0.05,	BinarySplit:,	false
Count,	Time,	TP,	FN,	TN,	FP,	Accu,	Kappa,	Kpa_t,	Mem,	Depth,	TSize,	DcNod,	ActLf,	InacLf,	Reset,	Alter,	Switch,	Prune,	ClOp0,	ClOp1,	ClOp2,	ClOp3
50000,	6.207,	21343,	4608,	19327,	4717,	81.35,	62.64,	62.8,	151,	8,	43,	21,	22,	0,	0,	0,	0,	0,	0,	0,	0,	0,	
100000,	11.007,	22735,	3118,	20462,	3685,	86.39,	72.74,	72.82,	298,	12,	85,	42,	43,	0,	0,	0,	0,	0,	0,	0,	0,	0,	
150000,	15.261,	44503,	7428,	40216,	7848,	88.1,	76.15,	76.19,	473,	16,	135,	67,	68,	0,	0,	0,	0,	0,	0,	0,	0,	0,	
200000,	19.063,	45844,	5793,	41802,	6422,	89.17,	78.32,	78.37,	634,	19,	181,	90,	91,	0,	0,	0,	0,	0,	0,	0,	0,	0,	
250000,	22.42,	68117,	9958,	61588,	10332,	89.97,	79.9,	79.97,	788,	22,	225,	112,	113,	0,	0,	0,	0,	0,	0,	0,	0,	0,	
300000,	25.298,	69555,	8015,	63402,	8889,	90.62,	81.21,	81.29,	921,	24,	263,	131,	132,	0,	0,	0,	0,	0,	0,	0,	0,	0,	
350000,	27.709,	91908,	12062,	83267,	12758,	90.94,	81.85,	81.8,	1061,	26,	303,	151,	152,	0,	0,	0,	0,	0,	0,	0,	0,	0,	
400000,	29.589,	92475,	10141,	85180,	11192,	91.14,	82.25,	82.26,	1187,	27,	339,	169,	170,	0,	0,	0,	0,	0,	0,	0,	0,	0,	
450000,	30.999,	115008,	14100,	105057,	14947,	91.54,	83.05,	83.05,	1341,	29,	383,	191,	192,	0,	0,	0,	0,	0,	0,	0,	0,	0,	
500000,	31.889,	115307,	12170,	106843,	13445,	91.43,	82.83,	82.95,	1467,	29,	419,	209,	210,	0,	0,	0,	0,	0,	0,	0,	0,	0,	
550000,	33.21,	135820,	16075,	126932,	17067,	91.8,	83.58,	83.71,	1621,	30,	463,	231,	232,	0,	0,	0,	0,	0,	0,	0,	0,	0,	
600000,	38.429,	136694,	14215,	128697,	15615,	91.57,	83.11,	83.12,	1747,	31,	499,	249,	250,	0,	0,	0,	0,	0,	0,	0,	0,	0,	
650000,	43.214,	156919,	17956,	148933,	19193,	91.98,	83.94,	83.83,	1859,	32,	531,	265,	266,	0,	0,	0,	0,	0,	0,	0,	0,	0,	
700000,	47.475,	157403,	16076,	150931,	17725,	92.05,	84.08,	83.99,	1978,	32,	565,	282,	283,	0,	0,	0,	0,	0,	0,	0,	0,	0,	
750000,	51.313,	177196,	19849,	170750,	21288,	92.02,	84.0,	84.07,	2118,	33,	605,	302,	303,	0,	0,	0,	0,	0,	0,	0,	0,	0,	
800000,	54.669,	176411,	17913,	172891,	19816,	92.14,	84.26,	84.21,	2272,	34,	649,	324,	325,	0,	0,	0,	0,	0,	0,	0,	0,	0,	
850000,	57.515,	195774,	21511,	192793,	23414,	92.42,	84.81,	84.82,	2419,	35,	691,	345,	346,	0,	0,	0,	0,	0,	0,	0,	0,	0,	
900000,	59.896,	194931,	19766,	194693,	21939,	92.04,	84.05,	84.08,	2566,	35,	733,	366,	367,	0,	0,	0,	0,	0,	0,	0,	0,	0,	
950000,	61.791,	214667,	23177,	214715,	25555,	92.38,	84.73,	84.72,	2692,	35,	769,	384,	385,	0,	0,	0,	0,	0,	0,	0,	0,	0,	
1000000,	63.193,	213697,	21423,	216517,	24082,	92.4,	84.76,	84.75,	2804,	36,	801,	400,	401,	0,	0,	0,	0,	0,	0,	0,	0,	0,	

1000000,	63.193,	428364,	44600,	431232,	49637,	90.57,	81.11,	81.13,	2804,	36,	801,	400,	401,	0,	0,	0,	0,	0,	0,	0,	0,	0,	
Pool,	TP,	FN,	TN,	FP
1,	5679,	2113,	6904,	3440,	
2,	27561,	5355,	31576,	8324,	
3,	73702,	7605,	70439,	11707,	
4,	133850,	15361,	119598,	14203,	
5,	187572,	14166,	202715,	11963,	





HT-ProcessRBF
Speed Change:,	0.01,	Centroids:,	150,	DriftCentroid:	100
GracePeriod:,	200,	TieThreshold:,	0.05,	BinarySplit:,	false
Count,	Time,	TP,	FN,	TN,	FP,	Accu,	Kappa,	Kpa_t,	Mem,	Depth,	TSize,	DcNod,	ActLf,	InacLf,	Reset,	Alter,	Switch,	Prune,	ClOp0,	ClOp1,	ClOp2,	ClOp3
50000,	6.202,	20934,	4715,	19833,	4517,	81.53,	63.05,	63.16,	158,	8,	45,	22,	23,	0,	0,	0,	0,	0,	0,	0,	0,	0,	
100000,	10.921,	22651,	3179,	20844,	3326,	86.99,	73.95,	73.99,	298,	11,	85,	42,	43,	0,	0,	0,	0,	0,	0,	0,	0,	0,	
150000,	15.199,	44207,	7405,	40760,	7627,	88.4,	76.75,	76.77,	480,	13,	137,	68,	69,	0,	0,	0,	0,	0,	0,	0,	0,	0,	
200000,	19.045,	46112,	5635,	42012,	6240,	89.26,	78.47,	78.49,	613,	15,	175,	87,	88,	0,	0,	0,	0,	0,	0,	0,	0,	0,	
250000,	22.338,	67266,	9955,	62372,	10406,	89.34,	78.67,	78.65,	767,	17,	219,	109,	110,	0,	0,	0,	0,	0,	0,	0,	0,	0,	
300000,	25.173,	69439,	8017,	63691,	8852,	90.01,	80.0,	79.91,	900,	19,	257,	128,	129,	0,	0,	0,	0,	0,	0,	0,	0,	0,	
350000,	27.571,	90170,	12372,	83938,	12973,	90.03,	80.03,	80.11,	1061,	20,	303,	151,	152,	0,	0,	0,	0,	0,	0,	0,	0,	0,	
400000,	29.454,	92488,	10360,	85450,	11274,	90.47,	80.91,	80.92,	1201,	21,	343,	171,	172,	0,	0,	0,	0,	0,	0,	0,	0,	0,	
450000,	30.894,	113429,	14491,	105878,	15428,	90.85,	81.68,	81.69,	1362,	22,	389,	194,	195,	0,	0,	0,	0,	0,	0,	0,	0,	0,	
500000,	31.775,	116129,	12450,	107428,	13553,	91.26,	82.5,	82.46,	1509,	23,	431,	215,	216,	0,	0,	0,	0,	0,	0,	0,	0,	0,	
550000,	33.041,	136471,	16530,	128014,	17819,	91.14,	82.26,	82.25,	1670,	24,	477,	238,	239,	0,	0,	0,	0,	0,	0,	0,	0,	0,	
600000,	38.268,	138419,	14494,	129282,	15847,	91.32,	82.62,	82.77,	1817,	25,	519,	259,	260,	0,	0,	0,	0,	0,	0,	0,	0,	0,	
650000,	43.07,	158504,	18554,	149999,	20101,	91.39,	82.76,	82.88,	1971,	25,	563,	281,	282,	0,	0,	0,	0,	0,	0,	0,	0,	0,	
700000,	47.304,	158067,	16507,	151226,	18057,	91.55,	83.08,	83.13,	2097,	25,	599,	299,	300,	0,	0,	0,	0,	0,	0,	0,	0,	0,	
750000,	51.069,	178185,	20594,	171957,	22292,	91.53,	83.04,	82.94,	2230,	25,	637,	318,	319,	0,	0,	0,	0,	0,	0,	0,	0,	0,	
800000,	54.39,	177510,	18401,	173442,	20332,	91.66,	83.31,	83.28,	2405,	25,	687,	343,	344,	0,	0,	0,	0,	0,	0,	0,	0,	0,	
850000,	57.234,	198034,	22484,	193779,	24480,	91.84,	83.65,	83.64,	2503,	25,	715,	357,	358,	0,	0,	0,	0,	0,	0,	0,	0,	0,	
900000,	59.584,	197170,	20354,	195374,	22588,	91.58,	83.14,	83.18,	2601,	26,	743,	371,	372,	0,	0,	0,	0,	0,	0,	0,	0,	0,	
950000,	61.458,	217938,	24384,	215717,	26747,	91.66,	83.29,	83.37,	2706,	26,	773,	386,	387,	0,	0,	0,	0,	0,	0,	0,	0,	0,	
1000000,	62.878,	217022,	22257,	217468,	24751,	91.87,	83.71,	83.72,	2832,	26,	809,	404,	405,	0,	0,	0,	0,	0,	0,	0,	0,	0,	

1000000,	62.878,	434960,	46641,	433185,	51498,	90.18,	80.34,	80.36,	2832,	26,	809,	404,	405,	0,	0,	0,	0,	0,	0,	0,	0,	0,	
Pool,	TP,	FN,	TN,	FP
1,	4836,	701,	10158,	2509,	
2,	20363,	3572,	40917,	7849,	
3,	69783,	7257,	76234,	10250,	
4,	177962,	21385,	86789,	3878,	
5,	162016,	13726,	219087,	27012,	





HT-ProcessRBF
Speed Change:,	0.01,	Centroids:,	200,	DriftCentroid:	100
GracePeriod:,	200,	TieThreshold:,	0.05,	BinarySplit:,	false
Count,	Time,	TP,	FN,	TN,	FP,	Accu,	Kappa,	Kpa_t,	Mem,	Depth,	TSize,	DcNod,	ActLf,	InacLf,	Reset,	Alter,	Switch,	Prune,	ClOp0,	ClOp1,	ClOp2,	ClOp3
50000,	6.522,	22201,	4476,	18394,	4928,	81.19,	62.16,	62.46,	151,	7,	43,	21,	22,	0,	0,	0,	0,	0,	0,	0,	0,	0,	
100000,	11.338,	23237,	3410,	20134,	3168,	86.84,	73.58,	73.34,	312,	12,	89,	44,	45,	0,	0,	0,	0,	0,	0,	0,	0,	0,	
150000,	15.678,	45610,	7373,	39050,	7532,	88.99,	77.9,	77.95,	452,	14,	129,	64,	65,	0,	0,	0,	0,	0,	0,	0,	0,	0,	
200000,	19.487,	47189,	6272,	40877,	5606,	89.4,	78.71,	78.7,	550,	14,	157,	78,	79,	0,	0,	0,	0,	0,	0,	0,	0,	0,	
250000,	22.819,	69685,	10085,	59863,	9838,	89.96,	79.83,	79.65,	725,	16,	207,	103,	104,	0,	0,	0,	0,	0,	0,	0,	0,	0,	
300000,	25.666,	70683,	8748,	61835,	7973,	90.31,	80.54,	80.6,	837,	18,	239,	119,	120,	0,	0,	0,	0,	0,	0,	0,	0,	0,	
350000,	28.059,	93540,	12449,	80796,	12140,	90.66,	81.24,	81.28,	970,	18,	277,	138,	139,	0,	0,	0,	0,	0,	0,	0,	0,	0,	
400000,	29.965,	94549,	11165,	83005,	10126,	90.85,	81.64,	81.63,	1131,	20,	323,	161,	162,	0,	0,	0,	0,	0,	0,	0,	0,	0,	
450000,	31.395,	116249,	14663,	102031,	14318,	91.21,	82.35,	82.32,	1278,	20,	365,	182,	183,	0,	0,	0,	0,	0,	0,	0,	0,	0,	
500000,	32.297,	117691,	13469,	103909,	12247,	91.15,	82.19,	82.27,	1453,	22,	415,	207,	208,	0,	0,	0,	0,	0,	0,	0,	0,	0,	
550000,	33.949,	139164,	16840,	123284,	16323,	91.63,	83.19,	83.11,	1635,	22,	467,	233,	234,	0,	0,	0,	0,	0,	0,	0,	0,	0,	
600000,	39.138,	139840,	15471,	124953,	14112,	92.26,	84.42,	84.38,	1740,	24,	497,	248,	249,	0,	0,	0,	0,	0,	0,	0,	0,	0,	
650000,	43.865,	160888,	18944,	144453,	18210,	92.01,	83.93,	83.95,	1866,	24,	533,	266,	267,	0,	0,	0,	0,	0,	0,	0,	0,	0,	
700000,	48.192,	160916,	17470,	146266,	16049,	92.12,	84.17,	84.08,	2006,	25,	573,	286,	287,	0,	0,	0,	0,	0,	0,	0,	0,	0,	
750000,	52.216,	181175,	20969,	165645,	20222,	91.92,	83.76,	83.69,	2139,	25,	611,	305,	306,	0,	0,	0,	0,	0,	0,	0,	0,	0,	
800000,	55.639,	181230,	19526,	167717,	17928,	92.12,	84.18,	84.21,	2314,	26,	661,	330,	331,	0,	0,	0,	0,	0,	0,	0,	0,	0,	
850000,	58.492,	201236,	22939,	187205,	22058,	92.38,	84.71,	84.83,	2440,	26,	697,	348,	349,	0,	0,	0,	0,	0,	0,	0,	0,	0,	
900000,	60.876,	200666,	21651,	188914,	19738,	92.12,	84.16,	84.08,	2552,	26,	729,	364,	365,	0,	0,	0,	0,	0,	0,	0,	0,	0,	
950000,	62.77,	221093,	24952,	208624,	23847,	92.39,	84.71,	84.6,	2734,	27,	781,	390,	391,	0,	0,	0,	0,	0,	0,	0,	0,	0,	
1000000,	64.194,	218535,	23667,	210578,	21455,	92.53,	85.02,	85.02,	2853,	27,	815,	407,	408,	0,	0,	0,	0,	0,	0,	0,	0,	0,	

1000000,	64.194,	439628,	48619,	419202,	45302,	90.6,	81.12,	81.1,	2853,	27,	815,	407,	408,	0,	0,	0,	0,	0,	0,	0,	0,	0,	
Pool,	TP,	FN,	TN,	FP
1,	3663,	2267,	8791,	3467,	
2,	25934,	8851,	30465,	7535,	
3,	50376,	10152,	92700,	9625,	
4,	137703,	9635,	128952,	11081,	
5,	221952,	17714,	158294,	13594,	





HT-ProcessRBF
Speed Change:,	0.01,	Centroids:,	250,	DriftCentroid:	100
GracePeriod:,	200,	TieThreshold:,	0.05,	BinarySplit:,	false
Count,	Time,	TP,	FN,	TN,	FP,	Accu,	Kappa,	Kpa_t,	Mem,	Depth,	TSize,	DcNod,	ActLf,	InacLf,	Reset,	Alter,	Switch,	Prune,	ClOp0,	ClOp1,	ClOp2,	ClOp3
50000,	6.121,	22092,	4499,	17361,	6041,	78.92,	57.49,	57.61,	130,	6,	37,	18,	19,	0,	0,	0,	0,	0,	0,	0,	0,	0,	
100000,	10.939,	23791,	2811,	19332,	4066,	86.25,	72.29,	72.2,	291,	10,	83,	41,	42,	0,	0,	0,	0,	0,	0,	0,	0,	0,	
150000,	15.375,	46151,	6957,	37384,	9501,	88.16,	76.18,	76.22,	452,	13,	129,	64,	65,	0,	0,	0,	0,	0,	0,	0,	0,	0,	
200000,	19.183,	47900,	5169,	39513,	7418,	88.58,	77.03,	77.1,	578,	16,	165,	82,	83,	0,	0,	0,	0,	0,	0,	0,	0,	0,	
250000,	22.532,	70475,	9219,	57551,	12748,	88.98,	77.82,	77.75,	753,	19,	215,	107,	108,	0,	0,	0,	0,	0,	0,	0,	0,	0,	
300000,	25.376,	72558,	7204,	59521,	10717,	89.33,	78.49,	78.54,	914,	21,	261,	130,	131,	0,	0,	0,	0,	0,	0,	0,	0,	0,	
350000,	27.743,	95235,	11143,	77564,	16051,	89.55,	78.92,	79.1,	1026,	22,	293,	146,	147,	0,	0,	0,	0,	0,	0,	0,	0,	0,	
400000,	29.668,	97194,	9196,	79622,	13973,	89.5,	78.84,	78.93,	1194,	24,	341,	170,	171,	0,	0,	0,	0,	0,	0,	0,	0,	0,	
450000,	31.098,	119522,	13109,	98143,	19183,	89.8,	79.5,	79.66,	1397,	25,	399,	199,	200,	0,	0,	0,	0,	0,	0,	0,	0,	0,	
500000,	31.958,	121555,	11184,	99888,	16913,	90.14,	80.12,	80.23,	1495,	26,	427,	213,	214,	0,	0,	0,	0,	0,	0,	0,	0,	0,	
550000,	33.2,	144247,	14913,	118669,	22128,	90.5,	80.88,	80.77,	1642,	27,	469,	234,	235,	0,	0,	0,	0,	0,	0,	0,	0,	0,	
600000,	38.363,	146360,	13020,	120347,	19813,	90.53,	80.92,	81.07,	1789,	29,	511,	255,	256,	0,	0,	0,	0,	0,	0,	0,	0,	0,	
650000,	43.159,	168305,	16793,	139265,	24932,	90.63,	81.13,	81.19,	1908,	29,	545,	272,	273,	0,	0,	0,	0,	0,	0,	0,	0,	0,	
700000,	47.419,	170773,	14974,	141007,	22461,	90.8,	81.47,	81.33,	2034,	30,	581,	290,	291,	0,	0,	0,	0,	0,	0,	0,	0,	0,	
750000,	51.232,	191281,	18736,	160243,	27595,	90.79,	81.49,	81.38,	2209,	31,	631,	315,	316,	0,	0,	0,	0,	0,	0,	0,	0,	0,	
800000,	54.559,	193766,	16934,	161968,	25007,	90.98,	81.87,	81.62,	2300,	31,	657,	328,	329,	0,	0,	0,	0,	0,	0,	0,	0,	0,	
850000,	57.438,	214906,	20641,	181133,	30191,	90.99,	81.89,	81.94,	2454,	32,	701,	350,	351,	0,	0,	0,	0,	0,	0,	0,	0,	0,	
900000,	59.782,	216543,	18807,	182920,	27592,	91.08,	82.07,	82.17,	2601,	33,	743,	371,	372,	0,	0,	0,	0,	0,	0,	0,	0,	0,	
950000,	61.646,	236959,	22505,	201780,	32872,	90.91,	81.69,	81.81,	2692,	33,	769,	384,	385,	0,	0,	0,	0,	0,	0,	0,	0,	0,	
1000000,	63.067,	237983,	20586,	203777,	30233,	91.16,	82.22,	82.47,	2825,	33,	807,	403,	404,	0,	0,	0,	0,	0,	0,	0,	0,	0,	

1000000,	63.067,	474942,	43091,	405557,	63105,	89.38,	78.62,	78.66,	2825,	33,	807,	403,	404,	0,	0,	0,	0,	0,	0,	0,	0,	0,	
Pool,	TP,	FN,	TN,	FP
1,	6580,	1040,	7709,	2867,	
2,	39413,	3966,	23188,	6301,	
3,	51831,	5794,	79716,	26211,	
4,	143844,	12789,	111462,	16731,	
5,	233274,	19502,	183482,	10995,	





HT-ProcessRBF
Speed Change:,	0.01,	Centroids:,	100,	DriftCentroid:	20
GracePeriod:,	200,	TieThreshold:,	0.05,	BinarySplit:,	false
Count,	Time,	TP,	FN,	TN,	FP,	Accu,	Kappa,	Kpa_t,	Mem,	Depth,	TSize,	DcNod,	ActLf,	InacLf,	Reset,	Alter,	Switch,	Prune,	ClOp0,	ClOp1,	ClOp2,	ClOp3
50000,	6.085,	18034,	4963,	23170,	3820,	82.43,	64.51,	64.85,	165,	6,	47,	23,	24,	0,	0,	0,	0,	0,	0,	0,	0,	0,	
100000,	10.905,	20026,	3045,	24807,	2122,	89.67,	79.15,	79.39,	326,	10,	93,	46,	47,	0,	0,	0,	0,	0,	0,	0,	0,	0,	
150000,	15.172,	38768,	7319,	47908,	5992,	90.94,	81.77,	81.73,	473,	13,	135,	67,	68,	0,	0,	0,	0,	0,	0,	0,	0,	0,	
200000,	18.968,	41089,	5108,	49643,	4160,	91.8,	83.5,	83.49,	634,	15,	181,	90,	91,	0,	0,	0,	0,	0,	0,	0,	0,	0,	
250000,	22.319,	59693,	9301,	72814,	8103,	91.81,	83.52,	83.48,	802,	17,	229,	114,	115,	0,	0,	0,	0,	0,	0,	0,	0,	0,	
300000,	25.134,	61878,	6944,	74780,	5957,	92.73,	85.37,	85.32,	928,	19,	265,	132,	133,	0,	0,	0,	0,	0,	0,	0,	0,	0,	
350000,	27.509,	80060,	11193,	98081,	9852,	92.72,	85.33,	85.38,	1047,	20,	299,	149,	150,	0,	0,	0,	0,	0,	0,	0,	0,	0,	
400000,	29.418,	81672,	8944,	99971,	7614,	92.68,	85.27,	85.32,	1208,	21,	345,	172,	173,	0,	0,	0,	0,	0,	0,	0,	0,	0,	
450000,	30.849,	99736,	13004,	123368,	11536,	93.01,	85.92,	85.9,	1348,	22,	385,	192,	193,	0,	0,	0,	0,	0,	0,	0,	0,	0,	
500000,	31.721,	102021,	10780,	125453,	9233,	93.09,	86.07,	86.09,	1509,	23,	431,	215,	216,	0,	0,	0,	0,	0,	0,	0,	0,	0,	
550000,	32.974,	118851,	14895,	148851,	13136,	93.01,	85.92,	85.87,	1642,	24,	469,	234,	235,	0,	0,	0,	0,	0,	0,	0,	0,	0,	
600000,	38.141,	120321,	12695,	150893,	10752,	93.12,	86.14,	86.21,	1810,	24,	517,	258,	259,	0,	0,	0,	0,	0,	0,	0,	0,	0,	
650000,	42.848,	136531,	16795,	174293,	14726,	93.02,	85.93,	85.87,	1922,	25,	549,	274,	275,	0,	0,	0,	0,	0,	0,	0,	0,	0,	
700000,	47.142,	136659,	14458,	176327,	12315,	93.34,	86.59,	86.65,	2069,	26,	591,	295,	296,	0,	0,	0,	0,	0,	0,	0,	0,	0,	
750000,	50.906,	153388,	18651,	199630,	16282,	93.17,	86.26,	86.39,	2237,	26,	639,	319,	320,	0,	0,	0,	0,	0,	0,	0,	0,	0,	
800000,	54.216,	151982,	16202,	201892,	13799,	93.54,	86.97,	86.97,	2370,	26,	677,	338,	339,	0,	0,	0,	0,	0,	0,	0,	0,	0,	
850000,	57.045,	167720,	20432,	225226,	17774,	93.45,	86.8,	86.81,	2496,	27,	713,	356,	357,	0,	0,	0,	0,	0,	0,	0,	0,	0,	
900000,	59.416,	167084,	18018,	227360,	15253,	93.45,	86.82,	86.9,	2594,	28,	741,	370,	371,	0,	0,	0,	0,	0,	0,	0,	0,	0,	
950000,	61.286,	182884,	22207,	250744,	19236,	93.52,	86.95,	87.02,	2706,	28,	773,	386,	387,	0,	0,	0,	0,	0,	0,	0,	0,	0,	
1000000,	62.688,	180685,	19769,	253025,	16690,	93.62,	87.13,	87.17,	2860,	28,	817,	408,	409,	0,	0,	0,	0,	0,	0,	0,	0,	0,	

1000000,	62.688,	363569,	41976,	503769,	35926,	92.21,	84.3,	84.34,	2860,	28,	817,	408,	409,	0,	0,	0,	0,	0,	0,	0,	0,	0,	
Pool,	TP,	FN,	TN,	FP
1,	7244,	4258,	5848,	813,	
2,	38996,	6561,	25495,	1470,	
3,	63081,	8860,	78586,	7750,	
4,	95256,	10642,	160336,	11957,	
5,	158992,	11655,	233504,	13936,	





HT-ProcessRBF
Speed Change:,	0.01,	Centroids:,	100,	DriftCentroid:	40
GracePeriod:,	200,	TieThreshold:,	0.05,	BinarySplit:,	false
Count,	Time,	TP,	FN,	TN,	FP,	Accu,	Kappa,	Kpa_t,	Mem,	Depth,	TSize,	DcNod,	ActLf,	InacLf,	Reset,	Alter,	Switch,	Prune,	ClOp0,	ClOp1,	ClOp2,	ClOp3
50000,	6.253,	16064,	4260,	25757,	3918,	83.64,	66.01,	66.06,	144,	6,	41,	20,	21,	0,	0,	0,	0,	0,	0,	0,	0,	0,	
100000,	11.008,	17455,	2921,	26782,	2842,	88.47,	76.12,	76.04,	284,	9,	81,	40,	41,	0,	0,	0,	0,	0,	0,	0,	0,	0,	
150000,	15.352,	33571,	7035,	53141,	6252,	89.78,	78.74,	78.76,	466,	11,	133,	66,	67,	0,	0,	0,	0,	0,	0,	0,	0,	0,	
200000,	19.119,	35028,	5425,	54765,	4655,	91.36,	81.97,	82.21,	592,	12,	169,	84,	85,	0,	0,	0,	0,	0,	0,	0,	0,	0,	
250000,	22.413,	51490,	9473,	81121,	7875,	91.87,	83.07,	83.3,	739,	14,	211,	105,	106,	0,	0,	0,	0,	0,	0,	0,	0,	0,	
300000,	25.257,	53153,	7648,	82798,	6274,	92.32,	84.01,	84.03,	858,	14,	245,	122,	123,	0,	0,	0,	0,	0,	0,	0,	0,	0,	
350000,	27.617,	69375,	11676,	109347,	9455,	92.43,	84.2,	84.26,	1026,	16,	293,	146,	147,	0,	0,	0,	0,	0,	0,	0,	0,	0,	
400000,	29.49,	71295,	9769,	111041,	7768,	92.77,	84.93,	84.99,	1124,	17,	321,	160,	161,	0,	0,	0,	0,	0,	0,	0,	0,	0,	
450000,	30.9,	86826,	13729,	137453,	10945,	92.9,	85.25,	85.24,	1278,	18,	365,	182,	183,	0,	0,	0,	0,	0,	0,	0,	0,	0,	
500000,	31.78,	89322,	11845,	139202,	9176,	93.03,	85.5,	85.63,	1418,	20,	405,	202,	203,	0,	0,	0,	0,	0,	0,	0,	0,	0,	
550000,	33.16,	103056,	15775,	165630,	12377,	93.04,	85.53,	85.62,	1551,	21,	443,	221,	222,	0,	0,	0,	0,	0,	0,	0,	0,	0,	
600000,	38.457,	104032,	13884,	167592,	10532,	93.21,	85.83,	85.93,	1712,	22,	489,	244,	245,	0,	0,	0,	0,	0,	0,	0,	0,	0,	
650000,	43.152,	117570,	17629,	193863,	13792,	93.46,	86.41,	86.45,	1796,	22,	513,	256,	257,	0,	0,	0,	0,	0,	0,	0,	0,	0,	
700000,	47.386,	117749,	15911,	195854,	12036,	92.94,	85.28,	85.35,	1894,	22,	541,	270,	271,	0,	0,	0,	0,	0,	0,	0,	0,	0,	
750000,	51.171,	130976,	19503,	221940,	15205,	93.42,	86.36,	86.31,	2020,	22,	577,	288,	289,	0,	0,	0,	0,	0,	0,	0,	0,	0,	
800000,	54.515,	131090,	17758,	224283,	13457,	93.46,	86.36,	86.34,	2167,	22,	619,	309,	310,	0,	0,	0,	0,	0,	0,	0,	0,	0,	
850000,	57.315,	144810,	21340,	250077,	16644,	93.44,	86.39,	86.36,	2265,	22,	647,	323,	324,	0,	0,	0,	0,	0,	0,	0,	0,	0,	
900000,	59.687,	144480,	19681,	252585,	14763,	93.54,	86.56,	86.62,	2405,	23,	687,	343,	344,	0,	0,	0,	0,	0,	0,	0,	0,	0,	
950000,	61.576,	156736,	23174,	278221,	18077,	93.47,	86.44,	86.48,	2517,	23,	719,	359,	360,	0,	0,	0,	0,	0,	0,	0,	0,	0,	
1000000,	62.968,	156254,	21407,	280878,	16093,	93.88,	87.29,	87.47,	2566,	23,	733,	366,	367,	0,	0,	0,	0,	0,	0,	0,	0,	0,	

1000000,	62.968,	312990,	44581,	559099,	34170,	92.12,	83.61,	83.68,	2566,	23,	733,	366,	367,	0,	0,	0,	0,	0,	0,	0,	0,	0,	
Pool,	TP,	FN,	TN,	FP
1,	5965,	3602,	7072,	1350,	
2,	23907,	5183,	38671,	4962,	
3,	47184,	13078,	90008,	12354,	
4,	105448,	11177,	149315,	9887,	
5,	130486,	11541,	274033,	5617,	





HT-ProcessRBF
Speed Change:,	0.01,	Centroids:,	100,	DriftCentroid:	60
GracePeriod:,	200,	TieThreshold:,	0.05,	BinarySplit:,	false
Count,	Time,	TP,	FN,	TN,	FP,	Accu,	Kappa,	Kpa_t,	Mem,	Depth,	TSize,	DcNod,	ActLf,	InacLf,	Reset,	Alter,	Switch,	Prune,	ClOp0,	ClOp1,	ClOp2,	ClOp3
50000,	6.163,	21630,	4098,	20040,	4231,	83.34,	66.65,	66.8,	130,	6,	37,	18,	19,	0,	0,	0,	0,	0,	0,	0,	0,	0,	
100000,	11.017,	22385,	3160,	21398,	3057,	87.57,	75.12,	75.17,	298,	9,	85,	42,	43,	0,	0,	0,	0,	0,	0,	0,	0,	0,	
150000,	15.283,	44243,	7116,	41857,	6783,	88.86,	77.72,	77.64,	445,	11,	127,	63,	64,	0,	0,	0,	0,	0,	0,	0,	0,	0,	
200000,	19.119,	45160,	6033,	43506,	5215,	89.94,	79.88,	79.91,	613,	13,	175,	87,	88,	0,	0,	0,	0,	0,	0,	0,	0,	0,	
250000,	22.479,	67140,	9543,	63790,	9073,	90.56,	81.11,	81.06,	746,	14,	213,	106,	107,	0,	0,	0,	0,	0,	0,	0,	0,	0,	
300000,	25.308,	68554,	8410,	65616,	7334,	91.01,	82.0,	82.02,	858,	16,	245,	122,	123,	0,	0,	0,	0,	0,	0,	0,	0,	0,	
350000,	27.693,	90371,	11773,	85844,	11215,	91.25,	82.49,	82.44,	1019,	17,	291,	145,	146,	0,	0,	0,	0,	0,	0,	0,	0,	0,	
400000,	29.615,	90480,	10463,	87857,	9540,	91.48,	82.95,	82.97,	1173,	17,	335,	167,	168,	0,	0,	0,	0,	0,	0,	0,	0,	0,	
450000,	31.059,	113248,	13874,	107886,	13371,	91.48,	82.95,	82.88,	1341,	19,	383,	191,	192,	0,	0,	0,	0,	0,	0,	0,	0,	0,	
500000,	31.932,	112902,	12481,	109983,	11542,	91.96,	83.89,	84.0,	1481,	19,	423,	211,	212,	0,	0,	0,	0,	0,	0,	0,	0,	0,	
550000,	33.212,	136437,	15813,	130365,	15378,	92.11,	84.2,	84.23,	1614,	20,	461,	230,	231,	0,	0,	0,	0,	0,	0,	0,	0,	0,	
600000,	38.407,	134097,	14549,	132367,	13530,	91.88,	83.76,	83.74,	1768,	21,	505,	252,	253,	0,	0,	0,	0,	0,	0,	0,	0,	0,	
650000,	43.132,	157940,	17809,	152680,	17315,	92.13,	84.25,	84.36,	1880,	21,	537,	268,	269,	0,	0,	0,	0,	0,	0,	0,	0,	0,	
700000,	47.467,	154950,	16440,	154742,	15457,	92.36,	84.7,	84.62,	2006,	22,	573,	286,	287,	0,	0,	0,	0,	0,	0,	0,	0,	0,	
750000,	51.238,	179306,	19721,	175168,	19125,	92.55,	85.09,	85.13,	2209,	23,	631,	315,	316,	0,	0,	0,	0,	0,	0,	0,	0,	0,	
800000,	54.585,	176576,	18325,	177094,	17319,	92.5,	84.99,	84.95,	2342,	23,	669,	334,	335,	0,	0,	0,	0,	0,	0,	0,	0,	0,	
850000,	57.449,	200430,	21497,	197722,	20946,	92.8,	85.59,	85.56,	2482,	24,	709,	354,	355,	0,	0,	0,	0,	0,	0,	0,	0,	0,	
900000,	59.842,	196734,	20161,	199713,	19146,	92.67,	85.33,	85.26,	2643,	25,	755,	377,	378,	0,	0,	0,	0,	0,	0,	0,	0,	0,	
950000,	61.737,	220297,	23334,	220350,	22775,	92.66,	85.31,	85.28,	2755,	25,	787,	393,	394,	0,	0,	0,	0,	0,	0,	0,	0,	0,	
1000000,	63.158,	216659,	21970,	222105,	21060,	92.55,	85.08,	85.0,	2888,	25,	825,	412,	413,	0,	0,	0,	0,	0,	0,	0,	0,	0,	

1000000,	63.158,	436956,	45304,	442455,	43835,	91.08,	82.15,	82.15,	2888,	25,	825,	412,	413,	0,	0,	0,	0,	0,	0,	0,	0,	0,	
Pool,	TP,	FN,	TN,	FP
1,	843,	1278,	13257,	2875,	
2,	27730,	5050,	34135,	5806,	
3,	79071,	7269,	61998,	11861,	
4,	174547,	16595,	86873,	4396,	
5,	154765,	15112,	246192,	18897,	





HT-ProcessRBF
Speed Change:,	0.01,	Centroids:,	100,	DriftCentroid:	80
GracePeriod:,	200,	TieThreshold:,	0.05,	BinarySplit:,	false
Count,	Time,	TP,	FN,	TN,	FP,	Accu,	Kappa,	Kpa_t,	Mem,	Depth,	TSize,	DcNod,	ActLf,	InacLf,	Reset,	Alter,	Switch,	Prune,	ClOp0,	ClOp1,	ClOp2,	ClOp3
50000,	6.16,	20501,	4811,	18143,	6542,	77.29,	54.54,	54.7,	158,	6,	45,	22,	23,	0,	0,	0,	0,	0,	0,	0,	0,	0,	
100000,	10.909,	21504,	3796,	20629,	4071,	84.27,	68.52,	68.66,	284,	9,	81,	40,	41,	0,	0,	0,	0,	0,	0,	0,	0,	0,	
150000,	15.203,	42422,	8341,	39270,	9964,	86.1,	72.19,	72.09,	445,	11,	127,	63,	64,	0,	0,	0,	0,	0,	0,	0,	0,	0,	
200000,	19.046,	43781,	7061,	41824,	7334,	86.94,	73.88,	73.91,	599,	12,	171,	85,	86,	0,	0,	0,	0,	0,	0,	0,	0,	0,	
250000,	22.349,	64540,	11685,	61042,	12730,	87.78,	75.56,	75.57,	718,	13,	205,	102,	103,	0,	0,	0,	0,	0,	0,	0,	0,	0,	
300000,	25.209,	66075,	10096,	63631,	10098,	88.4,	76.8,	76.92,	851,	14,	243,	121,	122,	0,	0,	0,	0,	0,	0,	0,	0,	0,	
350000,	27.601,	86656,	14742,	82964,	15295,	88.75,	77.5,	77.53,	1040,	16,	297,	148,	149,	0,	0,	0,	0,	0,	0,	0,	0,	0,	
400000,	29.524,	88405,	13045,	85632,	12677,	88.94,	77.89,	77.73,	1173,	18,	335,	167,	168,	0,	0,	0,	0,	0,	0,	0,	0,	0,	
450000,	30.944,	109268,	17482,	104687,	17941,	89.23,	78.44,	78.5,	1369,	18,	391,	195,	196,	0,	0,	0,	0,	0,	0,	0,	0,	0,	
500000,	31.816,	109532,	15706,	107698,	15140,	89.75,	79.5,	79.53,	1488,	20,	425,	212,	213,	0,	0,	0,	0,	0,	0,	0,	0,	0,	
550000,	33.139,	129283,	20135,	126727,	20481,	89.61,	79.22,	79.19,	1635,	20,	467,	233,	234,	0,	0,	0,	0,	0,	0,	0,	0,	0,	
600000,	38.678,	130051,	18438,	129841,	17562,	89.69,	79.37,	79.18,	1782,	22,	509,	254,	255,	0,	0,	0,	0,	0,	0,	0,	0,	0,	
650000,	43.519,	151170,	22723,	148995,	22875,	90.03,	80.06,	80.2,	1915,	23,	547,	273,	274,	0,	0,	0,	0,	0,	0,	0,	0,	0,	
700000,	47.786,	151668,	21038,	151969,	19908,	90.1,	80.2,	80.07,	2076,	24,	593,	296,	297,	0,	0,	0,	0,	0,	0,	0,	0,	0,	
750000,	51.581,	171677,	25385,	171046,	25181,	90.06,	80.11,	79.97,	2209,	25,	631,	315,	316,	0,	0,	0,	0,	0,	0,	0,	0,	0,	
800000,	54.901,	172589,	23590,	174040,	22227,	90.25,	80.5,	80.57,	2314,	25,	661,	330,	331,	0,	0,	0,	0,	0,	0,	0,	0,	0,	
850000,	57.756,	191497,	27898,	193248,	27446,	90.44,	80.88,	81.12,	2468,	27,	705,	352,	353,	0,	0,	0,	0,	0,	0,	0,	0,	0,	
900000,	60.149,	192447,	26090,	196394,	24468,	90.51,	81.03,	80.94,	2608,	27,	745,	372,	373,	0,	0,	0,	0,	0,	0,	0,	0,	0,	
950000,	62.031,	209713,	30401,	215433,	29755,	90.37,	80.74,	80.76,	2769,	27,	791,	395,	396,	0,	0,	0,	0,	0,	0,	0,	0,	0,	
1000000,	63.451,	210173,	28526,	218593,	26729,	90.6,	81.2,	81.29,	2867,	27,	819,	409,	410,	0,	0,	0,	0,	0,	0,	0,	0,	0,	

1000000,	63.451,	419886,	58927,	434026,	56484,	88.46,	76.91,	76.92,	2867,	27,	819,	409,	410,	0,	0,	0,	0,	0,	0,	0,	0,	0,	
Pool,	TP,	FN,	TN,	FP
1,	5088,	3320,	6890,	2916,	
2,	20220,	5426,	42613,	4453,	
3,	93369,	19994,	42503,	7504,	
4,	87659,	12146,	165885,	22532,	
5,	213550,	18041,	176135,	19079,	





HT-ProcessRBF
Speed Change:,	0.01,	Centroids:,	100,	DriftCentroid:	100
GracePeriod:,	200,	TieThreshold:,	0.05,	BinarySplit:,	false
Count,	Time,	TP,	FN,	TN,	FP,	Accu,	Kappa,	Kpa_t,	Mem,	Depth,	TSize,	DcNod,	ActLf,	InacLf,	Reset,	Alter,	Switch,	Prune,	ClOp0,	ClOp1,	ClOp2,	ClOp3
50000,	6.21,	16471,	6644,	22190,	4691,	77.33,	54.13,	54.08,	130,	8,	37,	18,	19,	0,	0,	0,	0,	0,	0,	0,	0,	0,	
100000,	10.982,	18583,	4419,	23392,	3606,	83.95,	67.61,	67.8,	263,	9,	75,	37,	38,	0,	0,	0,	0,	0,	0,	0,	0,	0,	
150000,	15.336,	35358,	10620,	46429,	7544,	86.34,	72.38,	72.52,	459,	12,	131,	65,	66,	0,	0,	0,	0,	0,	0,	0,	0,	0,	
200000,	19.108,	37832,	7892,	48008,	6129,	88.01,	75.76,	75.66,	578,	13,	165,	82,	83,	0,	0,	0,	0,	0,	0,	0,	0,	0,	
250000,	22.419,	54695,	14071,	71144,	9945,	88.29,	76.33,	76.43,	718,	15,	205,	102,	103,	0,	0,	0,	0,	0,	0,	0,	0,	0,	
300000,	25.269,	56254,	10931,	72561,	8560,	89.06,	77.94,	78.0,	907,	17,	259,	129,	130,	0,	0,	0,	0,	0,	0,	0,	0,	0,	
350000,	27.652,	72539,	17204,	95898,	12243,	89.13,	78.06,	78.2,	1033,	19,	295,	147,	148,	0,	0,	0,	0,	0,	0,	0,	0,	0,	
400000,	29.568,	73899,	13971,	97160,	10863,	89.31,	78.45,	78.47,	1180,	19,	337,	168,	169,	0,	0,	0,	0,	0,	0,	0,	0,	0,	
450000,	30.981,	90097,	20039,	120560,	14674,	89.46,	78.75,	78.86,	1327,	19,	379,	189,	190,	0,	0,	0,	0,	0,	0,	0,	0,	0,	
500000,	31.851,	91413,	16900,	122062,	13086,	89.7,	79.19,	79.27,	1432,	19,	409,	204,	205,	0,	0,	0,	0,	0,	0,	0,	0,	0,	
550000,	33.206,	107843,	22885,	145458,	16967,	89.72,	79.24,	79.34,	1579,	21,	451,	225,	226,	0,	0,	0,	0,	0,	0,	0,	0,	0,	
600000,	38.395,	108824,	19734,	146890,	15330,	89.84,	79.49,	79.56,	1733,	21,	495,	247,	248,	0,	0,	0,	0,	0,	0,	0,	0,	0,	
650000,	43.15,	125131,	25633,	170619,	19186,	90.06,	79.91,	80.0,	1880,	21,	537,	268,	269,	0,	0,	0,	0,	0,	0,	0,	0,	0,	
700000,	47.494,	126431,	22448,	171903,	17447,	90.34,	80.49,	80.63,	1999,	21,	571,	285,	286,	0,	0,	0,	0,	0,	0,	0,	0,	0,	
750000,	51.303,	142691,	28372,	195472,	21267,	90.36,	80.56,	80.56,	2125,	21,	607,	303,	304,	0,	0,	0,	0,	0,	0,	0,	0,	0,	
800000,	54.628,	144120,	25117,	196931,	19484,	90.58,	81.0,	80.9,	2272,	22,	649,	324,	325,	0,	0,	0,	0,	0,	0,	0,	0,	0,	
850000,	57.473,	160429,	31051,	220352,	23243,	90.68,	81.23,	81.32,	2412,	23,	689,	344,	345,	0,	0,	0,	0,	0,	0,	0,	0,	0,	
900000,	59.887,	162331,	27713,	221973,	21488,	90.8,	81.44,	81.44,	2559,	24,	731,	365,	366,	0,	0,	0,	0,	0,	0,	0,	0,	0,	
950000,	61.752,	178028,	33732,	245310,	25255,	90.61,	81.07,	81.07,	2657,	24,	759,	379,	380,	0,	0,	0,	0,	0,	0,	0,	0,	0,	
1000000,	63.155,	179622,	30320,	246883,	23524,	90.71,	81.28,	81.3,	2748,	25,	785,	392,	393,	0,	0,	0,	0,	0,	0,	0,	0,	0,	

1000000,	63.155,	357650,	64052,	492193,	48779,	88.71,	77.22,	77.28,	2748,	25,	785,	392,	393,	0,	0,	0,	0,	0,	0,	0,	0,	0,	
Pool,	TP,	FN,	TN,	FP
1,	7491,	4529,	4601,	1563,	
2,	28944,	5021,	30129,	8578,	
3,	65668,	22244,	69469,	6222,	
4,	111727,	15450,	153105,	9586,	
5,	143820,	16808,	234889,	22830,	





HT-ProcessRBF
Speed Change:,	0.01,	Centroids:,	100,	DriftCentroid:	100
GracePeriod:,	200,	TieThreshold:,	0.05,	BinarySplit:,	false
Count,	Time,	TP,	FN,	TN,	FP,	Accu,	Kappa,	Kpa_t,	Mem,	Depth,	TSize,	DcNod,	ActLf,	InacLf,	Reset,	Alter,	Switch,	Prune,	ClOp0,	ClOp1,	ClOp2,	ClOp3
50000,	6.224,	28125,	3744,	13714,	4413,	83.68,	64.42,	64.9,	151,	7,	43,	21,	22,	0,	0,	0,	0,	0,	0,	0,	0,	0,	
100000,	11.002,	28769,	2904,	14909,	3418,	87.36,	72.61,	72.63,	312,	10,	89,	44,	45,	0,	0,	0,	0,	0,	0,	0,	0,	0,	
150000,	15.319,	57244,	6405,	29089,	7252,	89.0,	76.2,	76.21,	452,	12,	129,	64,	65,	0,	0,	0,	0,	0,	0,	0,	0,	0,	
200000,	19.173,	57882,	5376,	30517,	6215,	89.46,	77.26,	77.42,	606,	14,	173,	86,	87,	0,	0,	0,	0,	0,	0,	0,	0,	0,	
250000,	22.474,	86104,	8776,	45152,	9814,	90.13,	78.85,	79.01,	760,	16,	217,	108,	109,	0,	0,	0,	0,	0,	0,	0,	0,	0,	
300000,	25.321,	86446,	7674,	46132,	8706,	90.42,	79.21,	79.3,	879,	17,	251,	125,	126,	0,	0,	0,	0,	0,	0,	0,	0,	0,	
350000,	27.709,	115238,	10836,	61012,	12453,	90.6,	79.7,	79.8,	991,	18,	283,	141,	142,	0,	0,	0,	0,	0,	0,	0,	0,	0,	
400000,	29.623,	114890,	9713,	61755,	11339,	90.65,	79.69,	79.79,	1180,	20,	337,	168,	169,	0,	0,	0,	0,	0,	0,	0,	0,	0,	
450000,	31.055,	142716,	12780,	76885,	15024,	90.96,	80.45,	80.59,	1306,	20,	373,	186,	187,	0,	0,	0,	0,	0,	0,	0,	0,	0,	
500000,	31.924,	142363,	11623,	77595,	13838,	91.18,	80.87,	80.98,	1446,	21,	413,	206,	207,	0,	0,	0,	0,	0,	0,	0,	0,	0,	
550000,	33.324,	168031,	14668,	92874,	17516,	91.23,	81.06,	81.34,	1628,	21,	465,	232,	233,	0,	0,	0,	0,	0,	0,	0,	0,	0,	
600000,	38.518,	167101,	13460,	93620,	16151,	91.7,	82.02,	81.99,	1754,	21,	501,	250,	251,	0,	0,	0,	0,	0,	0,	0,	0,	0,	
650000,	43.292,	191916,	16512,	108996,	19903,	91.53,	81.73,	81.88,	1922,	21,	549,	274,	275,	0,	0,	0,	0,	0,	0,	0,	0,	0,	
700000,	47.624,	189789,	15364,	109687,	18394,	91.7,	82.06,	82.08,	2013,	21,	575,	287,	288,	0,	0,	0,	0,	0,	0,	0,	0,	0,	
750000,	51.435,	214489,	18336,	125086,	22113,	91.93,	82.53,	82.57,	2132,	22,	609,	304,	305,	0,	0,	0,	0,	0,	0,	0,	0,	0,	
800000,	54.8,	211932,	17183,	125678,	20698,	91.75,	82.13,	82.04,	2237,	23,	639,	319,	320,	0,	0,	0,	0,	0,	0,	0,	0,	0,	
850000,	57.635,	236321,	20130,	141341,	24201,	92.23,	83.22,	83.38,	2363,	23,	675,	337,	338,	0,	0,	0,	0,	0,	0,	0,	0,	0,	
900000,	59.997,	234899,	18970,	141733,	22893,	92.03,	82.72,	82.85,	2489,	24,	711,	355,	356,	0,	0,	0,	0,	0,	0,	0,	0,	0,	
950000,	61.9,	258639,	21966,	157408,	26259,	92.21,	83.11,	83.3,	2601,	24,	743,	371,	372,	0,	0,	0,	0,	0,	0,	0,	0,	0,	
1000000,	63.31,	255257,	20754,	157819,	25136,	91.94,	82.54,	82.71,	2720,	25,	777,	388,	389,	0,	0,	0,	0,	0,	0,	0,	0,	0,	

1000000,	63.31,	513896,	42720,	315227,	51395,	90.58,	79.62,	79.74,	2720,	25,	777,	388,	389,	0,	0,	0,	0,	0,	0,	0,	0,	0,	
Pool,	TP,	FN,	TN,	FP
1,	8503,	2682,	3274,	3675,	
2,	18810,	4234,	37735,	11781,	
3,	85989,	8513,	52310,	15087,	
4,	138491,	11935,	105421,	6348,	
5,	262103,	15356,	116487,	14504,	





HT-ProcessRBF
Speed Change:,	0.01,	Centroids:,	100,	DriftCentroid:	100
GracePeriod:,	400,	TieThreshold:,	0.05,	BinarySplit:,	false
Count,	Time,	TP,	FN,	TN,	FP,	Accu,	Kappa,	Kpa_t,	Mem,	Depth,	TSize,	DcNod,	ActLf,	InacLf,	Reset,	Alter,	Switch,	Prune,	ClOp0,	ClOp1,	ClOp2,	ClOp3
50000,	6.117,	14698,	5750,	25459,	4092,	80.31,	58.76,	58.94,	144,	7,	41,	20,	21,	0,	0,	0,	0,	0,	0,	0,	0,	0,	
100000,	10.863,	16637,	3778,	26908,	2677,	87.09,	73.06,	73.01,	284,	10,	81,	40,	41,	0,	0,	0,	0,	0,	0,	0,	0,	0,	
150000,	15.375,	31820,	9067,	52730,	6382,	88.79,	76.62,	76.66,	459,	12,	131,	65,	66,	0,	0,	0,	0,	0,	0,	0,	0,	0,	
200000,	19.137,	33875,	6743,	54078,	4961,	89.5,	78.2,	78.28,	592,	13,	169,	84,	85,	0,	0,	0,	0,	0,	0,	0,	0,	0,	
250000,	22.446,	49271,	11934,	80144,	8499,	90.03,	79.27,	79.39,	739,	15,	211,	105,	106,	0,	0,	0,	0,	0,	0,	0,	0,	0,	
300000,	25.321,	50960,	9525,	81523,	6985,	90.39,	80.03,	80.01,	872,	16,	249,	124,	125,	0,	0,	0,	0,	0,	0,	0,	0,	0,	
350000,	27.681,	67057,	14611,	107662,	10424,	90.79,	80.88,	80.93,	1033,	17,	295,	147,	148,	0,	0,	0,	0,	0,	0,	0,	0,	0,	
400000,	29.566,	66404,	12048,	109290,	8851,	91.22,	81.72,	81.9,	1166,	18,	333,	166,	167,	0,	0,	0,	0,	0,	0,	0,	0,	0,	
450000,	30.986,	82521,	17243,	135344,	12211,	91.16,	81.63,	81.72,	1306,	19,	373,	186,	187,	0,	0,	0,	0,	0,	0,	0,	0,	0,	
500000,	31.846,	81748,	14511,	137010,	10793,	91.19,	81.67,	81.82,	1467,	20,	419,	209,	210,	0,	0,	0,	0,	0,	0,	0,	0,	0,	
550000,	33.148,	98080,	19574,	162978,	14028,	91.7,	82.8,	82.9,	1600,	20,	457,	228,	229,	0,	0,	0,	0,	0,	0,	0,	0,	0,	
600000,	38.336,	97176,	16972,	164789,	12592,	91.48,	82.28,	82.4,	1726,	21,	493,	246,	247,	0,	0,	0,	0,	0,	0,	0,	0,	0,	
650000,	43.045,	113573,	21890,	190717,	15827,	91.77,	82.91,	83.07,	1866,	22,	533,	266,	267,	0,	0,	0,	0,	0,	0,	0,	0,	0,	
700000,	47.307,	112854,	19392,	192459,	14307,	91.73,	82.84,	82.92,	2013,	22,	575,	287,	288,	0,	0,	0,	0,	0,	0,	0,	0,	0,	
750000,	51.119,	128067,	24159,	218533,	17641,	91.83,	83.02,	83.08,	2153,	23,	615,	307,	308,	0,	0,	0,	0,	0,	0,	0,	0,	0,	
800000,	54.468,	127362,	21556,	220124,	16118,	92.05,	83.53,	83.63,	2279,	23,	651,	325,	326,	0,	0,	0,	0,	0,	0,	0,	0,	0,	
850000,	57.321,	141928,	26410,	246284,	19374,	92.03,	83.46,	83.46,	2454,	24,	701,	350,	351,	0,	0,	0,	0,	0,	0,	0,	0,	0,	
900000,	59.696,	141864,	23716,	247819,	17866,	92.18,	83.8,	83.87,	2531,	24,	723,	361,	362,	0,	0,	0,	0,	0,	0,	0,	0,	0,	
950000,	61.561,	155377,	28508,	273856,	21203,	92.14,	83.75,	83.86,	2650,	24,	757,	378,	379,	0,	0,	0,	0,	0,	0,	0,	0,	0,	
1000000,	62.955,	155383,	25851,	275402,	19713,	92.03,	83.51,	83.43,	2783,	25,	795,	397,	398,	0,	0,	0,	0,	0,	0,	0,	0,	0,	

1000000,	62.955,	310760,	54359,	549258,	40916,	90.47,	80.2,	80.28,	2783,	25,	795,	397,	398,	0,	0,	0,	0,	0,	0,	0,	0,	0,	
Pool,	TP,	FN,	TN,	FP
1,	4806,	4728,	7525,	1127,	
2,	29299,	4166,	34515,	4746,	
3,	52800,	13640,	89479,	7448,	
4,	95367,	22431,	160796,	12129,	
5,	128488,	9394,	256943,	15466,	





HT-ProcessRBF
Speed Change:,	0.01,	Centroids:,	100,	DriftCentroid:	100
GracePeriod:,	800,	TieThreshold:,	0.05,	BinarySplit:,	false
Count,	Time,	TP,	FN,	TN,	FP,	Accu,	Kappa,	Kpa_t,	Mem,	Depth,	TSize,	DcNod,	ActLf,	InacLf,	Reset,	Alter,	Switch,	Prune,	ClOp0,	ClOp1,	ClOp2,	ClOp3
50000,	6.185,	20909,	4963,	19258,	4869,	80.33,	60.63,	60.47,	102,	6,	29,	14,	15,	0,	0,	0,	0,	0,	0,	0,	0,	0,	
100000,	10.927,	22364,	3814,	20414,	3408,	85.56,	71.07,	71.16,	249,	9,	71,	35,	36,	0,	0,	0,	0,	0,	0,	0,	0,	0,	
150000,	15.203,	44112,	7882,	39798,	8207,	87.49,	74.9,	75.05,	389,	11,	111,	55,	56,	0,	0,	0,	0,	0,	0,	0,	0,	0,	
200000,	19.008,	45688,	6455,	41349,	6508,	88.52,	76.99,	77.1,	522,	14,	149,	74,	75,	0,	0,	0,	0,	0,	0,	0,	0,	0,	
250000,	22.354,	67473,	10394,	60955,	11177,	89.04,	78.03,	77.94,	655,	15,	187,	93,	94,	0,	0,	0,	0,	0,	0,	0,	0,	0,	
300000,	25.222,	69257,	8819,	62479,	9370,	89.55,	79.04,	79.09,	795,	17,	227,	113,	114,	0,	0,	0,	0,	0,	0,	0,	0,	0,	
350000,	27.656,	91071,	12671,	82284,	13973,	89.85,	79.67,	79.73,	921,	18,	263,	131,	132,	0,	0,	0,	0,	0,	0,	0,	0,	0,	
400000,	29.502,	92238,	11200,	83823,	12046,	89.88,	79.73,	79.65,	1005,	19,	287,	143,	144,	0,	0,	0,	0,	0,	0,	0,	0,	0,	
450000,	30.903,	114426,	15012,	103439,	16619,	90.02,	79.99,	80.05,	1152,	21,	329,	164,	165,	0,	0,	0,	0,	0,	0,	0,	0,	0,	
500000,	31.765,	115909,	13543,	105068,	14711,	89.98,	79.92,	79.99,	1271,	21,	363,	181,	182,	0,	0,	0,	0,	0,	0,	0,	0,	0,	
550000,	33.107,	136217,	17278,	125089,	19202,	90.3,	80.57,	80.4,	1425,	22,	407,	203,	204,	0,	0,	0,	0,	0,	0,	0,	0,	0,	
600000,	38.267,	138318,	15791,	126776,	17200,	90.52,	81.01,	81.18,	1530,	23,	437,	218,	219,	0,	0,	0,	0,	0,	0,	0,	0,	0,	
650000,	43.006,	157903,	19497,	146847,	21560,	90.85,	81.67,	81.75,	1670,	23,	477,	238,	239,	0,	0,	0,	0,	0,	0,	0,	0,	0,	
700000,	47.349,	159697,	17907,	148263,	19552,	91.06,	82.07,	82.1,	1810,	23,	517,	258,	259,	0,	0,	0,	0,	0,	0,	0,	0,	0,	
750000,	51.106,	178071,	21673,	168474,	23834,	91.1,	82.15,	82.21,	1880,	23,	537,	268,	269,	0,	0,	0,	0,	0,	0,	0,	0,	0,	
800000,	54.423,	180212,	20084,	169882,	21835,	91.08,	82.12,	82.2,	1985,	24,	567,	283,	284,	0,	0,	0,	0,	0,	0,	0,	0,	0,	
850000,	57.234,	197813,	23733,	190180,	26079,	91.39,	82.74,	82.62,	2055,	24,	587,	293,	294,	0,	0,	0,	0,	0,	0,	0,	0,	0,	
900000,	59.593,	200132,	22109,	191329,	24083,	91.45,	82.85,	82.79,	2153,	24,	615,	307,	308,	0,	0,	0,	0,	0,	0,	0,	0,	0,	
950000,	61.491,	217033,	25802,	211672,	28456,	91.1,	82.16,	82.24,	2258,	25,	645,	322,	323,	0,	0,	0,	0,	0,	0,	0,	0,	0,	
1000000,	62.863,	219017,	24119,	212937,	26373,	91.4,	82.76,	82.8,	2384,	25,	681,	340,	341,	0,	0,	0,	0,	0,	0,	0,	0,	0,	

1000000,	62.863,	436050,	49921,	424609,	54829,	89.52,	79.0,	79.03,	2384,	25,	681,	340,	341,	0,	0,	0,	0,	0,	0,	0,	0,	0,	
Pool,	TP,	FN,	TN,	FP
1,	5728,	2549,	6533,	3370,	
2,	24089,	7039,	33709,	7937,	
3,	78710,	9899,	61989,	11509,	
4,	126962,	18247,	124195,	18401,	
5,	200561,	12187,	198183,	13612,	





HT-ProcessRBF
Speed Change:,	0.01,	Centroids:,	100,	DriftCentroid:	100
GracePeriod:,	1600,	TieThreshold:,	0.05,	BinarySplit:,	false
Count,	Time,	TP,	FN,	TN,	FP,	Accu,	Kappa,	Kpa_t,	Mem,	Depth,	TSize,	DcNod,	ActLf,	InacLf,	Reset,	Alter,	Switch,	Prune,	ClOp0,	ClOp1,	ClOp2,	ClOp3
50000,	6.164,	21679,	4924,	16878,	6518,	77.11,	53.85,	53.97,	102,	5,	29,	14,	15,	0,	0,	0,	0,	0,	0,	0,	0,	0,	
100000,	10.941,	23155,	3655,	19085,	4105,	84.48,	68.76,	68.73,	207,	7,	59,	29,	30,	0,	0,	0,	0,	0,	0,	0,	0,	0,	
150000,	15.146,	45093,	8244,	36631,	10031,	86.33,	72.52,	72.51,	319,	10,	91,	45,	46,	0,	0,	0,	0,	0,	0,	0,	0,	0,	
200000,	18.899,	46439,	6875,	39345,	7341,	87.09,	74.08,	74.24,	431,	11,	123,	61,	62,	0,	0,	0,	0,	0,	0,	0,	0,	0,	
250000,	22.235,	69014,	11061,	56411,	13513,	87.4,	74.63,	74.81,	536,	13,	153,	76,	77,	0,	0,	0,	0,	0,	0,	0,	0,	0,	
300000,	25.058,	70178,	9642,	59443,	10737,	87.67,	75.22,	75.12,	676,	15,	193,	96,	97,	0,	0,	0,	0,	0,	0,	0,	0,	0,	
350000,	27.421,	92869,	13695,	76684,	16751,	88.26,	76.39,	76.41,	774,	16,	221,	110,	111,	0,	0,	0,	0,	0,	0,	0,	0,	0,	
400000,	29.294,	94127,	12189,	79818,	13866,	88.65,	77.18,	77.52,	844,	17,	241,	120,	121,	0,	0,	0,	0,	0,	0,	0,	0,	0,	
450000,	30.738,	117149,	16102,	96984,	19764,	89.16,	78.18,	78.34,	977,	19,	279,	139,	140,	0,	0,	0,	0,	0,	0,	0,	0,	0,	
500000,	31.621,	118528,	14525,	100052,	16895,	89.27,	78.39,	78.52,	1103,	19,	315,	157,	158,	0,	0,	0,	0,	0,	0,	0,	0,	0,	
550000,	32.976,	141154,	18614,	117727,	22456,	89.59,	79.09,	79.07,	1229,	20,	351,	175,	176,	0,	0,	0,	0,	0,	0,	0,	0,	0,	
600000,	38.137,	140617,	16897,	120573,	19718,	89.61,	79.1,	79.09,	1292,	21,	369,	184,	185,	0,	0,	0,	0,	0,	0,	0,	0,	0,	
650000,	42.848,	163792,	20933,	138409,	25321,	89.63,	79.17,	79.33,	1376,	21,	393,	196,	197,	0,	0,	0,	0,	0,	0,	0,	0,	0,	
700000,	47.213,	163884,	19245,	141178,	22563,	89.61,	79.12,	79.1,	1502,	22,	429,	214,	215,	0,	0,	0,	0,	0,	0,	0,	0,	0,	
750000,	51.061,	184764,	23188,	159034,	28109,	89.91,	79.71,	79.81,	1614,	22,	461,	230,	231,	0,	0,	0,	0,	0,	0,	0,	0,	0,	
800000,	54.346,	186198,	21387,	161779,	25292,	90.25,	80.39,	80.3,	1719,	22,	491,	245,	246,	0,	0,	0,	0,	0,	0,	0,	0,	0,	
850000,	57.157,	206494,	25375,	179632,	30966,	89.91,	79.71,	79.77,	1803,	23,	515,	257,	258,	0,	0,	0,	0,	0,	0,	0,	0,	0,	
900000,	59.502,	207644,	23481,	182343,	28105,	90.18,	80.24,	80.18,	1880,	23,	537,	268,	269,	0,	0,	0,	0,	0,	0,	0,	0,	0,	
950000,	61.376,	228771,	27437,	200390,	33740,	90.33,	80.56,	80.62,	1985,	24,	567,	283,	284,	0,	0,	0,	0,	0,	0,	0,	0,	0,	
1000000,	62.796,	229717,	25555,	202890,	30880,	90.3,	80.48,	80.35,	2118,	24,	605,	302,	303,	0,	0,	0,	0,	0,	0,	0,	0,	0,	

1000000,	62.796,	458488,	52992,	403280,	64620,	88.24,	76.34,	76.39,	2118,	24,	605,	302,	303,	0,	0,	0,	0,	0,	0,	0,	0,	0,	
Pool,	TP,	FN,	TN,	FP
1,	5165,	2167,	6998,	3774,	
2,	25865,	5410,	31515,	10003,	
3,	83526,	9129,	56889,	13788,	
4,	41650,	2492,	212881,	33817,	
5,	302282,	33794,	94997,	3238,	





HT-ProcessRBF
Speed Change:,	0.01,	Centroids:,	100,	DriftCentroid:	100
GracePeriod:,	3200,	TieThreshold:,	0.05,	BinarySplit:,	false
Count,	Time,	TP,	FN,	TN,	FP,	Accu,	Kappa,	Kpa_t,	Mem,	Depth,	TSize,	DcNod,	ActLf,	InacLf,	Reset,	Alter,	Switch,	Prune,	ClOp0,	ClOp1,	ClOp2,	ClOp3
50000,	6.11,	16322,	6277,	22011,	5389,	76.67,	52.73,	52.67,	81,	5,	23,	11,	12,	0,	0,	0,	0,	0,	0,	0,	0,	0,	
100000,	10.818,	18145,	4455,	22785,	4615,	81.86,	63.41,	63.18,	158,	7,	45,	22,	23,	0,	0,	0,	0,	0,	0,	0,	0,	0,	
150000,	15.069,	35108,	10395,	45164,	9332,	83.88,	67.51,	67.53,	242,	9,	69,	34,	35,	0,	0,	0,	0,	0,	0,	0,	0,	0,	
200000,	18.854,	36859,	8164,	46928,	8049,	85.71,	71.09,	71.1,	312,	11,	89,	44,	45,	0,	0,	0,	0,	0,	0,	0,	0,	0,	
250000,	22.149,	54344,	14026,	69111,	12518,	86.37,	72.49,	72.67,	403,	12,	115,	57,	58,	0,	0,	0,	0,	0,	0,	0,	0,	0,	
300000,	24.991,	56228,	11439,	71142,	11191,	87.17,	74.09,	74.19,	501,	14,	143,	71,	72,	0,	0,	0,	0,	0,	0,	0,	0,	0,	
350000,	27.344,	74048,	17169,	93097,	15685,	87.38,	74.57,	74.7,	585,	15,	167,	83,	84,	0,	0,	0,	0,	0,	0,	0,	0,	0,	
400000,	29.237,	75744,	14586,	95543,	14127,	87.83,	75.43,	75.41,	662,	16,	189,	94,	95,	0,	0,	0,	0,	0,	0,	0,	0,	0,	
450000,	30.657,	93568,	20098,	117760,	18573,	88.37,	76.48,	76.62,	760,	17,	217,	108,	109,	0,	0,	0,	0,	0,	0,	0,	0,	0,	
500000,	31.537,	95504,	17489,	120042,	16965,	88.52,	76.83,	76.85,	837,	18,	239,	119,	120,	0,	0,	0,	0,	0,	0,	0,	0,	0,	
550000,	32.771,	113273,	22868,	142278,	21580,	88.45,	76.68,	76.38,	921,	20,	263,	131,	132,	0,	0,	0,	0,	0,	0,	0,	0,	0,	
600000,	37.969,	115531,	20320,	144471,	19678,	88.91,	77.65,	77.76,	1012,	21,	289,	144,	145,	0,	0,	0,	0,	0,	0,	0,	0,	0,	
650000,	42.713,	133170,	25598,	166797,	24434,	88.83,	77.47,	77.7,	1096,	22,	313,	156,	157,	0,	0,	0,	0,	0,	0,	0,	0,	0,	
700000,	46.983,	135614,	22929,	168976,	22481,	89.18,	78.18,	78.05,	1173,	23,	335,	167,	168,	0,	0,	0,	0,	0,	0,	0,	0,	0,	
750000,	50.78,	153147,	28329,	191542,	26981,	89.44,	78.69,	78.85,	1243,	24,	355,	177,	178,	0,	0,	0,	0,	0,	0,	0,	0,	0,	
800000,	54.039,	155592,	25517,	193645,	25246,	89.29,	78.4,	78.42,	1327,	24,	379,	189,	190,	0,	0,	0,	0,	0,	0,	0,	0,	0,	
850000,	56.845,	173256,	30768,	216222,	29753,	89.58,	78.98,	79.02,	1453,	25,	415,	207,	208,	0,	0,	0,	0,	0,	0,	0,	0,	0,	
900000,	59.175,	175791,	27949,	218344,	27916,	89.8,	79.43,	79.5,	1516,	26,	433,	216,	217,	0,	0,	0,	0,	0,	0,	0,	0,	0,	
950000,	61.04,	193552,	33182,	240743,	32522,	89.63,	79.12,	78.92,	1607,	27,	459,	229,	230,	0,	0,	0,	0,	0,	0,	0,	0,	0,	
1000000,	62.441,	196104,	30342,	242968,	30586,	89.87,	79.6,	79.63,	1698,	28,	485,	242,	243,	0,	0,	0,	0,	0,	0,	0,	0,	0,	

1000000,	62.441,	389656,	63524,	483711,	63108,	87.34,	74.45,	74.47,	1698,	28,	485,	242,	243,	0,	0,	0,	0,	0,	0,	0,	0,	0,	
Pool,	TP,	FN,	TN,	FP
1,	4748,	2595,	8635,	2245,	
2,	26821,	7467,	31635,	6825,	
3,	71052,	9643,	69200,	13690,	
4,	99234,	22814,	159059,	9715,	
5,	187801,	21005,	215182,	30633,	





HT-ProcessRBF
Speed Change:,	0.01,	Centroids:,	100,	DriftCentroid:	100
GracePeriod:,	200,	TieThreshold:,	0.001,	BinarySplit:,	false
Count,	Time,	TP,	FN,	TN,	FP,	Accu,	Kappa,	Kpa_t,	Mem,	Depth,	TSize,	DcNod,	ActLf,	InacLf,	Reset,	Alter,	Switch,	Prune,	ClOp0,	ClOp1,	ClOp2,	ClOp3
50000,	6.208,	17926,	7057,	15790,	9224,	67.44,	34.88,	34.53,	4,	0,	1,	0,	1,	0,	0,	0,	0,	0,	0,	0,	0,	0,	
100000,	10.966,	17769,	7170,	16725,	8336,	68.99,	37.98,	38.68,	18,	2,	5,	2,	3,	0,	0,	0,	0,	0,	0,	0,	0,	0,	
150000,	15.261,	36007,	13901,	33312,	16777,	71.21,	42.42,	42.5,	18,	2,	5,	2,	3,	0,	0,	0,	0,	0,	0,	0,	0,	0,	
200000,	19.086,	35872,	13999,	34404,	15725,	71.56,	43.13,	42.75,	25,	2,	7,	3,	4,	0,	0,	0,	0,	0,	0,	0,	0,	0,	
250000,	22.439,	54437,	20343,	52144,	23073,	74.52,	49.05,	49.18,	32,	3,	9,	4,	5,	0,	0,	0,	0,	0,	0,	0,	0,	0,	
300000,	25.309,	54527,	20321,	53023,	22129,	74.55,	49.1,	49.07,	32,	3,	9,	4,	5,	0,	0,	0,	0,	0,	0,	0,	0,	0,	
350000,	27.753,	73152,	26682,	70789,	29374,	74.72,	49.44,	49.28,	32,	3,	9,	4,	5,	0,	0,	0,	0,	0,	0,	0,	0,	0,	
400000,	29.661,	73254,	26553,	71551,	28642,	74.51,	49.02,	49.28,	32,	3,	9,	4,	5,	0,	0,	0,	0,	0,	0,	0,	0,	0,	
450000,	31.093,	91775,	32898,	89378,	35946,	74.42,	48.85,	48.55,	32,	3,	9,	4,	5,	0,	0,	0,	0,	0,	0,	0,	0,	0,	
500000,	32.004,	92124,	32690,	90138,	35048,	74.91,	49.83,	49.86,	32,	3,	9,	4,	5,	0,	0,	0,	0,	0,	0,	0,	0,	0,	
550000,	33.427,	110164,	39103,	108195,	42535,	74.41,	48.82,	48.88,	32,	3,	9,	4,	5,	0,	0,	0,	0,	0,	0,	0,	0,	0,	
600000,	38.622,	110879,	38953,	108674,	41494,	74.58,	49.16,	49.14,	32,	3,	9,	4,	5,	0,	0,	0,	0,	0,	0,	0,	0,	0,	
650000,	43.357,	128789,	45356,	126812,	49040,	74.48,	48.97,	49.11,	32,	3,	9,	4,	5,	0,	0,	0,	0,	0,	0,	0,	0,	0,	
700000,	47.62,	129728,	44960,	127766,	47546,	75.88,	51.76,	51.62,	60,	4,	17,	8,	9,	0,	0,	0,	0,	0,	0,	0,	0,	0,	
750000,	51.414,	148057,	51064,	146711,	54165,	78.33,	56.67,	56.65,	88,	6,	25,	12,	13,	0,	0,	0,	0,	0,	0,	0,	0,	0,	
800000,	54.746,	149051,	50429,	148191,	52329,	79.5,	58.98,	58.93,	88,	6,	25,	12,	13,	0,	0,	0,	0,	0,	0,	0,	0,	0,	
850000,	57.608,	167211,	56686,	167220,	58880,	79.33,	58.64,	58.72,	88,	6,	25,	12,	13,	0,	0,	0,	0,	0,	0,	0,	0,	0,	
900000,	60.009,	168372,	55969,	168565,	57094,	79.39,	58.77,	58.59,	102,	6,	29,	14,	15,	0,	0,	0,	0,	0,	0,	0,	0,	0,	
950000,	61.959,	186560,	62206,	187682,	63549,	79.62,	59.24,	59.24,	116,	6,	33,	16,	17,	0,	0,	0,	0,	0,	0,	0,	0,	0,	
1000000,	63.403,	187829,	61399,	188865,	61907,	79.51,	59.02,	58.58,	130,	8,	37,	18,	19,	0,	0,	0,	0,	0,	0,	0,	0,	0,	

1000000,	63.403,	374389,	123605,	376547,	125456,	75.09,	50.19,	50.15,	130,	8,	37,	18,	19,	0,	0,	0,	0,	0,	0,	0,	0,	0,	
Pool,	TP,	FN,	TN,	FP
1,	4039,	6094,	3320,	4672,	
2,	30822,	13745,	16919,	11378,	
3,	48954,	38378,	49418,	26775,	
4,	115914,	11569,	128953,	34417,	
5,	174660,	53819,	177937,	48214,	





HT-ProcessRBF
Speed Change:,	0.01,	Centroids:,	100,	DriftCentroid:	100
GracePeriod:,	200,	TieThreshold:,	0.005,	BinarySplit:,	false
Count,	Time,	TP,	FN,	TN,	FP,	Accu,	Kappa,	Kpa_t,	Mem,	Depth,	TSize,	DcNod,	ActLf,	InacLf,	Reset,	Alter,	Switch,	Prune,	ClOp0,	ClOp1,	ClOp2,	ClOp3
50000,	6.027,	15157,	8484,	17549,	8809,	65.41,	30.67,	30.92,	4,	0,	1,	0,	1,	0,	0,	0,	0,	0,	0,	0,	0,	0,	
100000,	10.835,	15187,	8519,	18428,	7866,	67.23,	34.19,	34.1,	18,	2,	5,	2,	3,	0,	0,	0,	0,	0,	0,	0,	0,	0,	
150000,	15.095,	30278,	17065,	36067,	16589,	67.28,	34.27,	34.98,	25,	3,	7,	3,	4,	0,	0,	0,	0,	0,	0,	0,	0,	0,	
200000,	18.886,	30339,	17062,	37233,	15366,	67.91,	35.51,	34.91,	32,	4,	9,	4,	5,	0,	0,	0,	0,	0,	0,	0,	0,	0,	
250000,	22.22,	45412,	25504,	54904,	24179,	67.94,	35.55,	35.51,	32,	4,	9,	4,	5,	0,	0,	0,	0,	0,	0,	0,	0,	0,	
300000,	25.1,	45351,	25646,	56087,	22916,	67.73,	35.11,	35.03,	32,	4,	9,	4,	5,	0,	0,	0,	0,	0,	0,	0,	0,	0,	
350000,	27.475,	60375,	34197,	73705,	31722,	67.53,	34.71,	34.7,	32,	4,	9,	4,	5,	0,	0,	0,	0,	0,	0,	0,	0,	0,	
400000,	29.387,	60233,	34403,	75016,	30348,	67.62,	34.86,	35.3,	32,	4,	9,	4,	5,	0,	0,	0,	0,	0,	0,	0,	0,	0,	
450000,	30.851,	77295,	40797,	94065,	37842,	74.56,	48.88,	49.28,	60,	4,	17,	8,	9,	0,	0,	0,	0,	0,	0,	0,	0,	0,	
500000,	31.747,	76955,	41306,	96496,	35243,	76.4,	52.45,	52.65,	60,	4,	17,	8,	9,	0,	0,	0,	0,	0,	0,	0,	0,	0,	
550000,	32.949,	94027,	47674,	115650,	42648,	76.63,	52.91,	53.31,	60,	4,	17,	8,	9,	0,	0,	0,	0,	0,	0,	0,	0,	0,	
600000,	38.127,	93716,	48243,	117995,	40046,	76.52,	52.7,	52.88,	60,	4,	17,	8,	9,	0,	0,	0,	0,	0,	0,	0,	0,	0,	
650000,	42.915,	110952,	54667,	136819,	47561,	76.19,	52.11,	52.68,	60,	4,	17,	8,	9,	0,	0,	0,	0,	0,	0,	0,	0,	0,	
700000,	47.164,	110515,	55151,	139347,	44987,	76.3,	52.28,	52.21,	60,	4,	17,	8,	9,	0,	0,	0,	0,	0,	0,	0,	0,	0,	
750000,	50.938,	127622,	61682,	158192,	52503,	76.09,	51.83,	51.91,	60,	4,	17,	8,	9,	0,	0,	0,	0,	0,	0,	0,	0,	0,	
800000,	54.236,	127251,	62077,	160652,	50020,	76.08,	51.83,	52.06,	60,	4,	17,	8,	9,	0,	0,	0,	0,	0,	0,	0,	0,	0,	
850000,	57.071,	144366,	68522,	179684,	57427,	76.47,	52.59,	52.72,	60,	4,	17,	8,	9,	0,	0,	0,	0,	0,	0,	0,	0,	0,	
900000,	59.433,	144033,	69032,	181795,	55140,	75.85,	51.4,	51.61,	60,	4,	17,	8,	9,	0,	0,	0,	0,	0,	0,	0,	0,	0,	
950000,	61.326,	161023,	75417,	201098,	62461,	76.14,	51.92,	52.1,	60,	4,	17,	8,	9,	0,	0,	0,	0,	0,	0,	0,	0,	0,	
1000000,	62.746,	160688,	75928,	203234,	60150,	76.19,	52.0,	52.11,	60,	4,	17,	8,	9,	0,	0,	0,	0,	0,	0,	0,	0,	0,	

1000000,	62.746,	321711,	151345,	404332,	122611,	72.6,	44.88,	45.05,	60,	4,	17,	8,	9,	0,	0,	0,	0,	0,	0,	0,	0,	0,	
Pool,	TP,	FN,	TN,	FP
1,	7334,	4073,	2843,	3936,	
2,	37755,	15332,	16864,	2813,	
3,	67780,	35638,	32256,	27936,	
4,	84951,	29578,	142042,	34244,	
5,	123891,	66724,	210327,	53682,	





HT-ProcessRBF
Speed Change:,	0.01,	Centroids:,	100,	DriftCentroid:	100
GracePeriod:,	200,	TieThreshold:,	0.01,	BinarySplit:,	false
Count,	Time,	TP,	FN,	TN,	FP,	Accu,	Kappa,	Kpa_t,	Mem,	Depth,	TSize,	DcNod,	ActLf,	InacLf,	Reset,	Alter,	Switch,	Prune,	ClOp0,	ClOp1,	ClOp2,	ClOp3
50000,	6.133,	20374,	6284,	17555,	5783,	75.86,	51.58,	51.58,	25,	3,	7,	3,	4,	0,	0,	0,	0,	0,	0,	0,	0,	0,	
100000,	10.866,	20229,	6375,	18828,	4568,	78.11,	56.25,	56.06,	32,	4,	9,	4,	5,	0,	0,	0,	0,	0,	0,	0,	0,	0,	
150000,	15.128,	40371,	12681,	36706,	10238,	78.3,	56.64,	56.33,	32,	4,	9,	4,	5,	0,	0,	0,	0,	0,	0,	0,	0,	0,	
200000,	18.924,	40533,	12636,	37845,	8985,	78.64,	57.31,	57.2,	53,	4,	15,	7,	8,	0,	0,	0,	0,	0,	0,	0,	0,	0,	
250000,	22.303,	61481,	17941,	55805,	14752,	80.45,	60.84,	60.69,	74,	4,	21,	10,	11,	0,	0,	0,	0,	0,	0,	0,	0,	0,	
300000,	25.131,	61974,	17762,	56594,	13669,	80.38,	60.65,	60.48,	81,	5,	23,	11,	12,	0,	0,	0,	0,	0,	0,	0,	0,	0,	
350000,	27.492,	82858,	23165,	74632,	19324,	80.41,	60.72,	60.7,	88,	6,	25,	12,	13,	0,	0,	0,	0,	0,	0,	0,	0,	0,	
400000,	29.364,	83389,	22715,	75983,	17912,	81.61,	63.16,	63.06,	102,	6,	29,	14,	15,	0,	0,	0,	0,	0,	0,	0,	0,	0,	
450000,	30.746,	104565,	27991,	94259,	23164,	82.67,	65.29,	65.27,	109,	6,	31,	15,	16,	0,	0,	0,	0,	0,	0,	0,	0,	0,	
500000,	31.586,	105202,	27512,	95536,	21749,	82.73,	65.41,	65.43,	123,	7,	35,	17,	18,	0,	0,	0,	0,	0,	0,	0,	0,	0,	
550000,	32.879,	126561,	32431,	113634,	27353,	82.74,	65.39,	65.53,	137,	7,	39,	19,	20,	0,	0,	0,	0,	0,	0,	0,	0,	0,	
600000,	38.069,	127679,	31564,	114585,	26171,	83.05,	65.95,	66.2,	151,	8,	43,	21,	22,	0,	0,	0,	0,	0,	0,	0,	0,	0,	
650000,	42.737,	148895,	36581,	132934,	31569,	83.27,	66.41,	66.64,	165,	8,	47,	23,	24,	0,	0,	0,	0,	0,	0,	0,	0,	0,	
700000,	46.962,	150030,	35700,	134729,	29540,	84.99,	69.93,	69.79,	165,	8,	47,	23,	24,	0,	0,	0,	0,	0,	0,	0,	0,	0,	
750000,	50.723,	171225,	40728,	153001,	35025,	84.79,	69.53,	69.55,	172,	8,	49,	24,	25,	0,	0,	0,	0,	0,	0,	0,	0,	0,	
800000,	53.993,	172616,	39750,	154537,	33096,	84.79,	69.48,	69.52,	179,	8,	51,	25,	26,	0,	0,	0,	0,	0,	0,	0,	0,	0,	
850000,	56.828,	193846,	44751,	172984,	38398,	85.21,	70.34,	70.2,	193,	9,	55,	27,	28,	0,	0,	0,	0,	0,	0,	0,	0,	0,	
900000,	59.142,	195072,	43790,	174663,	36474,	85.16,	70.27,	70.37,	207,	9,	59,	29,	30,	0,	0,	0,	0,	0,	0,	0,	0,	0,	
950000,	60.993,	216266,	48869,	193003,	41841,	84.88,	69.69,	69.72,	214,	9,	61,	30,	31,	0,	0,	0,	0,	0,	0,	0,	0,	0,	
1000000,	62.373,	217859,	47534,	194756,	39850,	85.76,	71.44,	71.51,	242,	9,	69,	34,	35,	0,	0,	0,	0,	0,	0,	0,	0,	0,	

1000000,	62.373,	434125,	96403,	387759,	81691,	82.19,	64.31,	64.3,	242,	9,	69,	34,	35,	0,	0,	0,	0,	0,	0,	0,	0,	0,	
Pool,	TP,	FN,	TN,	FP
1,	4506,	4090,	5383,	4157,	
2,	16187,	9155,	40069,	7355,	
3,	86205,	26482,	35515,	15467,	
4,	57402,	8983,	188470,	36142,	
5,	269825,	47693,	118322,	18570,	





HT-ProcessRBF
Speed Change:,	0.01,	Centroids:,	100,	DriftCentroid:	100
GracePeriod:,	200,	TieThreshold:,	0.05,	BinarySplit:,	false
Count,	Time,	TP,	FN,	TN,	FP,	Accu,	Kappa,	Kpa_t,	Mem,	Depth,	TSize,	DcNod,	ActLf,	InacLf,	Reset,	Alter,	Switch,	Prune,	ClOp0,	ClOp1,	ClOp2,	ClOp3
50000,	6.352,	27212,	3804,	13746,	5236,	81.92,	61.04,	61.54,	151,	8,	43,	21,	22,	0,	0,	0,	0,	0,	0,	0,	0,	0,	
100000,	11.119,	28868,	1927,	14885,	4320,	87.51,	72.96,	73.61,	305,	10,	87,	43,	44,	0,	0,	0,	0,	0,	0,	0,	0,	0,	
150000,	15.393,	56154,	5655,	29318,	8618,	89.53,	77.4,	77.76,	466,	13,	133,	66,	67,	0,	0,	0,	0,	0,	0,	0,	0,	0,	
200000,	19.212,	57867,	3840,	30889,	7387,	90.04,	78.64,	78.86,	606,	15,	173,	86,	87,	0,	0,	0,	0,	0,	0,	0,	0,	0,	
250000,	22.566,	84735,	7588,	45675,	11437,	90.49,	79.72,	79.9,	746,	16,	213,	106,	107,	0,	0,	0,	0,	0,	0,	0,	0,	0,	
300000,	25.429,	85825,	5541,	47274,	9947,	91.47,	81.72,	81.78,	886,	18,	253,	126,	127,	0,	0,	0,	0,	0,	0,	0,	0,	0,	
350000,	27.791,	113863,	9355,	62192,	13953,	91.43,	81.69,	81.74,	1026,	18,	293,	146,	147,	0,	0,	0,	0,	0,	0,	0,	0,	0,	
400000,	29.703,	114236,	7266,	63885,	12380,	91.68,	82.24,	82.46,	1208,	20,	345,	172,	173,	0,	0,	0,	0,	0,	0,	0,	0,	0,	
450000,	31.134,	140594,	11003,	78881,	16301,	92.0,	82.92,	83.07,	1376,	20,	393,	196,	197,	0,	0,	0,	0,	0,	0,	0,	0,	0,	
500000,	32.016,	140326,	8757,	80651,	14705,	92.36,	83.69,	83.69,	1509,	20,	431,	215,	216,	0,	0,	0,	0,	0,	0,	0,	0,	0,	
550000,	33.438,	167301,	12532,	95434,	18704,	92.14,	83.14,	83.43,	1684,	22,	481,	240,	241,	0,	0,	0,	0,	0,	0,	0,	0,	0,	
600000,	38.635,	166840,	10344,	97492,	16935,	92.36,	83.71,	83.84,	1810,	22,	517,	258,	259,	0,	0,	0,	0,	0,	0,	0,	0,	0,	
650000,	43.409,	193164,	13953,	112212,	20863,	92.83,	84.66,	84.74,	1950,	24,	557,	278,	279,	0,	0,	0,	0,	0,	0,	0,	0,	0,	
700000,	47.721,	192376,	11808,	114357,	19137,	92.67,	84.34,	84.39,	2090,	24,	597,	298,	299,	0,	0,	0,	0,	0,	0,	0,	0,	0,	
750000,	51.497,	218774,	15327,	128914,	23201,	92.57,	84.1,	84.27,	2244,	24,	641,	320,	321,	0,	0,	0,	0,	0,	0,	0,	0,	0,	
800000,	54.812,	217726,	13192,	131229,	21286,	92.93,	84.89,	85.16,	2433,	25,	695,	347,	348,	0,	0,	0,	0,	0,	0,	0,	0,	0,	
850000,	57.64,	243570,	16672,	146031,	25282,	93.14,	85.4,	85.49,	2510,	25,	717,	358,	359,	0,	0,	0,	0,	0,	0,	0,	0,	0,	
900000,	60.005,	241408,	14579,	148216,	23329,	93.13,	85.34,	85.4,	2650,	25,	757,	378,	379,	0,	0,	0,	0,	0,	0,	0,	0,	0,	
950000,	61.899,	266398,	17973,	163174,	27220,	93.51,	86.17,	86.3,	2790,	26,	797,	398,	399,	0,	0,	0,	0,	0,	0,	0,	0,	0,	
1000000,	63.324,	265745,	15892,	165031,	25355,	93.31,	85.66,	85.84,	2944,	26,	841,	420,	421,	0,	0,	0,	0,	0,	0,	0,	0,	0,	

1000000,	63.324,	532143,	33865,	328205,	52575,	91.35,	81.49,	81.67,	2944,	26,	841,	420,	421,	0,	0,	0,	0,	0,	0,	0,	0,	0,	
Pool,	TP,	FN,	TN,	FP
1,	11041,	1672,	2426,	3035,	
2,	38456,	4527,	20708,	8876,	
3,	98326,	7472,	43378,	11326,	
4,	194332,	9767,	47319,	9637,	
5,	189988,	10427,	214374,	19701,	





HT-ProcessRBF
Speed Change:,	0.01,	Centroids:,	100,	DriftCentroid:	100
GracePeriod:,	200,	TieThreshold:,	0.1,	BinarySplit:,	false
Count,	Time,	TP,	FN,	TN,	FP,	Accu,	Kappa,	Kpa_t,	Mem,	Depth,	TSize,	DcNod,	ActLf,	InacLf,	Reset,	Alter,	Switch,	Prune,	ClOp0,	ClOp1,	ClOp2,	ClOp3
50000,	6.426,	27394,	2304,	16228,	3778,	87.83,	74.33,	74.62,	508,	13,	145,	72,	73,	0,	0,	0,	0,	0,	0,	0,	0,	0,	
100000,	11.218,	25597,	2011,	17138,	2749,	90.46,	79.96,	80.02,	977,	18,	279,	139,	140,	0,	0,	0,	0,	0,	0,	0,	0,	0,	
150000,	15.613,	51367,	4069,	33780,	6294,	91.41,	82.02,	82.15,	1495,	21,	427,	213,	214,	0,	0,	0,	0,	0,	0,	0,	0,	0,	
200000,	19.546,	49413,	3664,	34843,	5096,	91.98,	83.21,	83.34,	1901,	22,	543,	271,	272,	0,	0,	0,	0,	0,	0,	0,	0,	0,	
250000,	22.89,	71790,	5776,	51763,	8393,	92.36,	84.06,	84.08,	2286,	24,	653,	326,	327,	0,	0,	0,	0,	0,	0,	0,	0,	0,	
300000,	25.784,	68950,	5262,	52799,	7253,	92.47,	84.27,	84.34,	2643,	25,	755,	377,	378,	0,	0,	0,	0,	0,	0,	0,	0,	0,	
350000,	28.196,	90603,	7401,	69749,	10499,	92.51,	84.37,	84.47,	2972,	25,	849,	424,	425,	0,	0,	0,	0,	0,	0,	0,	0,	0,	
400000,	30.172,	86189,	6883,	70839,	9321,	92.6,	84.56,	84.68,	3357,	26,	959,	479,	480,	0,	0,	0,	0,	0,	0,	0,	0,	0,	
450000,	31.632,	108693,	8976,	87678,	12606,	92.61,	84.55,	84.56,	3770,	26,	1077,	538,	539,	0,	0,	0,	0,	0,	0,	0,	0,	0,	
500000,	32.534,	103914,	8426,	88965,	11368,	92.8,	84.98,	85.03,	4071,	27,	1163,	581,	582,	0,	0,	0,	0,	0,	0,	0,	0,	0,	
550000,	34.083,	126825,	10544,	105535,	14615,	92.82,	84.96,	85.06,	4421,	28,	1263,	631,	632,	0,	0,	0,	0,	0,	0,	0,	0,	0,	
600000,	39.311,	121348,	9891,	106970,	13427,	92.94,	85.24,	85.33,	4708,	28,	1345,	672,	673,	0,	0,	0,	0,	0,	0,	0,	0,	0,	
650000,	44.08,	144590,	11939,	123386,	16622,	93.18,	85.68,	85.81,	5086,	28,	1453,	726,	727,	0,	0,	0,	0,	0,	0,	0,	0,	0,	
700000,	48.454,	138729,	11242,	124966,	15519,	93.09,	85.54,	85.62,	5443,	28,	1555,	777,	778,	0,	0,	0,	0,	0,	0,	0,	0,	0,	
750000,	52.24,	161617,	13371,	141357,	18639,	93.08,	85.51,	85.57,	5695,	28,	1627,	813,	814,	0,	0,	0,	0,	0,	0,	0,	0,	0,	
800000,	55.543,	156394,	12529,	142947,	17571,	93.3,	85.97,	86.07,	5933,	28,	1695,	847,	848,	0,	0,	0,	0,	0,	0,	0,	0,	0,	
850000,	58.403,	178917,	14709,	159325,	20618,	93.35,	86.06,	86.15,	6283,	29,	1795,	897,	898,	0,	0,	0,	0,	0,	0,	0,	0,	0,	
900000,	60.801,	172526,	13862,	161037,	19480,	93.51,	86.41,	86.36,	6535,	29,	1867,	933,	934,	0,	0,	0,	0,	0,	0,	0,	0,	0,	
950000,	62.744,	195499,	16057,	177404,	22628,	93.26,	85.91,	85.87,	6836,	29,	1953,	976,	977,	0,	0,	0,	0,	0,	0,	0,	0,	0,	
1000000,	64.176,	189009,	15180,	179145,	21515,	93.28,	85.95,	85.94,	7123,	29,	2035,	1017,	1018,	0,	0,	0,	0,	0,	0,	0,	0,	0,	

1000000,	64.176,	384508,	31237,	356549,	44143,	92.44,	84.18,	84.25,	7123,	29,	2035,	1017,	1018,	0,	0,	0,	0,	0,	0,	0,	0,	0,	
Pool,	TP,	FN,	TN,	FP
1,	10239,	3155,	3244,	1512,	
2,	31631,	5141,	26406,	8996,	
3,	50922,	2808,	79832,	12952,	
4,	107603,	7176,	91180,	15208,	
5,	184113,	12957,	155887,	5475,	





HT-ProcessRBF
Speed Change:,	0.01,	Centroids:,	100,	DriftCentroid:	100
GracePeriod:,	200,	TieThreshold:,	0.05,	BinarySplit:,	true
Count,	Time,	TP,	FN,	TN,	FP,	Accu,	Kappa,	Kpa_t,	Mem,	Depth,	TSize,	DcNod,	ActLf,	InacLf,	Reset,	Alter,	Switch,	Prune,	ClOp0,	ClOp1,	ClOp2,	ClOp3
50000,	6.118,	21719,	5062,	16123,	7095,	75.68,	50.83,	51.64,	137,	8,	39,	19,	20,	0,	0,	0,	0,	0,	0,	0,	0,	0,	
100000,	10.967,	23938,	3145,	18329,	4588,	84.53,	68.7,	68.71,	284,	10,	81,	40,	41,	0,	0,	0,	0,	0,	0,	0,	0,	0,	
150000,	15.262,	45160,	8454,	35507,	10878,	85.65,	71.11,	71.25,	438,	12,	125,	62,	63,	0,	0,	0,	0,	0,	0,	0,	0,	0,	
200000,	19.097,	47718,	6438,	38063,	7781,	87.03,	73.89,	73.94,	585,	14,	167,	83,	84,	0,	0,	0,	0,	0,	0,	0,	0,	0,	
250000,	22.418,	68552,	11613,	55490,	13952,	87.53,	74.92,	75.01,	725,	16,	207,	103,	104,	0,	0,	0,	0,	0,	0,	0,	0,	0,	
300000,	25.278,	71796,	9267,	58177,	10683,	88.54,	76.92,	76.91,	879,	18,	251,	125,	126,	0,	0,	0,	0,	0,	0,	0,	0,	0,	
350000,	27.684,	92916,	14203,	75688,	16800,	89.12,	78.1,	78.31,	998,	18,	285,	142,	143,	0,	0,	0,	0,	0,	0,	0,	0,	0,	
400000,	29.584,	94630,	11722,	78328,	13552,	89.35,	78.54,	78.57,	1159,	20,	331,	165,	166,	0,	0,	0,	0,	0,	0,	0,	0,	0,	
450000,	30.998,	116930,	16699,	95784,	19523,	89.56,	78.94,	79.04,	1306,	21,	373,	186,	187,	0,	0,	0,	0,	0,	0,	0,	0,	0,	
500000,	31.905,	117981,	14075,	98562,	16312,	89.77,	79.38,	79.31,	1453,	22,	415,	207,	208,	0,	0,	0,	0,	0,	0,	0,	0,	0,	
550000,	33.215,	140513,	19039,	115798,	22349,	89.67,	79.14,	79.26,	1621,	22,	463,	231,	232,	0,	0,	0,	0,	0,	0,	0,	0,	0,	
600000,	38.42,	141028,	16473,	118828,	19109,	89.61,	79.06,	79.16,	1747,	23,	499,	249,	250,	0,	0,	0,	0,	0,	0,	0,	0,	0,	
650000,	43.172,	163987,	21286,	136030,	25069,	90.06,	79.96,	80.09,	1964,	23,	561,	280,	281,	0,	0,	0,	0,	0,	0,	0,	0,	0,	
700000,	47.478,	163396,	18613,	139269,	21761,	90.41,	80.69,	80.69,	2111,	23,	603,	301,	302,	0,	0,	0,	0,	0,	0,	0,	0,	0,	
750000,	51.277,	186148,	23481,	156450,	27593,	90.56,	80.97,	80.88,	2209,	23,	631,	315,	316,	0,	0,	0,	0,	0,	0,	0,	0,	0,	
800000,	54.675,	185472,	20782,	159908,	24188,	90.8,	81.47,	81.53,	2377,	23,	679,	339,	340,	0,	0,	0,	0,	0,	0,	0,	0,	0,	
850000,	57.514,	207976,	25610,	176767,	30172,	90.58,	81.0,	81.2,	2454,	23,	701,	350,	351,	0,	0,	0,	0,	0,	0,	0,	0,	0,	
900000,	59.875,	208312,	22804,	180316,	26701,	90.93,	81.7,	81.68,	2643,	23,	755,	377,	378,	0,	0,	0,	0,	0,	0,	0,	0,	0,	
950000,	61.839,	229631,	27728,	197253,	32657,	90.79,	81.44,	81.36,	2846,	24,	813,	406,	407,	0,	0,	0,	0,	0,	0,	0,	0,	0,	
1000000,	63.307,	229415,	24780,	200881,	29124,	91.2,	82.26,	82.23,	2986,	24,	853,	426,	427,	0,	0,	0,	0,	0,	0,	0,	0,	0,	

1000000,	63.307,	459046,	52508,	398134,	61781,	88.57,	76.96,	77.02,	2986,	24,	853,	426,	427,	0,	0,	0,	0,	0,	0,	0,	0,	0,	
Pool,	TP,	FN,	TN,	FP
1,	3039,	1727,	9934,	3514,	
2,	28615,	6039,	28715,	9289,	
3,	78260,	6115,	64578,	9044,	
4,	95116,	12829,	156543,	13763,	
5,	254016,	25798,	138364,	26171,	





HT-ProcessRBF
Speed Change:,	0.01,	Centroids:,	100,	DriftCentroid:	100
GracePeriod:,	200,	TieThreshold:,	0.05,	BinarySplit:,	true
Count,	Time,	TP,	FN,	TN,	FP,	Accu,	Kappa,	Kpa_t,	Mem,	Depth,	TSize,	DcNod,	ActLf,	InacLf,	Reset,	Alter,	Switch,	Prune,	ClOp0,	ClOp1,	ClOp2,	ClOp3
50000,	6.256,	15969,	5303,	24506,	4221,	80.95,	60.77,	60.95,	137,	6,	39,	19,	20,	0,	0,	0,	0,	0,	0,	0,	0,	0,	
100000,	11.094,	17907,	3449,	25420,	3224,	86.65,	72.69,	72.73,	291,	9,	83,	41,	42,	0,	0,	0,	0,	0,	0,	0,	0,	0,	
150000,	15.391,	34335,	8263,	50129,	7272,	87.98,	75.44,	75.4,	438,	11,	125,	62,	63,	0,	0,	0,	0,	0,	0,	0,	0,	0,	
200000,	19.381,	36342,	6149,	51444,	6065,	88.92,	77.31,	77.26,	571,	13,	163,	81,	82,	0,	0,	0,	0,	0,	0,	0,	0,	0,	
250000,	22.858,	52722,	10937,	76406,	9916,	89.36,	78.18,	78.16,	732,	15,	209,	104,	105,	0,	0,	0,	0,	0,	0,	0,	0,	0,	
300000,	25.738,	54916,	8729,	77776,	8574,	89.82,	79.14,	79.08,	921,	17,	263,	131,	132,	0,	0,	0,	0,	0,	0,	0,	0,	0,	
350000,	28.158,	71389,	13451,	102542,	12361,	90.08,	79.74,	79.72,	1075,	18,	307,	153,	154,	0,	0,	0,	0,	0,	0,	0,	0,	0,	
400000,	30.129,	72935,	11092,	104258,	10898,	90.62,	80.8,	80.86,	1236,	20,	353,	176,	177,	0,	0,	0,	0,	0,	0,	0,	0,	0,	
450000,	31.63,	89186,	15906,	128844,	14744,	90.32,	80.2,	80.2,	1369,	20,	391,	195,	196,	0,	0,	0,	0,	0,	0,	0,	0,	0,	
500000,	32.544,	90225,	13420,	130621,	13201,	90.74,	81.07,	81.08,	1474,	21,	421,	210,	211,	0,	0,	0,	0,	0,	0,	0,	0,	0,	
550000,	33.939,	106139,	18154,	155356,	16904,	91.18,	81.97,	82.01,	1600,	21,	457,	228,	229,	0,	0,	0,	0,	0,	0,	0,	0,	0,	
600000,	39.256,	107169,	15781,	157290,	15272,	91.14,	81.83,	81.96,	1761,	23,	503,	251,	252,	0,	0,	0,	0,	0,	0,	0,	0,	0,	
650000,	44.478,	122659,	20571,	182014,	18912,	91.15,	81.86,	81.72,	1894,	23,	541,	270,	271,	0,	0,	0,	0,	0,	0,	0,	0,	0,	
700000,	49.48,	123505,	18101,	184078,	17268,	91.37,	82.3,	82.4,	2027,	25,	579,	289,	290,	0,	0,	0,	0,	0,	0,	0,	0,	0,	
750000,	53.56,	139051,	22905,	208755,	20820,	91.52,	82.62,	82.53,	2125,	25,	607,	303,	304,	0,	0,	0,	0,	0,	0,	0,	0,	0,	
800000,	57.126,	139921,	20486,	210983,	19076,	91.61,	82.79,	82.73,	2237,	25,	639,	319,	320,	0,	0,	0,	0,	0,	0,	0,	0,	0,	
850000,	60.125,	155598,	25160,	235711,	22719,	91.69,	82.94,	82.97,	2384,	25,	681,	340,	341,	0,	0,	0,	0,	0,	0,	0,	0,	0,	
900000,	62.489,	156321,	22754,	237805,	20907,	91.8,	83.19,	83.15,	2538,	25,	725,	362,	363,	0,	0,	0,	0,	0,	0,	0,	0,	0,	
950000,	64.382,	171955,	27464,	262856,	24505,	91.82,	83.16,	83.2,	2671,	25,	763,	381,	382,	0,	0,	0,	0,	0,	0,	0,	0,	0,	
1000000,	65.805,	172456,	25054,	264652,	22708,	91.8,	83.19,	83.25,	2790,	25,	797,	398,	399,	0,	0,	0,	0,	0,	0,	0,	0,	0,	

1000000,	65.805,	344411,	52518,	527508,	47213,	90.03,	79.56,	79.57,	2790,	25,	797,	398,	399,	0,	0,	0,	0,	0,	0,	0,	0,	0,	
Pool,	TP,	FN,	TN,	FP
1,	7022,	2904,	5665,	2635,	
2,	26975,	5462,	34940,	5279,	
3,	62646,	16480,	75638,	8647,	
4,	38143,	2497,	209099,	20753,	
5,	209625,	25175,	202166,	9899,	





HT-ProcessRBF
Speed Change:,	0.01,	Centroids:,	100,	DriftCentroid:	100
GracePeriod:,	200,	TieThreshold:,	0.05,	BinarySplit:,	true
Count,	Time,	TP,	FN,	TN,	FP,	Accu,	Kappa,	Kpa_t,	Mem,	Depth,	TSize,	DcNod,	ActLf,	InacLf,	Reset,	Alter,	Switch,	Prune,	ClOp0,	ClOp1,	ClOp2,	ClOp3
50000,	6.358,	19385,	4273,	22434,	3907,	83.64,	67.16,	67.26,	158,	6,	45,	22,	23,	0,	0,	0,	0,	0,	0,	0,	0,	0,	
100000,	11.411,	21121,	2559,	23362,	2958,	88.97,	77.89,	77.92,	312,	9,	89,	44,	45,	0,	0,	0,	0,	0,	0,	0,	0,	0,	
150000,	16.118,	40342,	7010,	46455,	6190,	89.96,	79.84,	79.81,	466,	10,	133,	66,	67,	0,	0,	0,	0,	0,	0,	0,	0,	0,	
200000,	20.236,	42328,	5101,	47472,	5099,	90.63,	81.21,	81.22,	634,	11,	181,	90,	91,	0,	0,	0,	0,	0,	0,	0,	0,	0,	
250000,	24.21,	61411,	9522,	70881,	8168,	91.02,	81.96,	81.97,	802,	13,	229,	114,	115,	0,	0,	0,	0,	0,	0,	0,	0,	0,	
300000,	27.368,	63199,	7323,	71731,	7180,	91.39,	82.73,	82.79,	970,	15,	277,	138,	139,	0,	0,	0,	0,	0,	0,	0,	0,	0,	
350000,	29.999,	82559,	11685,	95569,	10091,	91.83,	83.57,	83.74,	1103,	16,	315,	157,	158,	0,	0,	0,	0,	0,	0,	0,	0,	0,	
400000,	31.949,	84628,	9348,	96196,	9137,	92.03,	84.01,	83.99,	1285,	18,	367,	183,	184,	0,	0,	0,	0,	0,	0,	0,	0,	0,	
450000,	33.435,	103702,	13684,	120209,	11916,	92.35,	84.65,	84.63,	1446,	20,	413,	206,	207,	0,	0,	0,	0,	0,	0,	0,	0,	0,	
500000,	34.349,	105775,	11322,	120975,	10926,	92.47,	84.88,	84.9,	1551,	21,	443,	221,	222,	0,	0,	0,	0,	0,	0,	0,	0,	0,	
550000,	35.685,	123952,	15593,	144875,	13672,	92.67,	85.28,	85.13,	1705,	22,	487,	243,	244,	0,	0,	0,	0,	0,	0,	0,	0,	0,	
600000,	40.969,	126756,	13262,	145581,	12684,	92.6,	85.15,	85.18,	1845,	24,	527,	263,	264,	0,	0,	0,	0,	0,	0,	0,	0,	0,	
650000,	45.886,	143912,	17519,	169521,	15360,	92.77,	85.5,	85.55,	2013,	24,	575,	287,	288,	0,	0,	0,	0,	0,	0,	0,	0,	0,	
700000,	51.41,	146411,	15218,	170053,	14428,	92.6,	85.15,	85.12,	2146,	26,	613,	306,	307,	0,	0,	0,	0,	0,	0,	0,	0,	0,	
750000,	55.365,	162414,	19403,	194354,	17023,	92.9,	85.74,	85.72,	2265,	26,	647,	323,	324,	0,	0,	0,	0,	0,	0,	0,	0,	0,	
800000,	58.939,	164983,	17014,	194815,	16135,	92.99,	85.93,	85.88,	2384,	26,	681,	340,	341,	0,	0,	0,	0,	0,	0,	0,	0,	0,	
850000,	62.257,	181588,	21185,	219156,	18797,	92.88,	85.71,	85.84,	2503,	28,	715,	357,	358,	0,	0,	0,	0,	0,	0,	0,	0,	0,	
900000,	65.354,	183420,	18744,	219747,	17880,	93.05,	86.03,	86.06,	2601,	28,	743,	371,	372,	0,	0,	0,	0,	0,	0,	0,	0,	0,	
950000,	67.895,	200015,	22920,	243927,	20567,	92.99,	85.92,	85.99,	2713,	28,	775,	387,	388,	0,	0,	0,	0,	0,	0,	0,	0,	0,	
1000000,	69.753,	201864,	20475,	244445,	19556,	93.18,	86.33,	86.34,	2860,	29,	817,	408,	409,	0,	0,	0,	0,	0,	0,	0,	0,	0,	

1000000,	69.753,	401879,	43395,	488372,	40123,	91.65,	83.23,	83.25,	2860,	29,	817,	408,	409,	0,	0,	0,	0,	0,	0,	0,	0,	0,	
Pool,	TP,	FN,	TN,	FP
1,	9232,	2352,	5506,	1114,	
2,	44814,	9871,	14335,	3587,	
3,	91272,	13694,	52181,	6023,	
4,	103376,	8452,	163291,	9558,	
5,	153185,	9026,	253059,	19841,	





HT-ProcessRBF
Speed Change:,	0.01,	Centroids:,	100,	DriftCentroid:	100
GracePeriod:,	200,	TieThreshold:,	0.05,	BinarySplit:,	true
Count,	Time,	TP,	FN,	TN,	FP,	Accu,	Kappa,	Kpa_t,	Mem,	Depth,	TSize,	DcNod,	ActLf,	InacLf,	Reset,	Alter,	Switch,	Prune,	ClOp0,	ClOp1,	ClOp2,	ClOp3
50000,	7.094,	20099,	4360,	20851,	4689,	81.9,	63.79,	63.64,	144,	9,	41,	20,	21,	0,	0,	0,	0,	0,	0,	0,	0,	0,	
100000,	12.179,	20503,	3722,	22689,	3086,	86.38,	72.72,	72.67,	277,	13,	79,	39,	40,	0,	0,	0,	0,	0,	0,	0,	0,	0,	
150000,	16.636,	40939,	7853,	43810,	7397,	87.6,	75.16,	75.33,	438,	16,	125,	62,	63,	0,	0,	0,	0,	0,	0,	0,	0,	0,	
200000,	20.838,	41938,	6650,	45647,	5765,	88.79,	77.55,	77.52,	578,	18,	165,	82,	83,	0,	0,	0,	0,	0,	0,	0,	0,	0,	
250000,	24.409,	62834,	10489,	66993,	9683,	90.16,	80.3,	80.33,	711,	20,	203,	101,	102,	0,	0,	0,	0,	0,	0,	0,	0,	0,	
300000,	27.344,	63850,	9303,	68831,	8016,	90.19,	80.37,	80.49,	851,	22,	243,	121,	122,	0,	0,	0,	0,	0,	0,	0,	0,	0,	
350000,	30.088,	83600,	13097,	90487,	11826,	90.49,	80.97,	80.95,	1033,	23,	295,	147,	148,	0,	0,	0,	0,	0,	0,	0,	0,	0,	
400000,	32.3,	84473,	11780,	92206,	10202,	90.67,	81.33,	81.23,	1166,	24,	333,	166,	167,	0,	0,	0,	0,	0,	0,	0,	0,	0,	
450000,	33.792,	102279,	15474,	114131,	13951,	91.0,	81.97,	81.82,	1299,	24,	371,	185,	186,	0,	0,	0,	0,	0,	0,	0,	0,	0,	
500000,	34.733,	104194,	14115,	115552,	12262,	91.21,	82.4,	82.47,	1488,	25,	425,	212,	213,	0,	0,	0,	0,	0,	0,	0,	0,	0,	
550000,	36.063,	120573,	17896,	137800,	15951,	91.15,	82.28,	82.37,	1614,	26,	461,	230,	231,	0,	0,	0,	0,	0,	0,	0,	0,	0,	
600000,	42.012,	123039,	16290,	139282,	14261,	91.64,	83.27,	83.29,	1775,	27,	507,	253,	254,	0,	0,	0,	0,	0,	0,	0,	0,	0,	
650000,	48.073,	139547,	20143,	161314,	17897,	91.61,	83.21,	83.27,	1971,	28,	563,	281,	282,	0,	0,	0,	0,	0,	0,	0,	0,	0,	
700000,	53.11,	140912,	18569,	163020,	16114,	91.73,	83.44,	83.58,	2104,	28,	601,	300,	301,	0,	0,	0,	0,	0,	0,	0,	0,	0,	
750000,	57.387,	157592,	22394,	184906,	19696,	91.9,	83.78,	83.83,	2251,	28,	643,	321,	322,	0,	0,	0,	0,	0,	0,	0,	0,	0,	
800000,	61.192,	159490,	20631,	186888,	17848,	92.41,	84.8,	84.82,	2356,	28,	673,	336,	337,	0,	0,	0,	0,	0,	0,	0,	0,	0,	
850000,	64.313,	174555,	24522,	208702,	21527,	92.08,	84.15,	84.08,	2489,	28,	711,	355,	356,	0,	0,	0,	0,	0,	0,	0,	0,	0,	
900000,	66.817,	175618,	22774,	210803,	19643,	92.12,	84.21,	84.22,	2629,	29,	751,	375,	376,	0,	0,	0,	0,	0,	0,	0,	0,	0,	
950000,	68.785,	190621,	26609,	232576,	23250,	92.37,	84.73,	84.76,	2783,	30,	795,	397,	398,	0,	0,	0,	0,	0,	0,	0,	0,	0,	
1000000,	70.335,	192262,	24820,	234746,	21466,	92.26,	84.49,	84.3,	2867,	30,	819,	409,	410,	0,	0,	0,	0,	0,	0,	0,	0,	0,	

1000000,	70.335,	382883,	51429,	467322,	44716,	90.38,	80.75,	80.75,	2867,	30,	819,	409,	410,	0,	0,	0,	0,	0,	0,	0,	0,	0,	
Pool,	TP,	FN,	TN,	FP
1,	8702,	2614,	5184,	1669,	
2,	40397,	7764,	21286,	3175,	
3,	49311,	14344,	88853,	10824,	
4,	118742,	10899,	124465,	7127,	
5,	165731,	15808,	227534,	21921,	





HT-ProcessRBF
Speed Change:,	0.01,	Centroids:,	100,	DriftCentroid:	100
GracePeriod:,	200,	TieThreshold:,	0.05,	BinarySplit:,	true
Count,	Time,	TP,	FN,	TN,	FP,	Accu,	Kappa,	Kpa_t,	Mem,	Depth,	TSize,	DcNod,	ActLf,	InacLf,	Reset,	Alter,	Switch,	Prune,	ClOp0,	ClOp1,	ClOp2,	ClOp3
50000,	7.257,	15573,	6782,	23218,	4426,	77.58,	54.19,	54.42,	137,	8,	39,	19,	20,	0,	0,	0,	0,	0,	0,	0,	0,	0,	
100000,	12.365,	17604,	4939,	23798,	3659,	82.8,	65.1,	65.16,	256,	10,	73,	36,	37,	0,	0,	0,	0,	0,	0,	0,	0,	0,	
150000,	17.095,	33875,	10883,	47314,	7927,	84.8,	69.18,	69.18,	417,	12,	119,	59,	60,	0,	0,	0,	0,	0,	0,	0,	0,	0,	
200000,	21.085,	36158,	8786,	48326,	6730,	86.16,	71.93,	72.11,	571,	14,	163,	81,	82,	0,	0,	0,	0,	0,	0,	0,	0,	0,	
250000,	24.998,	52346,	14613,	72299,	10733,	86.93,	73.41,	73.44,	732,	16,	209,	104,	105,	0,	0,	0,	0,	0,	0,	0,	0,	0,	
300000,	28.239,	55061,	12359,	73305,	9275,	87.76,	75.17,	75.33,	858,	18,	245,	122,	123,	0,	0,	0,	0,	0,	0,	0,	0,	0,	
350000,	30.887,	71074,	18084,	97365,	13400,	87.72,	75.06,	75.25,	1005,	18,	287,	143,	144,	0,	0,	0,	0,	0,	0,	0,	0,	0,	
400000,	33.212,	73990,	15725,	98355,	11930,	87.96,	75.55,	75.6,	1159,	20,	331,	165,	166,	0,	0,	0,	0,	0,	0,	0,	0,	0,	
450000,	34.849,	89620,	21288,	122703,	15980,	88.43,	76.47,	76.37,	1306,	20,	373,	186,	187,	0,	0,	0,	0,	0,	0,	0,	0,	0,	
500000,	35.903,	92067,	18755,	123386,	14471,	88.86,	77.43,	77.55,	1481,	21,	423,	211,	212,	0,	0,	0,	0,	0,	0,	0,	0,	0,	
550000,	37.425,	107161,	24396,	147974,	18493,	88.76,	77.17,	77.26,	1572,	22,	449,	224,	225,	0,	0,	0,	0,	0,	0,	0,	0,	0,	
600000,	43.039,	108643,	21774,	148555,	16893,	89.12,	77.94,	78.06,	1726,	22,	493,	246,	247,	0,	0,	0,	0,	0,	0,	0,	0,	0,	
650000,	47.958,	124007,	27370,	173096,	20900,	89.24,	78.2,	78.17,	1866,	23,	533,	266,	267,	0,	0,	0,	0,	0,	0,	0,	0,	0,	
700000,	52.678,	125167,	24710,	173723,	19377,	89.16,	78.02,	78.21,	2013,	23,	575,	287,	288,	0,	0,	0,	0,	0,	0,	0,	0,	0,	
750000,	56.831,	140732,	30321,	198356,	23300,	89.3,	78.3,	78.46,	2132,	23,	609,	304,	305,	0,	0,	0,	0,	0,	0,	0,	0,	0,	
800000,	60.291,	142109,	27596,	198820,	21857,	89.27,	78.27,	78.33,	2223,	23,	635,	317,	318,	0,	0,	0,	0,	0,	0,	0,	0,	0,	
850000,	63.575,	157021,	33177,	223586,	25739,	89.41,	78.53,	78.47,	2391,	25,	683,	341,	342,	0,	0,	0,	0,	0,	0,	0,	0,	0,	
900000,	66.198,	158413,	30432,	224200,	24192,	89.66,	79.02,	79.21,	2503,	25,	715,	357,	358,	0,	0,	0,	0,	0,	0,	0,	0,	0,	
950000,	68.224,	173912,	35905,	248879,	28203,	89.61,	78.95,	79.09,	2608,	25,	745,	372,	373,	0,	0,	0,	0,	0,	0,	0,	0,	0,	
1000000,	69.888,	175829,	33204,	249258,	26582,	89.67,	79.11,	79.18,	2748,	25,	785,	392,	393,	0,	0,	0,	0,	0,	0,	0,	0,	0,	

1000000,	69.888,	349741,	69109,	498137,	54785,	87.61,	74.86,	74.95,	2748,	25,	785,	392,	393,	0,	0,	0,	0,	0,	0,	0,	0,	0,	
Pool,	TP,	FN,	TN,	FP
1,	4878,	2605,	7542,	3250,	
2,	37698,	8324,	23897,	2692,	
3,	52955,	11452,	85145,	13483,	
4,	95266,	19194,	145775,	14454,	
5,	158944,	27534,	235778,	20906,	





