HT-RandomRBF
Speed Change:,	0.0,	Centroids:,	100,	DriftCentroid:	100
GracePeriod:,	200,	TieThreshold:,	0.05,	BinarySplit:,	false
Count,	Time,	TP,	FN,	TN,	FP,	Accu,	Kappa,	Kpa_t,	Mem,	Depth,	TSize,	DcNod,	ActLf,	InacLf,	Reset,	Alter,	Switch,	Prune,	ClOp0,	ClOp1,	ClOp2,	ClOp3
50000,	0.821,	20336,	4707,	20943,	4011,	82.56,	65.12,	64.94,	144,	7,	41,	20,	21,	0,	0,	0,	0,	0,	0,	0,	0,	0,	
100000,	1.361,	22312,	2695,	21800,	3192,	88.22,	76.45,	76.34,	298,	9,	85,	42,	43,	0,	0,	0,	0,	0,	0,	0,	0,	0,	
150000,	1.848,	42940,	7119,	43082,	6856,	89.49,	78.97,	79.15,	480,	12,	137,	68,	69,	0,	0,	0,	0,	0,	0,	0,	0,	0,	
200000,	2.238,	45109,	4978,	44131,	5779,	90.26,	80.52,	80.58,	655,	15,	187,	93,	94,	0,	0,	0,	0,	0,	0,	0,	0,	0,	
250000,	2.659,	66163,	9169,	65241,	9424,	90.76,	81.52,	81.54,	816,	17,	233,	116,	117,	0,	0,	0,	0,	0,	0,	0,	0,	0,	
300000,	2.993,	68319,	7018,	66428,	8232,	91.01,	82.02,	82.12,	942,	19,	269,	134,	135,	0,	0,	0,	0,	0,	0,	0,	0,	0,	
350000,	3.373,	87493,	11108,	87832,	11801,	91.37,	82.73,	82.84,	1110,	21,	317,	158,	159,	0,	0,	0,	0,	0,	0,	0,	0,	0,	
400000,	3.752,	88984,	8954,	89218,	10536,	91.51,	83.03,	83.15,	1292,	23,	369,	184,	185,	0,	0,	0,	0,	0,	0,	0,	0,	0,	
450000,	4.181,	107779,	13073,	110447,	14067,	91.53,	83.07,	83.02,	1383,	24,	395,	197,	198,	0,	0,	0,	0,	0,	0,	0,	0,	0,	
500000,	4.574,	108797,	10968,	111891,	12745,	91.55,	83.11,	83.02,	1488,	24,	425,	212,	213,	0,	0,	0,	0,	0,	0,	0,	0,	0,	
550000,	4.947,	126587,	14949,	133177,	16271,	91.84,	83.68,	83.73,	1649,	24,	471,	235,	236,	0,	0,	0,	0,	0,	0,	0,	0,	0,	
600000,	5.273,	128218,	12818,	134733,	14860,	92.06,	84.12,	84.11,	1796,	24,	513,	256,	257,	0,	0,	0,	0,	0,	0,	0,	0,	0,	
650000,	5.593,	146082,	16842,	155973,	18385,	91.98,	83.96,	83.92,	1915,	25,	547,	273,	274,	0,	0,	0,	0,	0,	0,	0,	0,	0,	
700000,	5.924,	147713,	14716,	157598,	16926,	92.07,	84.14,	84.26,	2034,	26,	581,	290,	291,	0,	0,	0,	0,	0,	0,	0,	0,	0,	
750000,	6.246,	164073,	18692,	178759,	20457,	92.15,	84.3,	84.34,	2139,	26,	611,	305,	306,	0,	0,	0,	0,	0,	0,	0,	0,	0,	
800000,	6.583,	166431,	16544,	180534,	18901,	92.39,	84.78,	84.77,	2307,	26,	659,	329,	330,	0,	0,	0,	0,	0,	0,	0,	0,	0,	
850000,	6.934,	182072,	20527,	201706,	22422,	92.4,	84.79,	84.74,	2426,	27,	693,	346,	347,	0,	0,	0,	0,	0,	0,	0,	0,	0,	
900000,	7.42,	183494,	18232,	203333,	20958,	92.5,	85.0,	84.97,	2538,	27,	725,	362,	363,	0,	0,	0,	0,	0,	0,	0,	0,	0,	
950000,	7.857,	199482,	22202,	224739,	24404,	92.69,	85.37,	85.42,	2636,	27,	753,	376,	377,	0,	0,	0,	0,	0,	0,	0,	0,	0,	
1000000,	8.231,	201385,	20058,	226397,	22846,	92.56,	85.12,	85.11,	2783,	27,	795,	397,	398,	0,	0,	0,	0,	0,	0,	0,	0,	0,	

1000000,	8.231,	400867,	42260,	451136,	47250,	91.05,	82.09,	82.11,	2783,	27,	795,	397,	398,	0,	0,	0,	0,	0,	0,	0,	0,	0,	





HT-RandomRBF
Speed Change:,	0.001,	Centroids:,	100,	DriftCentroid:	100
GracePeriod:,	200,	TieThreshold:,	0.05,	BinarySplit:,	false
Count,	Time,	TP,	FN,	TN,	FP,	Accu,	Kappa,	Kpa_t,	Mem,	Depth,	TSize,	DcNod,	ActLf,	InacLf,	Reset,	Alter,	Switch,	Prune,	ClOp0,	ClOp1,	ClOp2,	ClOp3
50000,	0.488,	15453,	9591,	16024,	8931,	62.95,	25.91,	25.54,	137,	6,	39,	19,	20,	0,	0,	0,	0,	0,	0,	0,	0,	0,	
100000,	1.058,	13603,	11404,	16244,	8749,	59.69,	19.39,	19.01,	277,	8,	79,	39,	40,	0,	0,	0,	0,	0,	0,	0,	0,	0,	
150000,	1.649,	28586,	21474,	32391,	17548,	59.0,	18.01,	18.71,	389,	9,	111,	55,	56,	0,	0,	0,	0,	0,	0,	0,	0,	0,	
200000,	2.21,	27283,	22805,	31677,	18235,	58.23,	16.47,	16.72,	529,	11,	151,	75,	76,	0,	0,	0,	0,	0,	0,	0,	0,	0,	
250000,	2.782,	43078,	32255,	47273,	27393,	58.75,	17.52,	17.57,	648,	11,	185,	92,	93,	0,	0,	0,	0,	0,	0,	0,	0,	0,	
300000,	3.433,	41496,	33842,	46416,	28246,	57.9,	15.83,	16.25,	760,	11,	217,	108,	109,	0,	0,	0,	0,	0,	0,	0,	0,	0,	
350000,	4.016,	56386,	43971,	62171,	37463,	56.43,	12.86,	13.41,	886,	12,	253,	126,	127,	0,	0,	0,	0,	0,	0,	0,	0,	0,	
400000,	4.499,	55074,	45167,	61811,	37948,	57.95,	15.87,	16.48,	1012,	12,	289,	144,	145,	0,	0,	0,	0,	0,	0,	0,	0,	0,	
450000,	4.935,	69805,	55669,	77085,	47432,	56.67,	13.36,	13.07,	1145,	12,	327,	163,	164,	0,	0,	0,	0,	0,	0,	0,	0,	0,	
500000,	5.399,	68572,	56787,	77076,	47565,	57.53,	15.08,	14.61,	1278,	13,	365,	182,	183,	0,	0,	0,	0,	0,	0,	0,	0,	0,	
550000,	5.859,	83339,	67200,	91889,	57563,	56.68,	13.36,	13.66,	1390,	13,	397,	198,	199,	0,	0,	0,	0,	0,	0,	0,	0,	0,	
600000,	6.314,	82362,	68036,	91891,	57711,	57.21,	14.43,	14.32,	1558,	13,	445,	222,	223,	0,	0,	0,	0,	0,	0,	0,	0,	0,	
650000,	6.77,	96602,	79025,	107161,	67203,	57.07,	14.17,	13.91,	1635,	13,	467,	233,	234,	0,	0,	0,	0,	0,	0,	0,	0,	0,	
700000,	7.233,	95774,	79692,	107195,	67339,	57.43,	14.88,	15.51,	1782,	14,	509,	254,	255,	0,	0,	0,	0,	0,	0,	0,	0,	0,	
750000,	7.689,	110337,	90430,	121751,	77473,	56.65,	13.32,	13.49,	1915,	14,	547,	273,	274,	0,	0,	0,	0,	0,	0,	0,	0,	0,	
800000,	8.11,	109010,	91544,	122049,	77397,	56.18,	12.38,	12.31,	2027,	14,	579,	289,	290,	0,	0,	0,	0,	0,	0,	0,	0,	0,	
850000,	8.535,	123612,	102241,	136711,	87427,	56.47,	12.96,	12.62,	2125,	14,	607,	303,	304,	0,	0,	0,	0,	0,	0,	0,	0,	0,	
900000,	8.981,	122771,	102923,	136872,	87434,	57.17,	14.36,	14.15,	2279,	14,	651,	325,	326,	0,	0,	0,	0,	0,	0,	0,	0,	0,	
950000,	9.426,	137232,	113606,	151553,	97600,	56.92,	13.85,	14.12,	2412,	14,	689,	344,	345,	0,	0,	0,	0,	0,	0,	0,	0,	0,	
1000000,	9.874,	135803,	114934,	151415,	97848,	55.15,	10.31,	10.24,	2531,	14,	723,	361,	362,	0,	0,	0,	0,	0,	0,	0,	0,	0,	

1000000,	9.874,	273035,	228540,	302968,	195448,	57.6,	15.22,	15.28,	2531,	14,	723,	361,	362,	0,	0,	0,	0,	0,	0,	0,	0,	0,	





HT-RandomRBF
Speed Change:,	0.01,	Centroids:,	100,	DriftCentroid:	100
GracePeriod:,	200,	TieThreshold:,	0.05,	BinarySplit:,	false
Count,	Time,	TP,	FN,	TN,	FP,	Accu,	Kappa,	Kpa_t,	Mem,	Depth,	TSize,	DcNod,	ActLf,	InacLf,	Reset,	Alter,	Switch,	Prune,	ClOp0,	ClOp1,	ClOp2,	ClOp3
50000,	0.392,	12223,	12821,	14866,	10088,	54.18,	8.37,	7.9,	130,	9,	37,	18,	19,	0,	0,	0,	0,	0,	0,	0,	0,	0,	
100000,	0.8,	11768,	13239,	15043,	9950,	53.62,	7.25,	6.81,	256,	11,	73,	36,	37,	0,	0,	0,	0,	0,	0,	0,	0,	0,	
150000,	1.2,	23936,	26124,	29750,	20187,	53.19,	6.4,	7.2,	368,	13,	105,	52,	53,	0,	0,	0,	0,	0,	0,	0,	0,	0,	
200000,	1.595,	23744,	26344,	29532,	20380,	52.93,	5.89,	6.16,	508,	14,	145,	72,	73,	0,	0,	0,	0,	0,	0,	0,	0,	0,	
250000,	1.993,	36862,	38471,	43271,	31392,	52.89,	5.82,	5.87,	620,	15,	177,	88,	89,	0,	0,	0,	0,	0,	0,	0,	0,	0,	
300000,	2.417,	36640,	38698,	43203,	31459,	53.13,	6.31,	6.76,	760,	15,	217,	108,	109,	0,	0,	0,	0,	0,	0,	0,	0,	0,	
350000,	2.826,	49086,	51278,	57506,	42126,	52.92,	5.85,	6.43,	837,	15,	239,	119,	120,	0,	0,	0,	0,	0,	0,	0,	0,	0,	
400000,	3.247,	48863,	51378,	57611,	42148,	53.26,	6.49,	7.17,	963,	16,	275,	137,	138,	0,	0,	0,	0,	0,	0,	0,	0,	0,	
450000,	3.69,	61142,	64339,	72113,	52401,	53.33,	6.7,	6.37,	1110,	16,	317,	158,	159,	0,	0,	0,	0,	0,	0,	0,	0,	0,	
500000,	4.084,	60888,	64471,	72311,	52330,	53.45,	6.95,	6.41,	1278,	17,	365,	182,	183,	0,	0,	0,	0,	0,	0,	0,	0,	0,	
550000,	4.496,	73570,	76976,	86076,	63373,	52.78,	5.58,	5.9,	1418,	17,	405,	202,	203,	0,	0,	0,	0,	0,	0,	0,	0,	0,	
600000,	4.909,	73352,	77046,	86467,	63135,	53.24,	6.49,	6.38,	1558,	17,	445,	222,	223,	0,	0,	0,	0,	0,	0,	0,	0,	0,	
650000,	5.326,	85608,	90026,	100597,	73764,	53.12,	6.27,	5.98,	1663,	17,	475,	237,	238,	0,	0,	0,	0,	0,	0,	0,	0,	0,	
700000,	5.759,	85558,	89908,	100768,	73766,	53.01,	6.05,	6.74,	1761,	18,	503,	251,	252,	0,	0,	0,	0,	0,	0,	0,	0,	0,	
750000,	6.202,	97653,	103120,	115166,	84054,	53.23,	6.52,	6.66,	1922,	18,	549,	274,	275,	0,	0,	0,	0,	0,	0,	0,	0,	0,	
800000,	6.634,	97702,	102850,	115054,	84392,	52.86,	5.76,	5.67,	2027,	18,	579,	289,	290,	0,	0,	0,	0,	0,	0,	0,	0,	0,	
850000,	7.053,	110042,	115814,	129239,	94893,	52.93,	5.88,	5.51,	2167,	18,	619,	309,	310,	0,	0,	0,	0,	0,	0,	0,	0,	0,	
900000,	7.485,	109668,	116024,	129503,	94803,	52.83,	5.72,	5.46,	2321,	18,	663,	331,	332,	0,	0,	0,	0,	0,	0,	0,	0,	0,	
950000,	7.889,	121831,	129010,	143896,	105251,	52.89,	5.78,	6.08,	2426,	18,	693,	346,	347,	0,	0,	0,	0,	0,	0,	0,	0,	0,	
1000000,	8.29,	121960,	128775,	143850,	105413,	53.28,	6.57,	6.49,	2538,	19,	725,	362,	363,	0,	0,	0,	0,	0,	0,	0,	0,	0,	

1000000,	8.29,	243791,	257785,	287746,	210664,	53.15,	6.34,	6.4,	2538,	19,	725,	362,	363,	0,	0,	0,	0,	0,	0,	0,	0,	0,	





HT-RandomRBF
Speed Change:,	0.1,	Centroids:,	100,	DriftCentroid:	100
GracePeriod:,	200,	TieThreshold:,	0.05,	BinarySplit:,	false
Count,	Time,	TP,	FN,	TN,	FP,	Accu,	Kappa,	Kpa_t,	Mem,	Depth,	TSize,	DcNod,	ActLf,	InacLf,	Reset,	Alter,	Switch,	Prune,	ClOp0,	ClOp1,	ClOp2,	ClOp3
50000,	0.373,	11417,	13627,	14936,	10019,	52.71,	5.44,	4.94,	123,	12,	35,	17,	18,	0,	0,	0,	0,	0,	0,	0,	0,	0,	
100000,	0.767,	12174,	12833,	14629,	10364,	53.61,	7.21,	6.78,	277,	14,	79,	39,	40,	0,	0,	0,	0,	0,	0,	0,	0,	0,	
150000,	1.121,	23002,	27058,	30345,	19594,	53.99,	7.99,	8.78,	375,	15,	107,	53,	54,	0,	0,	0,	0,	0,	0,	0,	0,	0,	
200000,	1.497,	24315,	25773,	29622,	20290,	54.27,	8.57,	8.82,	487,	16,	139,	69,	70,	0,	0,	0,	0,	0,	0,	0,	0,	0,	
250000,	1.893,	36252,	39081,	44502,	30164,	54.81,	9.67,	9.7,	578,	17,	165,	82,	83,	0,	0,	0,	0,	0,	0,	0,	0,	0,	
300000,	2.288,	37834,	37504,	43357,	31305,	54.51,	9.03,	9.49,	704,	17,	201,	100,	101,	0,	0,	0,	0,	0,	0,	0,	0,	0,	
350000,	2.696,	49924,	50440,	58126,	41509,	54.59,	9.18,	9.76,	844,	18,	241,	120,	121,	0,	0,	0,	0,	0,	0,	0,	0,	0,	
400000,	3.104,	51010,	49229,	57726,	42032,	55.09,	10.17,	10.81,	1033,	18,	295,	147,	148,	0,	0,	0,	0,	0,	0,	0,	0,	0,	
450000,	3.47,	62692,	62789,	72913,	51605,	55.11,	10.26,	9.95,	1159,	19,	331,	165,	166,	0,	0,	0,	0,	0,	0,	0,	0,	0,	
500000,	3.844,	64261,	61096,	72241,	52399,	55.53,	11.09,	10.6,	1278,	19,	365,	182,	183,	0,	0,	0,	0,	0,	0,	0,	0,	0,	
550000,	4.225,	76470,	74076,	86803,	62650,	55.34,	10.67,	10.99,	1425,	19,	407,	203,	204,	0,	0,	0,	0,	0,	0,	0,	0,	0,	
600000,	4.609,	77706,	72690,	86472,	63127,	55.35,	10.71,	10.6,	1516,	19,	433,	216,	217,	0,	0,	0,	0,	0,	0,	0,	0,	0,	
650000,	5.013,	89906,	85728,	101100,	73265,	55.47,	10.94,	10.69,	1621,	20,	463,	231,	232,	0,	0,	0,	0,	0,	0,	0,	0,	0,	
700000,	5.41,	91534,	83930,	100433,	74098,	55.58,	11.16,	11.83,	1754,	20,	501,	250,	251,	0,	0,	0,	0,	0,	0,	0,	0,	0,	
750000,	5.774,	103375,	97399,	115258,	83967,	55.25,	10.52,	10.7,	1859,	20,	531,	265,	266,	0,	0,	0,	0,	0,	0,	0,	0,	0,	
800000,	6.144,	105351,	95201,	114377,	85066,	55.52,	11.05,	10.99,	1992,	20,	569,	284,	285,	0,	0,	0,	0,	0,	0,	0,	0,	0,	
850000,	6.532,	117474,	108386,	128989,	95150,	55.66,	11.32,	10.99,	2118,	20,	605,	302,	303,	0,	0,	0,	0,	0,	0,	0,	0,	0,	
900000,	6.918,	119152,	106540,	128383,	95920,	55.61,	11.23,	11.04,	2251,	20,	643,	321,	322,	0,	0,	0,	0,	0,	0,	0,	0,	0,	
950000,	7.356,	131218,	119627,	143154,	106000,	55.82,	11.64,	11.91,	2335,	21,	667,	333,	334,	0,	0,	0,	0,	0,	0,	0,	0,	0,	
1000000,	7.761,	133088,	117647,	142371,	106889,	55.85,	11.7,	11.64,	2447,	21,	699,	349,	350,	0,	0,	0,	0,	0,	0,	0,	0,	0,	

1000000,	7.761,	264306,	237274,	285525,	212889,	54.98,	9.98,	10.05,	2447,	21,	699,	349,	350,	0,	0,	0,	0,	0,	0,	0,	0,	0,	





HT-RandomRBF
Speed Change:,	1.0,	Centroids:,	100,	DriftCentroid:	100
GracePeriod:,	200,	TieThreshold:,	0.05,	BinarySplit:,	false
Count,	Time,	TP,	FN,	TN,	FP,	Accu,	Kappa,	Kpa_t,	Mem,	Depth,	TSize,	DcNod,	ActLf,	InacLf,	Reset,	Alter,	Switch,	Prune,	ClOp0,	ClOp1,	ClOp2,	ClOp3
50000,	0.44,	11239,	13804,	17099,	7855,	56.68,	13.39,	12.92,	137,	12,	39,	19,	20,	0,	0,	0,	0,	0,	0,	0,	0,	0,	
100000,	0.95,	15275,	9731,	15011,	9981,	60.57,	21.15,	20.78,	235,	14,	67,	33,	34,	0,	0,	0,	0,	0,	0,	0,	0,	0,	
150000,	1.469,	27373,	22686,	31877,	18061,	61.82,	23.65,	24.31,	361,	16,	103,	51,	52,	0,	0,	0,	0,	0,	0,	0,	0,	0,	
200000,	1.993,	31547,	18540,	30140,	19771,	62.8,	25.59,	25.84,	515,	18,	147,	73,	74,	0,	0,	0,	0,	0,	0,	0,	0,	0,	
250000,	2.505,	44047,	31284,	46833,	27831,	63.26,	26.48,	26.59,	613,	18,	175,	87,	88,	0,	0,	0,	0,	0,	0,	0,	0,	0,	
300000,	2.978,	48571,	26766,	45252,	29409,	64.27,	28.5,	28.92,	739,	20,	211,	105,	106,	0,	0,	0,	0,	0,	0,	0,	0,	0,	
350000,	3.46,	60612,	39744,	62422,	37211,	64.32,	28.64,	29.09,	886,	20,	253,	126,	127,	0,	0,	0,	0,	0,	0,	0,	0,	0,	
400000,	3.958,	65251,	34988,	61013,	38744,	64.88,	29.78,	30.26,	984,	21,	281,	140,	141,	0,	0,	0,	0,	0,	0,	0,	0,	0,	
450000,	4.469,	77413,	48060,	78323,	46193,	65.4,	30.8,	30.6,	1110,	21,	317,	158,	159,	0,	0,	0,	0,	0,	0,	0,	0,	0,	
500000,	4.961,	82213,	43144,	76867,	47772,	65.63,	31.25,	30.9,	1264,	22,	361,	180,	181,	0,	0,	0,	0,	0,	0,	0,	0,	0,	
550000,	5.408,	94212,	56326,	94264,	55187,	65.48,	30.95,	31.21,	1355,	22,	387,	193,	194,	0,	0,	0,	0,	0,	0,	0,	0,	0,	
600000,	5.894,	98981,	51415,	92887,	56713,	65.58,	31.15,	31.07,	1502,	23,	429,	214,	215,	0,	0,	0,	0,	0,	0,	0,	0,	0,	
650000,	6.386,	110977,	64645,	110409,	63954,	65.83,	31.65,	31.47,	1593,	23,	455,	227,	228,	0,	0,	0,	0,	0,	0,	0,	0,	0,	
700000,	6.915,	115996,	59465,	109084,	65447,	66.43,	32.85,	33.37,	1782,	23,	509,	254,	255,	0,	0,	0,	0,	0,	0,	0,	0,	0,	
750000,	7.424,	128227,	72533,	126379,	72842,	66.44,	32.87,	33.03,	1943,	24,	555,	277,	278,	0,	0,	0,	0,	0,	0,	0,	0,	0,	
800000,	7.901,	133132,	67417,	125297,	74146,	66.7,	33.39,	33.36,	2055,	24,	587,	293,	294,	0,	0,	0,	0,	0,	0,	0,	0,	0,	
850000,	8.381,	145548,	80298,	142559,	81576,	67.0,	33.99,	33.76,	2167,	24,	619,	309,	310,	0,	0,	0,	0,	0,	0,	0,	0,	0,	
900000,	8.87,	150518,	75171,	141355,	82948,	66.89,	33.76,	33.64,	2244,	25,	641,	320,	321,	0,	0,	0,	0,	0,	0,	0,	0,	0,	
950000,	9.385,	162738,	88093,	159111,	90039,	67.48,	34.97,	35.17,	2370,	25,	677,	338,	339,	0,	0,	0,	0,	0,	0,	0,	0,	0,	
1000000,	9.865,	167698,	83034,	157849,	91411,	67.35,	34.69,	34.65,	2489,	25,	711,	355,	356,	0,	0,	0,	0,	0,	0,	0,	0,	0,	

1000000,	9.865,	330436,	171127,	316960,	181450,	64.74,	29.48,	29.55,	2489,	25,	711,	355,	356,	0,	0,	0,	0,	0,	0,	0,	0,	0,	





HT-RandomRBF
Speed Change:,	0.01,	Centroids:,	50,	DriftCentroid:	50
GracePeriod:,	200,	TieThreshold:,	0.05,	BinarySplit:,	false
Count,	Time,	TP,	FN,	TN,	FP,	Accu,	Kappa,	Kpa_t,	Mem,	Depth,	TSize,	DcNod,	ActLf,	InacLf,	Reset,	Alter,	Switch,	Prune,	ClOp0,	ClOp1,	ClOp2,	ClOp3
50000,	0.4,	12223,	12821,	14866,	10088,	54.18,	8.37,	7.9,	130,	9,	37,	18,	19,	0,	0,	0,	0,	0,	0,	0,	0,	0,	
100000,	0.838,	11768,	13239,	15043,	9950,	53.62,	7.25,	6.81,	256,	11,	73,	36,	37,	0,	0,	0,	0,	0,	0,	0,	0,	0,	
150000,	1.254,	23936,	26124,	29750,	20187,	53.19,	6.4,	7.2,	368,	13,	105,	52,	53,	0,	0,	0,	0,	0,	0,	0,	0,	0,	
200000,	1.658,	23744,	26344,	29532,	20380,	52.93,	5.89,	6.16,	508,	14,	145,	72,	73,	0,	0,	0,	0,	0,	0,	0,	0,	0,	
250000,	2.036,	36862,	38471,	43271,	31392,	52.89,	5.82,	5.87,	620,	15,	177,	88,	89,	0,	0,	0,	0,	0,	0,	0,	0,	0,	
300000,	2.459,	36640,	38698,	43203,	31459,	53.13,	6.31,	6.76,	760,	15,	217,	108,	109,	0,	0,	0,	0,	0,	0,	0,	0,	0,	
350000,	2.871,	49086,	51278,	57506,	42126,	52.92,	5.85,	6.43,	837,	15,	239,	119,	120,	0,	0,	0,	0,	0,	0,	0,	0,	0,	
400000,	3.274,	48863,	51378,	57611,	42148,	53.26,	6.49,	7.17,	963,	16,	275,	137,	138,	0,	0,	0,	0,	0,	0,	0,	0,	0,	
450000,	3.658,	61142,	64339,	72113,	52401,	53.33,	6.7,	6.37,	1110,	16,	317,	158,	159,	0,	0,	0,	0,	0,	0,	0,	0,	0,	
500000,	4.053,	60888,	64471,	72311,	52330,	53.45,	6.95,	6.41,	1278,	17,	365,	182,	183,	0,	0,	0,	0,	0,	0,	0,	0,	0,	
550000,	4.451,	73570,	76976,	86076,	63373,	52.78,	5.58,	5.9,	1418,	17,	405,	202,	203,	0,	0,	0,	0,	0,	0,	0,	0,	0,	
600000,	4.847,	73352,	77046,	86467,	63135,	53.24,	6.49,	6.38,	1558,	17,	445,	222,	223,	0,	0,	0,	0,	0,	0,	0,	0,	0,	
650000,	5.219,	85608,	90026,	100597,	73764,	53.12,	6.27,	5.98,	1663,	17,	475,	237,	238,	0,	0,	0,	0,	0,	0,	0,	0,	0,	
700000,	5.609,	85558,	89908,	100768,	73766,	53.01,	6.05,	6.74,	1761,	18,	503,	251,	252,	0,	0,	0,	0,	0,	0,	0,	0,	0,	
750000,	6.018,	97653,	103120,	115166,	84054,	53.23,	6.52,	6.66,	1922,	18,	549,	274,	275,	0,	0,	0,	0,	0,	0,	0,	0,	0,	
800000,	6.408,	97702,	102850,	115054,	84392,	52.86,	5.76,	5.67,	2027,	18,	579,	289,	290,	0,	0,	0,	0,	0,	0,	0,	0,	0,	
850000,	6.787,	110042,	115814,	129239,	94893,	52.93,	5.88,	5.51,	2167,	18,	619,	309,	310,	0,	0,	0,	0,	0,	0,	0,	0,	0,	
900000,	7.177,	109668,	116024,	129503,	94803,	52.83,	5.72,	5.46,	2321,	18,	663,	331,	332,	0,	0,	0,	0,	0,	0,	0,	0,	0,	
950000,	7.584,	121831,	129010,	143896,	105251,	52.89,	5.78,	6.08,	2426,	18,	693,	346,	347,	0,	0,	0,	0,	0,	0,	0,	0,	0,	
1000000,	7.971,	121960,	128775,	143850,	105413,	53.28,	6.57,	6.49,	2538,	19,	725,	362,	363,	0,	0,	0,	0,	0,	0,	0,	0,	0,	

1000000,	7.971,	243791,	257785,	287746,	210664,	53.15,	6.34,	6.4,	2538,	19,	725,	362,	363,	0,	0,	0,	0,	0,	0,	0,	0,	0,	





HT-RandomRBF
Speed Change:,	0.01,	Centroids:,	100,	DriftCentroid:	100
GracePeriod:,	200,	TieThreshold:,	0.05,	BinarySplit:,	false
Count,	Time,	TP,	FN,	TN,	FP,	Accu,	Kappa,	Kpa_t,	Mem,	Depth,	TSize,	DcNod,	ActLf,	InacLf,	Reset,	Alter,	Switch,	Prune,	ClOp0,	ClOp1,	ClOp2,	ClOp3
50000,	0.386,	12223,	12821,	14866,	10088,	54.18,	8.37,	7.9,	130,	9,	37,	18,	19,	0,	0,	0,	0,	0,	0,	0,	0,	0,	
100000,	0.79,	11768,	13239,	15043,	9950,	53.62,	7.25,	6.81,	256,	11,	73,	36,	37,	0,	0,	0,	0,	0,	0,	0,	0,	0,	
150000,	1.204,	23936,	26124,	29750,	20187,	53.19,	6.4,	7.2,	368,	13,	105,	52,	53,	0,	0,	0,	0,	0,	0,	0,	0,	0,	
200000,	1.596,	23744,	26344,	29532,	20380,	52.93,	5.89,	6.16,	508,	14,	145,	72,	73,	0,	0,	0,	0,	0,	0,	0,	0,	0,	
250000,	1.973,	36862,	38471,	43271,	31392,	52.89,	5.82,	5.87,	620,	15,	177,	88,	89,	0,	0,	0,	0,	0,	0,	0,	0,	0,	
300000,	2.386,	36640,	38698,	43203,	31459,	53.13,	6.31,	6.76,	760,	15,	217,	108,	109,	0,	0,	0,	0,	0,	0,	0,	0,	0,	
350000,	2.767,	49086,	51278,	57506,	42126,	52.92,	5.85,	6.43,	837,	15,	239,	119,	120,	0,	0,	0,	0,	0,	0,	0,	0,	0,	
400000,	3.163,	48863,	51378,	57611,	42148,	53.26,	6.49,	7.17,	963,	16,	275,	137,	138,	0,	0,	0,	0,	0,	0,	0,	0,	0,	
450000,	3.546,	61142,	64339,	72113,	52401,	53.33,	6.7,	6.37,	1110,	16,	317,	158,	159,	0,	0,	0,	0,	0,	0,	0,	0,	0,	
500000,	3.949,	60888,	64471,	72311,	52330,	53.45,	6.95,	6.41,	1278,	17,	365,	182,	183,	0,	0,	0,	0,	0,	0,	0,	0,	0,	
550000,	4.338,	73570,	76976,	86076,	63373,	52.78,	5.58,	5.9,	1418,	17,	405,	202,	203,	0,	0,	0,	0,	0,	0,	0,	0,	0,	
600000,	4.739,	73352,	77046,	86467,	63135,	53.24,	6.49,	6.38,	1558,	17,	445,	222,	223,	0,	0,	0,	0,	0,	0,	0,	0,	0,	
650000,	5.126,	85608,	90026,	100597,	73764,	53.12,	6.27,	5.98,	1663,	17,	475,	237,	238,	0,	0,	0,	0,	0,	0,	0,	0,	0,	
700000,	5.506,	85558,	89908,	100768,	73766,	53.01,	6.05,	6.74,	1761,	18,	503,	251,	252,	0,	0,	0,	0,	0,	0,	0,	0,	0,	
750000,	5.914,	97653,	103120,	115166,	84054,	53.23,	6.52,	6.66,	1922,	18,	549,	274,	275,	0,	0,	0,	0,	0,	0,	0,	0,	0,	
800000,	6.301,	97702,	102850,	115054,	84392,	52.86,	5.76,	5.67,	2027,	18,	579,	289,	290,	0,	0,	0,	0,	0,	0,	0,	0,	0,	
850000,	6.68,	110042,	115814,	129239,	94893,	52.93,	5.88,	5.51,	2167,	18,	619,	309,	310,	0,	0,	0,	0,	0,	0,	0,	0,	0,	
900000,	7.081,	109668,	116024,	129503,	94803,	52.83,	5.72,	5.46,	2321,	18,	663,	331,	332,	0,	0,	0,	0,	0,	0,	0,	0,	0,	
950000,	7.483,	121831,	129010,	143896,	105251,	52.89,	5.78,	6.08,	2426,	18,	693,	346,	347,	0,	0,	0,	0,	0,	0,	0,	0,	0,	
1000000,	7.875,	121960,	128775,	143850,	105413,	53.28,	6.57,	6.49,	2538,	19,	725,	362,	363,	0,	0,	0,	0,	0,	0,	0,	0,	0,	

1000000,	7.875,	243791,	257785,	287746,	210664,	53.15,	6.34,	6.4,	2538,	19,	725,	362,	363,	0,	0,	0,	0,	0,	0,	0,	0,	0,	





HT-RandomRBF
Speed Change:,	0.01,	Centroids:,	150,	DriftCentroid:	100
GracePeriod:,	200,	TieThreshold:,	0.05,	BinarySplit:,	false
Count,	Time,	TP,	FN,	TN,	FP,	Accu,	Kappa,	Kpa_t,	Mem,	Depth,	TSize,	DcNod,	ActLf,	InacLf,	Reset,	Alter,	Switch,	Prune,	ClOp0,	ClOp1,	ClOp2,	ClOp3
50000,	0.408,	12223,	12821,	14866,	10088,	54.18,	8.37,	7.9,	130,	9,	37,	18,	19,	0,	0,	0,	0,	0,	0,	0,	0,	0,	
100000,	0.817,	11768,	13239,	15043,	9950,	53.62,	7.25,	6.81,	256,	11,	73,	36,	37,	0,	0,	0,	0,	0,	0,	0,	0,	0,	
150000,	1.235,	23936,	26124,	29750,	20187,	53.19,	6.4,	7.2,	368,	13,	105,	52,	53,	0,	0,	0,	0,	0,	0,	0,	0,	0,	
200000,	1.662,	23744,	26344,	29532,	20380,	52.93,	5.89,	6.16,	508,	14,	145,	72,	73,	0,	0,	0,	0,	0,	0,	0,	0,	0,	
250000,	2.041,	36862,	38471,	43271,	31392,	52.89,	5.82,	5.87,	620,	15,	177,	88,	89,	0,	0,	0,	0,	0,	0,	0,	0,	0,	
300000,	2.472,	36640,	38698,	43203,	31459,	53.13,	6.31,	6.76,	760,	15,	217,	108,	109,	0,	0,	0,	0,	0,	0,	0,	0,	0,	
350000,	2.886,	49086,	51278,	57506,	42126,	52.92,	5.85,	6.43,	837,	15,	239,	119,	120,	0,	0,	0,	0,	0,	0,	0,	0,	0,	
400000,	3.284,	48863,	51378,	57611,	42148,	53.26,	6.49,	7.17,	963,	16,	275,	137,	138,	0,	0,	0,	0,	0,	0,	0,	0,	0,	
450000,	3.695,	61142,	64339,	72113,	52401,	53.33,	6.7,	6.37,	1110,	16,	317,	158,	159,	0,	0,	0,	0,	0,	0,	0,	0,	0,	
500000,	4.085,	60888,	64471,	72311,	52330,	53.45,	6.95,	6.41,	1278,	17,	365,	182,	183,	0,	0,	0,	0,	0,	0,	0,	0,	0,	
550000,	4.489,	73570,	76976,	86076,	63373,	52.78,	5.58,	5.9,	1418,	17,	405,	202,	203,	0,	0,	0,	0,	0,	0,	0,	0,	0,	
600000,	4.872,	73352,	77046,	86467,	63135,	53.24,	6.49,	6.38,	1558,	17,	445,	222,	223,	0,	0,	0,	0,	0,	0,	0,	0,	0,	
650000,	5.262,	85608,	90026,	100597,	73764,	53.12,	6.27,	5.98,	1663,	17,	475,	237,	238,	0,	0,	0,	0,	0,	0,	0,	0,	0,	
700000,	5.661,	85558,	89908,	100768,	73766,	53.01,	6.05,	6.74,	1761,	18,	503,	251,	252,	0,	0,	0,	0,	0,	0,	0,	0,	0,	
750000,	6.058,	97653,	103120,	115166,	84054,	53.23,	6.52,	6.66,	1922,	18,	549,	274,	275,	0,	0,	0,	0,	0,	0,	0,	0,	0,	
800000,	6.448,	97702,	102850,	115054,	84392,	52.86,	5.76,	5.67,	2027,	18,	579,	289,	290,	0,	0,	0,	0,	0,	0,	0,	0,	0,	
850000,	6.842,	110042,	115814,	129239,	94893,	52.93,	5.88,	5.51,	2167,	18,	619,	309,	310,	0,	0,	0,	0,	0,	0,	0,	0,	0,	
900000,	7.232,	109668,	116024,	129503,	94803,	52.83,	5.72,	5.46,	2321,	18,	663,	331,	332,	0,	0,	0,	0,	0,	0,	0,	0,	0,	
950000,	7.641,	121831,	129010,	143896,	105251,	52.89,	5.78,	6.08,	2426,	18,	693,	346,	347,	0,	0,	0,	0,	0,	0,	0,	0,	0,	
1000000,	8.036,	121960,	128775,	143850,	105413,	53.28,	6.57,	6.49,	2538,	19,	725,	362,	363,	0,	0,	0,	0,	0,	0,	0,	0,	0,	

1000000,	8.036,	243791,	257785,	287746,	210664,	53.15,	6.34,	6.4,	2538,	19,	725,	362,	363,	0,	0,	0,	0,	0,	0,	0,	0,	0,	





HT-RandomRBF
Speed Change:,	0.01,	Centroids:,	200,	DriftCentroid:	100
GracePeriod:,	200,	TieThreshold:,	0.05,	BinarySplit:,	false
Count,	Time,	TP,	FN,	TN,	FP,	Accu,	Kappa,	Kpa_t,	Mem,	Depth,	TSize,	DcNod,	ActLf,	InacLf,	Reset,	Alter,	Switch,	Prune,	ClOp0,	ClOp1,	ClOp2,	ClOp3
50000,	0.413,	12223,	12821,	14866,	10088,	54.18,	8.37,	7.9,	130,	9,	37,	18,	19,	0,	0,	0,	0,	0,	0,	0,	0,	0,	
100000,	0.83,	11768,	13239,	15043,	9950,	53.62,	7.25,	6.81,	256,	11,	73,	36,	37,	0,	0,	0,	0,	0,	0,	0,	0,	0,	
150000,	1.239,	23936,	26124,	29750,	20187,	53.19,	6.4,	7.2,	368,	13,	105,	52,	53,	0,	0,	0,	0,	0,	0,	0,	0,	0,	
200000,	1.656,	23744,	26344,	29532,	20380,	52.93,	5.89,	6.16,	508,	14,	145,	72,	73,	0,	0,	0,	0,	0,	0,	0,	0,	0,	
250000,	2.04,	36862,	38471,	43271,	31392,	52.89,	5.82,	5.87,	620,	15,	177,	88,	89,	0,	0,	0,	0,	0,	0,	0,	0,	0,	
300000,	2.456,	36640,	38698,	43203,	31459,	53.13,	6.31,	6.76,	760,	15,	217,	108,	109,	0,	0,	0,	0,	0,	0,	0,	0,	0,	
350000,	2.841,	49086,	51278,	57506,	42126,	52.92,	5.85,	6.43,	837,	15,	239,	119,	120,	0,	0,	0,	0,	0,	0,	0,	0,	0,	
400000,	3.216,	48863,	51378,	57611,	42148,	53.26,	6.49,	7.17,	963,	16,	275,	137,	138,	0,	0,	0,	0,	0,	0,	0,	0,	0,	
450000,	3.621,	61142,	64339,	72113,	52401,	53.33,	6.7,	6.37,	1110,	16,	317,	158,	159,	0,	0,	0,	0,	0,	0,	0,	0,	0,	
500000,	4.023,	60888,	64471,	72311,	52330,	53.45,	6.95,	6.41,	1278,	17,	365,	182,	183,	0,	0,	0,	0,	0,	0,	0,	0,	0,	
550000,	4.416,	73570,	76976,	86076,	63373,	52.78,	5.58,	5.9,	1418,	17,	405,	202,	203,	0,	0,	0,	0,	0,	0,	0,	0,	0,	
600000,	4.799,	73352,	77046,	86467,	63135,	53.24,	6.49,	6.38,	1558,	17,	445,	222,	223,	0,	0,	0,	0,	0,	0,	0,	0,	0,	
650000,	5.173,	85608,	90026,	100597,	73764,	53.12,	6.27,	5.98,	1663,	17,	475,	237,	238,	0,	0,	0,	0,	0,	0,	0,	0,	0,	
700000,	5.56,	85558,	89908,	100768,	73766,	53.01,	6.05,	6.74,	1761,	18,	503,	251,	252,	0,	0,	0,	0,	0,	0,	0,	0,	0,	
750000,	5.962,	97653,	103120,	115166,	84054,	53.23,	6.52,	6.66,	1922,	18,	549,	274,	275,	0,	0,	0,	0,	0,	0,	0,	0,	0,	
800000,	6.348,	97702,	102850,	115054,	84392,	52.86,	5.76,	5.67,	2027,	18,	579,	289,	290,	0,	0,	0,	0,	0,	0,	0,	0,	0,	
850000,	6.738,	110042,	115814,	129239,	94893,	52.93,	5.88,	5.51,	2167,	18,	619,	309,	310,	0,	0,	0,	0,	0,	0,	0,	0,	0,	
900000,	7.126,	109668,	116024,	129503,	94803,	52.83,	5.72,	5.46,	2321,	18,	663,	331,	332,	0,	0,	0,	0,	0,	0,	0,	0,	0,	
950000,	7.522,	121831,	129010,	143896,	105251,	52.89,	5.78,	6.08,	2426,	18,	693,	346,	347,	0,	0,	0,	0,	0,	0,	0,	0,	0,	
1000000,	7.911,	121960,	128775,	143850,	105413,	53.28,	6.57,	6.49,	2538,	19,	725,	362,	363,	0,	0,	0,	0,	0,	0,	0,	0,	0,	

1000000,	7.911,	243791,	257785,	287746,	210664,	53.15,	6.34,	6.4,	2538,	19,	725,	362,	363,	0,	0,	0,	0,	0,	0,	0,	0,	0,	





HT-RandomRBF
Speed Change:,	0.01,	Centroids:,	250,	DriftCentroid:	100
GracePeriod:,	200,	TieThreshold:,	0.05,	BinarySplit:,	false
Count,	Time,	TP,	FN,	TN,	FP,	Accu,	Kappa,	Kpa_t,	Mem,	Depth,	TSize,	DcNod,	ActLf,	InacLf,	Reset,	Alter,	Switch,	Prune,	ClOp0,	ClOp1,	ClOp2,	ClOp3
50000,	0.411,	12223,	12821,	14866,	10088,	54.18,	8.37,	7.9,	130,	9,	37,	18,	19,	0,	0,	0,	0,	0,	0,	0,	0,	0,	
100000,	0.816,	11768,	13239,	15043,	9950,	53.62,	7.25,	6.81,	256,	11,	73,	36,	37,	0,	0,	0,	0,	0,	0,	0,	0,	0,	
150000,	1.223,	23936,	26124,	29750,	20187,	53.19,	6.4,	7.2,	368,	13,	105,	52,	53,	0,	0,	0,	0,	0,	0,	0,	0,	0,	
200000,	1.633,	23744,	26344,	29532,	20380,	52.93,	5.89,	6.16,	508,	14,	145,	72,	73,	0,	0,	0,	0,	0,	0,	0,	0,	0,	
250000,	2.026,	36862,	38471,	43271,	31392,	52.89,	5.82,	5.87,	620,	15,	177,	88,	89,	0,	0,	0,	0,	0,	0,	0,	0,	0,	
300000,	2.437,	36640,	38698,	43203,	31459,	53.13,	6.31,	6.76,	760,	15,	217,	108,	109,	0,	0,	0,	0,	0,	0,	0,	0,	0,	
350000,	2.833,	49086,	51278,	57506,	42126,	52.92,	5.85,	6.43,	837,	15,	239,	119,	120,	0,	0,	0,	0,	0,	0,	0,	0,	0,	
400000,	3.228,	48863,	51378,	57611,	42148,	53.26,	6.49,	7.17,	963,	16,	275,	137,	138,	0,	0,	0,	0,	0,	0,	0,	0,	0,	
450000,	3.627,	61142,	64339,	72113,	52401,	53.33,	6.7,	6.37,	1110,	16,	317,	158,	159,	0,	0,	0,	0,	0,	0,	0,	0,	0,	
500000,	4.04,	60888,	64471,	72311,	52330,	53.45,	6.95,	6.41,	1278,	17,	365,	182,	183,	0,	0,	0,	0,	0,	0,	0,	0,	0,	
550000,	4.424,	73570,	76976,	86076,	63373,	52.78,	5.58,	5.9,	1418,	17,	405,	202,	203,	0,	0,	0,	0,	0,	0,	0,	0,	0,	
600000,	4.821,	73352,	77046,	86467,	63135,	53.24,	6.49,	6.38,	1558,	17,	445,	222,	223,	0,	0,	0,	0,	0,	0,	0,	0,	0,	
650000,	5.2,	85608,	90026,	100597,	73764,	53.12,	6.27,	5.98,	1663,	17,	475,	237,	238,	0,	0,	0,	0,	0,	0,	0,	0,	0,	
700000,	5.612,	85558,	89908,	100768,	73766,	53.01,	6.05,	6.74,	1761,	18,	503,	251,	252,	0,	0,	0,	0,	0,	0,	0,	0,	0,	
750000,	6.025,	97653,	103120,	115166,	84054,	53.23,	6.52,	6.66,	1922,	18,	549,	274,	275,	0,	0,	0,	0,	0,	0,	0,	0,	0,	
800000,	6.413,	97702,	102850,	115054,	84392,	52.86,	5.76,	5.67,	2027,	18,	579,	289,	290,	0,	0,	0,	0,	0,	0,	0,	0,	0,	
850000,	6.809,	110042,	115814,	129239,	94893,	52.93,	5.88,	5.51,	2167,	18,	619,	309,	310,	0,	0,	0,	0,	0,	0,	0,	0,	0,	
900000,	7.2,	109668,	116024,	129503,	94803,	52.83,	5.72,	5.46,	2321,	18,	663,	331,	332,	0,	0,	0,	0,	0,	0,	0,	0,	0,	
950000,	7.589,	121831,	129010,	143896,	105251,	52.89,	5.78,	6.08,	2426,	18,	693,	346,	347,	0,	0,	0,	0,	0,	0,	0,	0,	0,	
1000000,	7.99,	121960,	128775,	143850,	105413,	53.28,	6.57,	6.49,	2538,	19,	725,	362,	363,	0,	0,	0,	0,	0,	0,	0,	0,	0,	

1000000,	7.99,	243791,	257785,	287746,	210664,	53.15,	6.34,	6.4,	2538,	19,	725,	362,	363,	0,	0,	0,	0,	0,	0,	0,	0,	0,	





HT-RandomRBF
Speed Change:,	0.01,	Centroids:,	100,	DriftCentroid:	20
GracePeriod:,	200,	TieThreshold:,	0.05,	BinarySplit:,	false
Count,	Time,	TP,	FN,	TN,	FP,	Accu,	Kappa,	Kpa_t,	Mem,	Depth,	TSize,	DcNod,	ActLf,	InacLf,	Reset,	Alter,	Switch,	Prune,	ClOp0,	ClOp1,	ClOp2,	ClOp3
50000,	0.363,	18632,	6412,	18557,	6398,	74.38,	48.76,	48.5,	144,	8,	41,	20,	21,	0,	0,	0,	0,	0,	0,	0,	0,	0,	
100000,	0.735,	20115,	4892,	18667,	6326,	77.56,	55.13,	54.92,	277,	12,	79,	39,	40,	0,	0,	0,	0,	0,	0,	0,	0,	0,	
150000,	1.064,	38903,	11157,	37543,	12396,	78.51,	57.03,	57.4,	382,	13,	109,	54,	55,	0,	0,	0,	0,	0,	0,	0,	0,	0,	
200000,	1.401,	41020,	9068,	37439,	12473,	79.35,	58.7,	58.84,	557,	15,	159,	79,	80,	0,	0,	0,	0,	0,	0,	0,	0,	0,	
250000,	1.732,	60250,	15083,	56122,	18544,	79.85,	59.66,	59.74,	676,	16,	193,	96,	97,	0,	0,	0,	0,	0,	0,	0,	0,	0,	
300000,	2.06,	62741,	12597,	56118,	18544,	80.8,	61.56,	61.8,	823,	19,	235,	117,	118,	0,	0,	0,	0,	0,	0,	0,	0,	0,	
350000,	2.397,	82025,	18339,	74862,	24773,	81.03,	62.05,	62.3,	928,	19,	265,	132,	133,	0,	0,	0,	0,	0,	0,	0,	0,	0,	
400000,	2.715,	84338,	15903,	75061,	24698,	81.08,	62.18,	62.42,	1096,	21,	313,	156,	157,	0,	0,	0,	0,	0,	0,	0,	0,	0,	
450000,	3.026,	103974,	21466,	93728,	30790,	81.71,	63.4,	63.31,	1264,	21,	361,	180,	181,	0,	0,	0,	0,	0,	0,	0,	0,	0,	
500000,	3.339,	106492,	18760,	93656,	30984,	81.71,	63.4,	63.23,	1411,	23,	403,	201,	202,	0,	0,	0,	0,	0,	0,	0,	0,	0,	
550000,	3.642,	126149,	24330,	112483,	36969,	81.91,	63.81,	63.95,	1488,	23,	425,	212,	213,	0,	0,	0,	0,	0,	0,	0,	0,	0,	
600000,	3.953,	128649,	21642,	112575,	37026,	82.15,	64.3,	64.26,	1628,	24,	465,	232,	233,	0,	0,	0,	0,	0,	0,	0,	0,	0,	
650000,	4.268,	147112,	27238,	131312,	43052,	82.02,	64.02,	63.94,	1754,	25,	501,	250,	251,	0,	0,	0,	0,	0,	0,	0,	0,	0,	
700000,	4.582,	149805,	24510,	131433,	43098,	82.12,	64.22,	64.5,	1880,	26,	537,	268,	269,	0,	0,	0,	0,	0,	0,	0,	0,	0,	
750000,	4.896,	168856,	30155,	150261,	48962,	82.34,	64.66,	64.76,	2083,	26,	595,	297,	298,	0,	0,	0,	0,	0,	0,	0,	0,	0,	
800000,	5.202,	171338,	27295,	150492,	48949,	82.72,	65.43,	65.43,	2160,	26,	617,	308,	309,	0,	0,	0,	0,	0,	0,	0,	0,	0,	
850000,	5.505,	189891,	32958,	169205,	54932,	82.45,	64.89,	64.78,	2258,	27,	645,	322,	323,	0,	0,	0,	0,	0,	0,	0,	0,	0,	
900000,	5.815,	192620,	29882,	169452,	54849,	83.03,	66.03,	65.98,	2384,	27,	681,	340,	341,	0,	0,	0,	0,	0,	0,	0,	0,	0,	
950000,	6.12,	210948,	35590,	188254,	60898,	82.8,	65.61,	65.71,	2503,	28,	715,	357,	358,	0,	0,	0,	0,	0,	0,	0,	0,	0,	
1000000,	6.436,	213880,	32429,	188531,	60727,	83.15,	66.29,	66.28,	2678,	28,	765,	382,	383,	0,	0,	0,	0,	0,	0,	0,	0,	0,	

1000000,	6.436,	424828,	68019,	376785,	121625,	81.03,	62.06,	62.11,	2678,	28,	765,	382,	383,	0,	0,	0,	0,	0,	0,	0,	0,	0,	





HT-RandomRBF
Speed Change:,	0.01,	Centroids:,	100,	DriftCentroid:	40
GracePeriod:,	200,	TieThreshold:,	0.05,	BinarySplit:,	false
Count,	Time,	TP,	FN,	TN,	FP,	Accu,	Kappa,	Kpa_t,	Mem,	Depth,	TSize,	DcNod,	ActLf,	InacLf,	Reset,	Alter,	Switch,	Prune,	ClOp0,	ClOp1,	ClOp2,	ClOp3
50000,	0.389,	13817,	11227,	17099,	7856,	61.83,	23.68,	23.28,	123,	6,	35,	17,	18,	0,	0,	0,	0,	0,	0,	0,	0,	0,	
100000,	0.768,	13511,	11496,	17494,	7499,	62.01,	24.02,	23.66,	249,	9,	71,	35,	36,	0,	0,	0,	0,	0,	0,	0,	0,	0,	
150000,	1.138,	26349,	23711,	35623,	14316,	62.11,	24.24,	24.88,	396,	11,	113,	56,	57,	0,	0,	0,	0,	0,	0,	0,	0,	0,	
200000,	1.49,	25900,	24188,	36218,	13694,	62.23,	24.51,	24.69,	501,	13,	143,	71,	72,	0,	0,	0,	0,	0,	0,	0,	0,	0,	
250000,	1.856,	39313,	36020,	53936,	20730,	62.55,	25.29,	25.17,	683,	15,	195,	97,	98,	0,	0,	0,	0,	0,	0,	0,	0,	0,	
300000,	2.217,	38946,	36392,	54296,	20366,	62.25,	24.66,	24.89,	802,	16,	229,	114,	115,	0,	0,	0,	0,	0,	0,	0,	0,	0,	
350000,	2.583,	52203,	48080,	72217,	27417,	62.5,	25.03,	25.48,	921,	17,	263,	131,	132,	0,	0,	0,	0,	0,	0,	0,	0,	0,	
400000,	2.922,	51633,	48608,	73004,	26755,	62.79,	25.51,	26.1,	977,	17,	279,	139,	140,	0,	0,	0,	0,	0,	0,	0,	0,	0,	
450000,	3.298,	64822,	60257,	90707,	33809,	62.86,	25.8,	25.5,	1159,	19,	331,	165,	166,	0,	0,	0,	0,	0,	0,	0,	0,	0,	
500000,	3.668,	64532,	60827,	91419,	33222,	62.63,	25.34,	24.87,	1306,	20,	373,	186,	187,	0,	0,	0,	0,	0,	0,	0,	0,	0,	
550000,	4.024,	77557,	72192,	108836,	40613,	62.52,	25.08,	25.3,	1425,	20,	407,	203,	204,	0,	0,	0,	0,	0,	0,	0,	0,	0,	
600000,	4.363,	77541,	72857,	109759,	39843,	62.7,	25.42,	25.31,	1551,	21,	443,	221,	222,	0,	0,	0,	0,	0,	0,	0,	0,	0,	
650000,	4.704,	89579,	84414,	127029,	47331,	62.12,	24.29,	24.03,	1670,	21,	477,	238,	239,	0,	0,	0,	0,	0,	0,	0,	0,	0,	
700000,	5.07,	89865,	85168,	128224,	46309,	62.44,	24.94,	25.46,	1803,	22,	515,	257,	258,	0,	0,	0,	0,	0,	0,	0,	0,	0,	
750000,	5.421,	102349,	96783,	145603,	53616,	62.69,	25.48,	25.54,	1901,	22,	543,	271,	272,	0,	0,	0,	0,	0,	0,	0,	0,	0,	
800000,	5.769,	101555,	97503,	146842,	52603,	62.74,	25.55,	25.44,	2013,	23,	575,	287,	288,	0,	0,	0,	0,	0,	0,	0,	0,	0,	
850000,	6.122,	113970,	109383,	164297,	59833,	62.36,	24.79,	24.44,	2160,	24,	617,	308,	309,	0,	0,	0,	0,	0,	0,	0,	0,	0,	
900000,	6.476,	113954,	109658,	165409,	58895,	63.1,	26.3,	26.05,	2293,	24,	655,	327,	328,	0,	0,	0,	0,	0,	0,	0,	0,	0,	
950000,	6.829,	126257,	121453,	182912,	66231,	63.06,	26.11,	26.35,	2391,	24,	683,	341,	342,	0,	0,	0,	0,	0,	0,	0,	0,	0,	
1000000,	7.188,	126598,	121954,	184172,	65089,	63.02,	26.07,	25.99,	2517,	25,	719,	359,	360,	0,	0,	0,	0,	0,	0,	0,	0,	0,	

1000000,	7.188,	252855,	243407,	367084,	131320,	62.53,	25.1,	25.12,	2517,	25,	719,	359,	360,	0,	0,	0,	0,	0,	0,	0,	0,	0,	





HT-RandomRBF
Speed Change:,	0.01,	Centroids:,	100,	DriftCentroid:	60
GracePeriod:,	200,	TieThreshold:,	0.05,	BinarySplit:,	false
Count,	Time,	TP,	FN,	TN,	FP,	Accu,	Kappa,	Kpa_t,	Mem,	Depth,	TSize,	DcNod,	ActLf,	InacLf,	Reset,	Alter,	Switch,	Prune,	ClOp0,	ClOp1,	ClOp2,	ClOp3
50000,	0.385,	12223,	12821,	14866,	10088,	54.18,	8.37,	7.9,	130,	9,	37,	18,	19,	0,	0,	0,	0,	0,	0,	0,	0,	0,	
100000,	0.775,	11768,	13239,	15043,	9950,	53.62,	7.25,	6.81,	256,	11,	73,	36,	37,	0,	0,	0,	0,	0,	0,	0,	0,	0,	
150000,	1.152,	23936,	26124,	29750,	20187,	53.19,	6.4,	7.2,	368,	13,	105,	52,	53,	0,	0,	0,	0,	0,	0,	0,	0,	0,	
200000,	1.536,	23744,	26344,	29532,	20380,	52.93,	5.89,	6.16,	508,	14,	145,	72,	73,	0,	0,	0,	0,	0,	0,	0,	0,	0,	
250000,	1.914,	36862,	38471,	43271,	31392,	52.89,	5.82,	5.87,	620,	15,	177,	88,	89,	0,	0,	0,	0,	0,	0,	0,	0,	0,	
300000,	2.311,	36640,	38698,	43203,	31459,	53.13,	6.31,	6.76,	760,	15,	217,	108,	109,	0,	0,	0,	0,	0,	0,	0,	0,	0,	
350000,	2.682,	49086,	51278,	57506,	42126,	52.92,	5.85,	6.43,	837,	15,	239,	119,	120,	0,	0,	0,	0,	0,	0,	0,	0,	0,	
400000,	3.064,	48863,	51378,	57611,	42148,	53.26,	6.49,	7.17,	963,	16,	275,	137,	138,	0,	0,	0,	0,	0,	0,	0,	0,	0,	
450000,	3.451,	61142,	64339,	72113,	52401,	53.33,	6.7,	6.37,	1110,	16,	317,	158,	159,	0,	0,	0,	0,	0,	0,	0,	0,	0,	
500000,	3.836,	60888,	64471,	72311,	52330,	53.45,	6.95,	6.41,	1278,	17,	365,	182,	183,	0,	0,	0,	0,	0,	0,	0,	0,	0,	
550000,	4.233,	73570,	76976,	86076,	63373,	52.78,	5.58,	5.9,	1418,	17,	405,	202,	203,	0,	0,	0,	0,	0,	0,	0,	0,	0,	
600000,	4.609,	73352,	77046,	86467,	63135,	53.24,	6.49,	6.38,	1558,	17,	445,	222,	223,	0,	0,	0,	0,	0,	0,	0,	0,	0,	
650000,	4.984,	85608,	90026,	100597,	73764,	53.12,	6.27,	5.98,	1663,	17,	475,	237,	238,	0,	0,	0,	0,	0,	0,	0,	0,	0,	
700000,	5.364,	85558,	89908,	100768,	73766,	53.01,	6.05,	6.74,	1761,	18,	503,	251,	252,	0,	0,	0,	0,	0,	0,	0,	0,	0,	
750000,	5.754,	97653,	103120,	115166,	84054,	53.23,	6.52,	6.66,	1922,	18,	549,	274,	275,	0,	0,	0,	0,	0,	0,	0,	0,	0,	
800000,	6.142,	97702,	102850,	115054,	84392,	52.86,	5.76,	5.67,	2027,	18,	579,	289,	290,	0,	0,	0,	0,	0,	0,	0,	0,	0,	
850000,	6.538,	110042,	115814,	129239,	94893,	52.93,	5.88,	5.51,	2167,	18,	619,	309,	310,	0,	0,	0,	0,	0,	0,	0,	0,	0,	
900000,	6.915,	109668,	116024,	129503,	94803,	52.83,	5.72,	5.46,	2321,	18,	663,	331,	332,	0,	0,	0,	0,	0,	0,	0,	0,	0,	
950000,	7.3,	121831,	129010,	143896,	105251,	52.89,	5.78,	6.08,	2426,	18,	693,	346,	347,	0,	0,	0,	0,	0,	0,	0,	0,	0,	
1000000,	7.679,	121960,	128775,	143850,	105413,	53.28,	6.57,	6.49,	2538,	19,	725,	362,	363,	0,	0,	0,	0,	0,	0,	0,	0,	0,	

1000000,	7.679,	243791,	257785,	287746,	210664,	53.15,	6.34,	6.4,	2538,	19,	725,	362,	363,	0,	0,	0,	0,	0,	0,	0,	0,	0,	





HT-RandomRBF
Speed Change:,	0.01,	Centroids:,	100,	DriftCentroid:	80
GracePeriod:,	200,	TieThreshold:,	0.05,	BinarySplit:,	false
Count,	Time,	TP,	FN,	TN,	FP,	Accu,	Kappa,	Kpa_t,	Mem,	Depth,	TSize,	DcNod,	ActLf,	InacLf,	Reset,	Alter,	Switch,	Prune,	ClOp0,	ClOp1,	ClOp2,	ClOp3
50000,	0.418,	12223,	12821,	14866,	10088,	54.18,	8.37,	7.9,	130,	9,	37,	18,	19,	0,	0,	0,	0,	0,	0,	0,	0,	0,	
100000,	0.787,	11768,	13239,	15043,	9950,	53.62,	7.25,	6.81,	256,	11,	73,	36,	37,	0,	0,	0,	0,	0,	0,	0,	0,	0,	
150000,	1.182,	23936,	26124,	29750,	20187,	53.19,	6.4,	7.2,	368,	13,	105,	52,	53,	0,	0,	0,	0,	0,	0,	0,	0,	0,	
200000,	1.58,	23744,	26344,	29532,	20380,	52.93,	5.89,	6.16,	508,	14,	145,	72,	73,	0,	0,	0,	0,	0,	0,	0,	0,	0,	
250000,	1.972,	36862,	38471,	43271,	31392,	52.89,	5.82,	5.87,	620,	15,	177,	88,	89,	0,	0,	0,	0,	0,	0,	0,	0,	0,	
300000,	2.37,	36640,	38698,	43203,	31459,	53.13,	6.31,	6.76,	760,	15,	217,	108,	109,	0,	0,	0,	0,	0,	0,	0,	0,	0,	
350000,	2.755,	49086,	51278,	57506,	42126,	52.92,	5.85,	6.43,	837,	15,	239,	119,	120,	0,	0,	0,	0,	0,	0,	0,	0,	0,	
400000,	3.151,	48863,	51378,	57611,	42148,	53.26,	6.49,	7.17,	963,	16,	275,	137,	138,	0,	0,	0,	0,	0,	0,	0,	0,	0,	
450000,	3.547,	61142,	64339,	72113,	52401,	53.33,	6.7,	6.37,	1110,	16,	317,	158,	159,	0,	0,	0,	0,	0,	0,	0,	0,	0,	
500000,	3.944,	60888,	64471,	72311,	52330,	53.45,	6.95,	6.41,	1278,	17,	365,	182,	183,	0,	0,	0,	0,	0,	0,	0,	0,	0,	
550000,	4.339,	73570,	76976,	86076,	63373,	52.78,	5.58,	5.9,	1418,	17,	405,	202,	203,	0,	0,	0,	0,	0,	0,	0,	0,	0,	
600000,	4.725,	73352,	77046,	86467,	63135,	53.24,	6.49,	6.38,	1558,	17,	445,	222,	223,	0,	0,	0,	0,	0,	0,	0,	0,	0,	
650000,	5.119,	85608,	90026,	100597,	73764,	53.12,	6.27,	5.98,	1663,	17,	475,	237,	238,	0,	0,	0,	0,	0,	0,	0,	0,	0,	
700000,	5.513,	85558,	89908,	100768,	73766,	53.01,	6.05,	6.74,	1761,	18,	503,	251,	252,	0,	0,	0,	0,	0,	0,	0,	0,	0,	
750000,	5.91,	97653,	103120,	115166,	84054,	53.23,	6.52,	6.66,	1922,	18,	549,	274,	275,	0,	0,	0,	0,	0,	0,	0,	0,	0,	
800000,	6.288,	97702,	102850,	115054,	84392,	52.86,	5.76,	5.67,	2027,	18,	579,	289,	290,	0,	0,	0,	0,	0,	0,	0,	0,	0,	
850000,	6.691,	110042,	115814,	129239,	94893,	52.93,	5.88,	5.51,	2167,	18,	619,	309,	310,	0,	0,	0,	0,	0,	0,	0,	0,	0,	
900000,	7.073,	109668,	116024,	129503,	94803,	52.83,	5.72,	5.46,	2321,	18,	663,	331,	332,	0,	0,	0,	0,	0,	0,	0,	0,	0,	
950000,	7.465,	121831,	129010,	143896,	105251,	52.89,	5.78,	6.08,	2426,	18,	693,	346,	347,	0,	0,	0,	0,	0,	0,	0,	0,	0,	
1000000,	7.837,	121960,	128775,	143850,	105413,	53.28,	6.57,	6.49,	2538,	19,	725,	362,	363,	0,	0,	0,	0,	0,	0,	0,	0,	0,	

1000000,	7.837,	243791,	257785,	287746,	210664,	53.15,	6.34,	6.4,	2538,	19,	725,	362,	363,	0,	0,	0,	0,	0,	0,	0,	0,	0,	





HT-RandomRBF
Speed Change:,	0.01,	Centroids:,	100,	DriftCentroid:	100
GracePeriod:,	200,	TieThreshold:,	0.05,	BinarySplit:,	false
Count,	Time,	TP,	FN,	TN,	FP,	Accu,	Kappa,	Kpa_t,	Mem,	Depth,	TSize,	DcNod,	ActLf,	InacLf,	Reset,	Alter,	Switch,	Prune,	ClOp0,	ClOp1,	ClOp2,	ClOp3
50000,	0.401,	12223,	12821,	14866,	10088,	54.18,	8.37,	7.9,	130,	9,	37,	18,	19,	0,	0,	0,	0,	0,	0,	0,	0,	0,	
100000,	0.792,	11768,	13239,	15043,	9950,	53.62,	7.25,	6.81,	256,	11,	73,	36,	37,	0,	0,	0,	0,	0,	0,	0,	0,	0,	
150000,	1.183,	23936,	26124,	29750,	20187,	53.19,	6.4,	7.2,	368,	13,	105,	52,	53,	0,	0,	0,	0,	0,	0,	0,	0,	0,	
200000,	1.578,	23744,	26344,	29532,	20380,	52.93,	5.89,	6.16,	508,	14,	145,	72,	73,	0,	0,	0,	0,	0,	0,	0,	0,	0,	
250000,	1.952,	36862,	38471,	43271,	31392,	52.89,	5.82,	5.87,	620,	15,	177,	88,	89,	0,	0,	0,	0,	0,	0,	0,	0,	0,	
300000,	2.347,	36640,	38698,	43203,	31459,	53.13,	6.31,	6.76,	760,	15,	217,	108,	109,	0,	0,	0,	0,	0,	0,	0,	0,	0,	
350000,	2.734,	49086,	51278,	57506,	42126,	52.92,	5.85,	6.43,	837,	15,	239,	119,	120,	0,	0,	0,	0,	0,	0,	0,	0,	0,	
400000,	3.112,	48863,	51378,	57611,	42148,	53.26,	6.49,	7.17,	963,	16,	275,	137,	138,	0,	0,	0,	0,	0,	0,	0,	0,	0,	
450000,	3.491,	61142,	64339,	72113,	52401,	53.33,	6.7,	6.37,	1110,	16,	317,	158,	159,	0,	0,	0,	0,	0,	0,	0,	0,	0,	
500000,	3.887,	60888,	64471,	72311,	52330,	53.45,	6.95,	6.41,	1278,	17,	365,	182,	183,	0,	0,	0,	0,	0,	0,	0,	0,	0,	
550000,	4.284,	73570,	76976,	86076,	63373,	52.78,	5.58,	5.9,	1418,	17,	405,	202,	203,	0,	0,	0,	0,	0,	0,	0,	0,	0,	
600000,	4.676,	73352,	77046,	86467,	63135,	53.24,	6.49,	6.38,	1558,	17,	445,	222,	223,	0,	0,	0,	0,	0,	0,	0,	0,	0,	
650000,	5.059,	85608,	90026,	100597,	73764,	53.12,	6.27,	5.98,	1663,	17,	475,	237,	238,	0,	0,	0,	0,	0,	0,	0,	0,	0,	
700000,	5.445,	85558,	89908,	100768,	73766,	53.01,	6.05,	6.74,	1761,	18,	503,	251,	252,	0,	0,	0,	0,	0,	0,	0,	0,	0,	
750000,	5.85,	97653,	103120,	115166,	84054,	53.23,	6.52,	6.66,	1922,	18,	549,	274,	275,	0,	0,	0,	0,	0,	0,	0,	0,	0,	
800000,	6.227,	97702,	102850,	115054,	84392,	52.86,	5.76,	5.67,	2027,	18,	579,	289,	290,	0,	0,	0,	0,	0,	0,	0,	0,	0,	
850000,	6.623,	110042,	115814,	129239,	94893,	52.93,	5.88,	5.51,	2167,	18,	619,	309,	310,	0,	0,	0,	0,	0,	0,	0,	0,	0,	
900000,	7.012,	109668,	116024,	129503,	94803,	52.83,	5.72,	5.46,	2321,	18,	663,	331,	332,	0,	0,	0,	0,	0,	0,	0,	0,	0,	
950000,	7.4,	121831,	129010,	143896,	105251,	52.89,	5.78,	6.08,	2426,	18,	693,	346,	347,	0,	0,	0,	0,	0,	0,	0,	0,	0,	
1000000,	7.784,	121960,	128775,	143850,	105413,	53.28,	6.57,	6.49,	2538,	19,	725,	362,	363,	0,	0,	0,	0,	0,	0,	0,	0,	0,	

1000000,	7.784,	243791,	257785,	287746,	210664,	53.15,	6.34,	6.4,	2538,	19,	725,	362,	363,	0,	0,	0,	0,	0,	0,	0,	0,	0,	





HT-RandomRBF
Speed Change:,	0.01,	Centroids:,	100,	DriftCentroid:	100
GracePeriod:,	200,	TieThreshold:,	0.05,	BinarySplit:,	false
Count,	Time,	TP,	FN,	TN,	FP,	Accu,	Kappa,	Kpa_t,	Mem,	Depth,	TSize,	DcNod,	ActLf,	InacLf,	Reset,	Alter,	Switch,	Prune,	ClOp0,	ClOp1,	ClOp2,	ClOp3
50000,	0.391,	12223,	12821,	14866,	10088,	54.18,	8.37,	7.9,	130,	9,	37,	18,	19,	0,	0,	0,	0,	0,	0,	0,	0,	0,	
100000,	0.779,	11768,	13239,	15043,	9950,	53.62,	7.25,	6.81,	256,	11,	73,	36,	37,	0,	0,	0,	0,	0,	0,	0,	0,	0,	
150000,	1.166,	23936,	26124,	29750,	20187,	53.19,	6.4,	7.2,	368,	13,	105,	52,	53,	0,	0,	0,	0,	0,	0,	0,	0,	0,	
200000,	1.554,	23744,	26344,	29532,	20380,	52.93,	5.89,	6.16,	508,	14,	145,	72,	73,	0,	0,	0,	0,	0,	0,	0,	0,	0,	
250000,	1.925,	36862,	38471,	43271,	31392,	52.89,	5.82,	5.87,	620,	15,	177,	88,	89,	0,	0,	0,	0,	0,	0,	0,	0,	0,	
300000,	2.315,	36640,	38698,	43203,	31459,	53.13,	6.31,	6.76,	760,	15,	217,	108,	109,	0,	0,	0,	0,	0,	0,	0,	0,	0,	
350000,	2.7,	49086,	51278,	57506,	42126,	52.92,	5.85,	6.43,	837,	15,	239,	119,	120,	0,	0,	0,	0,	0,	0,	0,	0,	0,	
400000,	3.079,	48863,	51378,	57611,	42148,	53.26,	6.49,	7.17,	963,	16,	275,	137,	138,	0,	0,	0,	0,	0,	0,	0,	0,	0,	
450000,	3.462,	61142,	64339,	72113,	52401,	53.33,	6.7,	6.37,	1110,	16,	317,	158,	159,	0,	0,	0,	0,	0,	0,	0,	0,	0,	
500000,	3.863,	60888,	64471,	72311,	52330,	53.45,	6.95,	6.41,	1278,	17,	365,	182,	183,	0,	0,	0,	0,	0,	0,	0,	0,	0,	
550000,	4.244,	73570,	76976,	86076,	63373,	52.78,	5.58,	5.9,	1418,	17,	405,	202,	203,	0,	0,	0,	0,	0,	0,	0,	0,	0,	
600000,	4.633,	73352,	77046,	86467,	63135,	53.24,	6.49,	6.38,	1558,	17,	445,	222,	223,	0,	0,	0,	0,	0,	0,	0,	0,	0,	
650000,	5.004,	85608,	90026,	100597,	73764,	53.12,	6.27,	5.98,	1663,	17,	475,	237,	238,	0,	0,	0,	0,	0,	0,	0,	0,	0,	
700000,	5.409,	85558,	89908,	100768,	73766,	53.01,	6.05,	6.74,	1761,	18,	503,	251,	252,	0,	0,	0,	0,	0,	0,	0,	0,	0,	
750000,	5.817,	97653,	103120,	115166,	84054,	53.23,	6.52,	6.66,	1922,	18,	549,	274,	275,	0,	0,	0,	0,	0,	0,	0,	0,	0,	
800000,	6.199,	97702,	102850,	115054,	84392,	52.86,	5.76,	5.67,	2027,	18,	579,	289,	290,	0,	0,	0,	0,	0,	0,	0,	0,	0,	
850000,	6.589,	110042,	115814,	129239,	94893,	52.93,	5.88,	5.51,	2167,	18,	619,	309,	310,	0,	0,	0,	0,	0,	0,	0,	0,	0,	
900000,	6.974,	109668,	116024,	129503,	94803,	52.83,	5.72,	5.46,	2321,	18,	663,	331,	332,	0,	0,	0,	0,	0,	0,	0,	0,	0,	
950000,	7.354,	121831,	129010,	143896,	105251,	52.89,	5.78,	6.08,	2426,	18,	693,	346,	347,	0,	0,	0,	0,	0,	0,	0,	0,	0,	
1000000,	7.743,	121960,	128775,	143850,	105413,	53.28,	6.57,	6.49,	2538,	19,	725,	362,	363,	0,	0,	0,	0,	0,	0,	0,	0,	0,	

1000000,	7.743,	243791,	257785,	287746,	210664,	53.15,	6.34,	6.4,	2538,	19,	725,	362,	363,	0,	0,	0,	0,	0,	0,	0,	0,	0,	





HT-RandomRBF
Speed Change:,	0.01,	Centroids:,	100,	DriftCentroid:	100
GracePeriod:,	400,	TieThreshold:,	0.05,	BinarySplit:,	false
Count,	Time,	TP,	FN,	TN,	FP,	Accu,	Kappa,	Kpa_t,	Mem,	Depth,	TSize,	DcNod,	ActLf,	InacLf,	Reset,	Alter,	Switch,	Prune,	ClOp0,	ClOp1,	ClOp2,	ClOp3
50000,	0.371,	12817,	12226,	14222,	10732,	54.08,	8.17,	7.7,	109,	9,	31,	15,	16,	0,	0,	0,	0,	0,	0,	0,	0,	0,	
100000,	0.762,	12635,	12372,	14093,	10900,	53.46,	6.91,	6.47,	263,	12,	75,	37,	38,	0,	0,	0,	0,	0,	0,	0,	0,	0,	
150000,	1.138,	25060,	24999,	28625,	21313,	53.29,	6.59,	7.4,	354,	13,	101,	50,	51,	0,	0,	0,	0,	0,	0,	0,	0,	0,	
200000,	1.523,	25228,	24860,	27946,	21966,	52.89,	5.8,	6.08,	480,	14,	137,	68,	69,	0,	0,	0,	0,	0,	0,	0,	0,	0,	
250000,	1.902,	38467,	36864,	41716,	32948,	53.0,	5.99,	6.07,	620,	15,	177,	88,	89,	0,	0,	0,	0,	0,	0,	0,	0,	0,	
300000,	2.266,	38077,	37261,	41746,	32916,	53.3,	6.64,	7.09,	746,	16,	213,	106,	107,	0,	0,	0,	0,	0,	0,	0,	0,	0,	
350000,	2.623,	51328,	49034,	55465,	44167,	53.22,	6.44,	7.03,	844,	17,	241,	120,	121,	0,	0,	0,	0,	0,	0,	0,	0,	0,	
400000,	2.988,	50806,	49435,	55666,	44093,	53.3,	6.58,	7.25,	942,	17,	269,	134,	135,	0,	0,	0,	0,	0,	0,	0,	0,	0,	
450000,	3.357,	64198,	61281,	69313,	55202,	53.44,	6.89,	6.59,	1096,	18,	313,	156,	157,	0,	0,	0,	0,	0,	0,	0,	0,	0,	
500000,	3.719,	63970,	61389,	69367,	55274,	53.73,	7.47,	6.98,	1236,	18,	353,	176,	177,	0,	0,	0,	0,	0,	0,	0,	0,	0,	
550000,	4.088,	77001,	73543,	82909,	66541,	52.8,	5.6,	5.93,	1355,	19,	387,	193,	194,	0,	0,	0,	0,	0,	0,	0,	0,	0,	
600000,	4.448,	76459,	73939,	83358,	66244,	52.96,	5.93,	5.81,	1467,	19,	419,	209,	210,	0,	0,	0,	0,	0,	0,	0,	0,	0,	
650000,	4.807,	89472,	86160,	97026,	77336,	53.18,	6.37,	6.1,	1572,	19,	449,	224,	225,	0,	0,	0,	0,	0,	0,	0,	0,	0,	
700000,	5.18,	88713,	86753,	97707,	76826,	53.21,	6.43,	7.13,	1712,	19,	489,	244,	245,	0,	0,	0,	0,	0,	0,	0,	0,	0,	
750000,	5.533,	101768,	99004,	111392,	87829,	53.32,	6.69,	6.85,	1845,	19,	527,	263,	264,	0,	0,	0,	0,	0,	0,	0,	0,	0,	
800000,	5.906,	100962,	99592,	112126,	87319,	53.34,	6.7,	6.62,	1992,	20,	569,	284,	285,	0,	0,	0,	0,	0,	0,	0,	0,	0,	
850000,	6.287,	114278,	111580,	125536,	98599,	53.31,	6.64,	6.27,	2104,	20,	601,	300,	301,	0,	0,	0,	0,	0,	0,	0,	0,	0,	
900000,	6.638,	113420,	112274,	126065,	98240,	52.79,	5.62,	5.39,	2174,	20,	621,	310,	311,	0,	0,	0,	0,	0,	0,	0,	0,	0,	
950000,	7.108,	126660,	124183,	139711,	109439,	53.11,	6.22,	6.52,	2307,	20,	659,	329,	330,	0,	0,	0,	0,	0,	0,	0,	0,	0,	
1000000,	7.543,	125733,	125004,	140386,	108876,	53.27,	6.55,	6.47,	2426,	20,	693,	346,	347,	0,	0,	0,	0,	0,	0,	0,	0,	0,	

1000000,	7.543,	252393,	249187,	280097,	218315,	53.25,	6.52,	6.59,	2426,	20,	693,	346,	347,	0,	0,	0,	0,	0,	0,	0,	0,	0,	





HT-RandomRBF
Speed Change:,	0.01,	Centroids:,	100,	DriftCentroid:	100
GracePeriod:,	800,	TieThreshold:,	0.05,	BinarySplit:,	false
Count,	Time,	TP,	FN,	TN,	FP,	Accu,	Kappa,	Kpa_t,	Mem,	Depth,	TSize,	DcNod,	ActLf,	InacLf,	Reset,	Alter,	Switch,	Prune,	ClOp0,	ClOp1,	ClOp2,	ClOp3
50000,	0.416,	11880,	13164,	15287,	9668,	54.33,	8.69,	8.21,	116,	8,	33,	16,	17,	0,	0,	0,	0,	0,	0,	0,	0,	0,	
100000,	0.786,	11920,	13087,	14602,	10391,	53.04,	6.09,	5.65,	221,	10,	63,	31,	32,	0,	0,	0,	0,	0,	0,	0,	0,	0,	
150000,	1.148,	23895,	26165,	29862,	20077,	53.18,	6.37,	7.17,	319,	11,	91,	45,	46,	0,	0,	0,	0,	0,	0,	0,	0,	0,	
200000,	1.534,	23801,	26287,	29316,	20596,	53.19,	6.42,	6.67,	480,	12,	137,	68,	69,	0,	0,	0,	0,	0,	0,	0,	0,	0,	
250000,	1.899,	36734,	38599,	43464,	31201,	52.88,	5.81,	5.84,	627,	13,	179,	89,	90,	0,	0,	0,	0,	0,	0,	0,	0,	0,	
300000,	2.245,	37107,	38231,	42464,	32198,	52.91,	5.82,	6.31,	704,	14,	201,	100,	101,	0,	0,	0,	0,	0,	0,	0,	0,	0,	
350000,	2.608,	50174,	50190,	56644,	42989,	53.24,	6.48,	7.07,	830,	15,	237,	118,	119,	0,	0,	0,	0,	0,	0,	0,	0,	0,	
400000,	2.971,	49463,	50778,	56731,	43027,	53.25,	6.47,	7.14,	914,	15,	261,	130,	131,	0,	0,	0,	0,	0,	0,	0,	0,	0,	
450000,	3.338,	62090,	63388,	71303,	53212,	53.16,	6.36,	6.03,	1047,	15,	299,	149,	150,	0,	0,	0,	0,	0,	0,	0,	0,	0,	
500000,	3.717,	61264,	64095,	71602,	53038,	53.34,	6.74,	6.2,	1159,	16,	331,	165,	166,	0,	0,	0,	0,	0,	0,	0,	0,	0,	
550000,	4.074,	73989,	76553,	86140,	63309,	53.47,	6.98,	7.28,	1257,	16,	359,	179,	180,	0,	0,	0,	0,	0,	0,	0,	0,	0,	
600000,	4.444,	73531,	76867,	86160,	63441,	53.65,	7.31,	7.2,	1390,	17,	397,	198,	199,	0,	0,	0,	0,	0,	0,	0,	0,	0,	
650000,	4.812,	86433,	89197,	100154,	74207,	52.92,	5.85,	5.58,	1537,	17,	439,	219,	220,	0,	0,	0,	0,	0,	0,	0,	0,	0,	
700000,	5.167,	85862,	89604,	100199,	74334,	52.74,	5.5,	6.2,	1628,	17,	465,	232,	233,	0,	0,	0,	0,	0,	0,	0,	0,	0,	
750000,	5.543,	99057,	101713,	114143,	85078,	53.23,	6.48,	6.65,	1747,	17,	499,	249,	250,	0,	0,	0,	0,	0,	0,	0,	0,	0,	
800000,	5.916,	98413,	102141,	114104,	85341,	52.91,	5.84,	5.77,	1845,	18,	527,	263,	264,	0,	0,	0,	0,	0,	0,	0,	0,	0,	
850000,	6.257,	111426,	114430,	128322,	95813,	53.1,	6.22,	5.85,	1915,	18,	547,	273,	274,	0,	0,	0,	0,	0,	0,	0,	0,	0,	
900000,	6.627,	110521,	115173,	128493,	95812,	52.99,	6.04,	5.79,	2069,	18,	591,	295,	296,	0,	0,	0,	0,	0,	0,	0,	0,	0,	
950000,	6.987,	123323,	127518,	142871,	106278,	52.89,	5.78,	6.08,	2160,	18,	617,	308,	309,	0,	0,	0,	0,	0,	0,	0,	0,	0,	
1000000,	7.366,	122690,	128047,	143002,	106260,	53.36,	6.73,	6.65,	2286,	18,	653,	326,	327,	0,	0,	0,	0,	0,	0,	0,	0,	0,	

1000000,	7.366,	246013,	255565,	285873,	212538,	53.19,	6.4,	6.47,	2286,	18,	653,	326,	327,	0,	0,	0,	0,	0,	0,	0,	0,	0,	





HT-RandomRBF
Speed Change:,	0.01,	Centroids:,	100,	DriftCentroid:	100
GracePeriod:,	1600,	TieThreshold:,	0.05,	BinarySplit:,	false
Count,	Time,	TP,	FN,	TN,	FP,	Accu,	Kappa,	Kpa_t,	Mem,	Depth,	TSize,	DcNod,	ActLf,	InacLf,	Reset,	Alter,	Switch,	Prune,	ClOp0,	ClOp1,	ClOp2,	ClOp3
50000,	0.39,	12191,	12853,	14936,	10019,	54.25,	8.53,	8.05,	95,	6,	27,	13,	14,	0,	0,	0,	0,	0,	0,	0,	0,	0,	
100000,	0.764,	11800,	13207,	14894,	10099,	53.39,	6.78,	6.34,	200,	8,	57,	28,	29,	0,	0,	0,	0,	0,	0,	0,	0,	0,	
150000,	1.146,	24572,	25488,	29111,	20828,	53.11,	6.23,	7.04,	319,	10,	91,	45,	46,	0,	0,	0,	0,	0,	0,	0,	0,	0,	
200000,	1.498,	23365,	26723,	29888,	20024,	53.12,	6.28,	6.53,	389,	10,	111,	55,	56,	0,	0,	0,	0,	0,	0,	0,	0,	0,	
250000,	1.871,	36362,	38971,	43612,	31054,	52.58,	5.29,	5.24,	508,	12,	145,	72,	73,	0,	0,	0,	0,	0,	0,	0,	0,	0,	
300000,	2.222,	35220,	40118,	44533,	30129,	53.0,	6.11,	6.49,	634,	12,	181,	90,	91,	0,	0,	0,	0,	0,	0,	0,	0,	0,	
350000,	2.563,	48315,	52049,	58245,	41390,	53.17,	6.36,	6.94,	725,	12,	207,	103,	104,	0,	0,	0,	0,	0,	0,	0,	0,	0,	
400000,	2.934,	46739,	53502,	59319,	40440,	52.61,	5.17,	5.88,	809,	13,	231,	115,	116,	0,	0,	0,	0,	0,	0,	0,	0,	0,	
450000,	3.298,	60154,	65327,	73224,	51294,	53.64,	7.33,	6.99,	921,	14,	263,	131,	132,	0,	0,	0,	0,	0,	0,	0,	0,	0,	
500000,	3.659,	58679,	66680,	74075,	50566,	53.39,	6.84,	6.3,	1012,	14,	289,	144,	145,	0,	0,	0,	0,	0,	0,	0,	0,	0,	
550000,	4.011,	71664,	78882,	88222,	61231,	53.02,	6.07,	6.37,	1103,	14,	315,	157,	158,	0,	0,	0,	0,	0,	0,	0,	0,	0,	
600000,	4.368,	69893,	80505,	89199,	60403,	52.68,	5.38,	5.25,	1194,	14,	341,	170,	171,	0,	0,	0,	0,	0,	0,	0,	0,	0,	
650000,	4.719,	84056,	91578,	102553,	71812,	53.45,	6.92,	6.64,	1306,	15,	373,	186,	187,	0,	0,	0,	0,	0,	0,	0,	0,	0,	
700000,	5.053,	81987,	93479,	103889,	70645,	53.57,	7.16,	7.84,	1404,	15,	401,	200,	201,	0,	0,	0,	0,	0,	0,	0,	0,	0,	
750000,	5.398,	96050,	104724,	117032,	82193,	52.95,	5.95,	6.09,	1537,	15,	439,	219,	220,	0,	0,	0,	0,	0,	0,	0,	0,	0,	
800000,	5.738,	93558,	106996,	118824,	80622,	53.01,	6.07,	5.97,	1635,	15,	467,	233,	234,	0,	0,	0,	0,	0,	0,	0,	0,	0,	
850000,	6.07,	107657,	118203,	132175,	91964,	53.5,	7.05,	6.66,	1705,	16,	487,	243,	244,	0,	0,	0,	0,	0,	0,	0,	0,	0,	
900000,	6.429,	105614,	120080,	133421,	90885,	53.31,	6.67,	6.41,	1866,	16,	533,	266,	267,	0,	0,	0,	0,	0,	0,	0,	0,	0,	
950000,	6.78,	119402,	131443,	147043,	102111,	53.23,	6.45,	6.74,	1936,	16,	553,	276,	277,	0,	0,	0,	0,	0,	0,	0,	0,	0,	
1000000,	7.124,	117525,	133212,	147826,	101437,	52.63,	5.28,	5.2,	1992,	16,	569,	284,	285,	0,	0,	0,	0,	0,	0,	0,	0,	0,	

1000000,	7.124,	236927,	264655,	294869,	203548,	53.18,	6.39,	6.45,	1992,	16,	569,	284,	285,	0,	0,	0,	0,	0,	0,	0,	0,	0,	





HT-RandomRBF
Speed Change:,	0.01,	Centroids:,	100,	DriftCentroid:	100
GracePeriod:,	3200,	TieThreshold:,	0.05,	BinarySplit:,	false
Count,	Time,	TP,	FN,	TN,	FP,	Accu,	Kappa,	Kpa_t,	Mem,	Depth,	TSize,	DcNod,	ActLf,	InacLf,	Reset,	Alter,	Switch,	Prune,	ClOp0,	ClOp1,	ClOp2,	ClOp3
50000,	0.359,	12578,	12466,	14385,	10570,	53.93,	7.86,	7.39,	81,	7,	23,	11,	12,	0,	0,	0,	0,	0,	0,	0,	0,	0,	
100000,	0.736,	11962,	13045,	14699,	10294,	53.32,	6.65,	6.21,	158,	9,	45,	22,	23,	0,	0,	0,	0,	0,	0,	0,	0,	0,	
150000,	1.072,	24759,	25301,	28775,	21164,	53.14,	6.29,	7.1,	256,	11,	73,	36,	37,	0,	0,	0,	0,	0,	0,	0,	0,	0,	
200000,	1.447,	24121,	25967,	29104,	20808,	53.13,	6.28,	6.55,	340,	12,	97,	48,	49,	0,	0,	0,	0,	0,	0,	0,	0,	0,	
250000,	1.77,	37574,	37759,	42304,	32362,	52.69,	5.42,	5.46,	410,	13,	117,	58,	59,	0,	0,	0,	0,	0,	0,	0,	0,	0,	
300000,	2.115,	37433,	37905,	42309,	32353,	53.03,	6.07,	6.56,	494,	14,	141,	70,	71,	0,	0,	0,	0,	0,	0,	0,	0,	0,	
350000,	2.444,	50811,	49553,	55647,	43988,	53.16,	6.32,	6.92,	564,	15,	161,	80,	81,	0,	0,	0,	0,	0,	0,	0,	0,	0,	
400000,	2.778,	49609,	50632,	56668,	43091,	53.07,	6.11,	6.79,	655,	15,	187,	93,	94,	0,	0,	0,	0,	0,	0,	0,	0,	0,	
450000,	3.117,	63265,	62216,	69770,	54748,	53.15,	6.34,	6.03,	718,	16,	205,	102,	103,	0,	0,	0,	0,	0,	0,	0,	0,	0,	
500000,	3.463,	61482,	63877,	71439,	53202,	53.29,	6.63,	6.09,	802,	16,	229,	114,	115,	0,	0,	0,	0,	0,	0,	0,	0,	0,	
550000,	3.805,	75226,	75320,	84425,	65028,	53.23,	6.49,	6.8,	907,	17,	259,	129,	130,	0,	0,	0,	0,	0,	0,	0,	0,	0,	
600000,	4.139,	73261,	77137,	86328,	63274,	53.34,	6.69,	6.57,	991,	17,	283,	141,	142,	0,	0,	0,	0,	0,	0,	0,	0,	0,	
650000,	4.469,	87451,	88183,	98889,	75476,	53.38,	6.79,	6.5,	1068,	17,	305,	152,	153,	0,	0,	0,	0,	0,	0,	0,	0,	0,	
700000,	4.808,	85228,	90238,	100936,	73598,	53.15,	6.33,	7.01,	1131,	18,	323,	161,	162,	0,	0,	0,	0,	0,	0,	0,	0,	0,	
750000,	5.154,	99110,	101664,	113607,	85618,	52.75,	5.58,	5.71,	1243,	18,	355,	177,	178,	0,	0,	0,	0,	0,	0,	0,	0,	0,	
800000,	5.503,	97423,	103131,	115232,	84214,	52.98,	5.99,	5.91,	1320,	18,	377,	188,	189,	0,	0,	0,	0,	0,	0,	0,	0,	0,	
850000,	5.868,	111574,	114286,	127805,	96334,	53.32,	6.67,	6.3,	1383,	18,	395,	197,	198,	0,	0,	0,	0,	0,	0,	0,	0,	0,	
900000,	6.221,	109785,	115909,	129401,	94905,	53.06,	6.16,	5.92,	1460,	19,	417,	208,	209,	0,	0,	0,	0,	0,	0,	0,	0,	0,	
950000,	6.583,	123786,	127059,	142121,	107033,	53.06,	6.11,	6.4,	1558,	19,	445,	222,	223,	0,	0,	0,	0,	0,	0,	0,	0,	0,	
1000000,	6.93,	121877,	128860,	144000,	105263,	53.38,	6.78,	6.7,	1649,	19,	471,	235,	236,	0,	0,	0,	0,	0,	0,	0,	0,	0,	

1000000,	6.93,	245663,	255919,	286121,	212296,	53.18,	6.38,	6.45,	1649,	19,	471,	235,	236,	0,	0,	0,	0,	0,	0,	0,	0,	0,	





HT-RandomRBF
Speed Change:,	0.01,	Centroids:,	100,	DriftCentroid:	100
GracePeriod:,	200,	TieThreshold:,	0.001,	BinarySplit:,	false
Count,	Time,	TP,	FN,	TN,	FP,	Accu,	Kappa,	Kpa_t,	Mem,	Depth,	TSize,	DcNod,	ActLf,	InacLf,	Reset,	Alter,	Switch,	Prune,	ClOp0,	ClOp1,	ClOp2,	ClOp3
50000,	0.39,	9024,	16020,	17450,	7505,	52.95,	5.95,	5.42,	4,	0,	1,	0,	1,	0,	0,	0,	0,	0,	0,	0,	0,	0,	
100000,	0.768,	8996,	16011,	17626,	7367,	53.24,	6.5,	6.05,	4,	0,	1,	0,	1,	0,	0,	0,	0,	0,	0,	0,	0,	0,	
150000,	1.15,	18042,	32018,	35116,	14823,	53.37,	6.76,	7.55,	4,	0,	1,	0,	1,	0,	0,	0,	0,	0,	0,	0,	0,	0,	
200000,	1.532,	18007,	32081,	35227,	14685,	53.22,	6.55,	6.74,	4,	0,	1,	0,	1,	0,	0,	0,	0,	0,	0,	0,	0,	0,	
250000,	1.916,	27417,	47916,	52216,	22450,	52.95,	6.23,	5.98,	4,	0,	1,	0,	1,	0,	0,	0,	0,	0,	0,	0,	0,	0,	
300000,	2.297,	27248,	48090,	52467,	22195,	52.96,	6.23,	6.42,	4,	0,	1,	0,	1,	0,	0,	0,	0,	0,	0,	0,	0,	0,	
350000,	2.68,	36671,	63693,	69469,	30166,	53.01,	6.07,	6.63,	4,	0,	1,	0,	1,	0,	0,	0,	0,	0,	0,	0,	0,	0,	
400000,	3.054,	36478,	63763,	69958,	29801,	53.44,	6.77,	7.53,	4,	0,	1,	0,	1,	0,	0,	0,	0,	0,	0,	0,	0,	0,	
450000,	3.434,	45787,	79694,	87052,	37466,	53.4,	6.95,	6.52,	4,	0,	1,	0,	1,	0,	0,	0,	0,	0,	0,	0,	0,	0,	
500000,	3.82,	45725,	79634,	87541,	37100,	53.66,	7.47,	6.84,	4,	0,	1,	0,	1,	0,	0,	0,	0,	0,	0,	0,	0,	0,	
550000,	4.2,	55018,	95528,	104548,	44905,	53.45,	6.99,	7.24,	4,	0,	1,	0,	1,	0,	0,	0,	0,	0,	0,	0,	0,	0,	
600000,	4.578,	55051,	95347,	105064,	44538,	53.7,	7.44,	7.29,	4,	0,	1,	0,	1,	0,	0,	0,	0,	0,	0,	0,	0,	0,	
650000,	4.954,	64092,	111542,	121910,	52455,	52.87,	5.86,	5.49,	4,	0,	1,	0,	1,	0,	0,	0,	0,	0,	0,	0,	0,	0,	
700000,	5.322,	64299,	111167,	122444,	52090,	53.26,	6.6,	7.22,	4,	0,	1,	0,	1,	0,	0,	0,	0,	0,	0,	0,	0,	0,	
750000,	5.695,	73226,	127548,	139279,	59946,	53.01,	6.19,	6.21,	4,	0,	1,	0,	1,	0,	0,	0,	0,	0,	0,	0,	0,	0,	
800000,	6.078,	73412,	127142,	139871,	59575,	53.08,	6.27,	6.1,	4,	0,	1,	0,	1,	0,	0,	0,	0,	0,	0,	0,	0,	0,	
850000,	6.44,	82291,	143569,	156746,	67393,	53.06,	6.24,	5.78,	4,	0,	1,	0,	1,	0,	0,	0,	0,	0,	0,	0,	0,	0,	
900000,	6.815,	82562,	143132,	157272,	67034,	53.1,	6.38,	6.0,	4,	0,	1,	0,	1,	0,	0,	0,	0,	0,	0,	0,	0,	0,	
950000,	7.196,	91300,	159545,	174217,	74937,	52.96,	5.9,	6.21,	4,	0,	1,	0,	1,	0,	0,	0,	0,	0,	0,	0,	0,	0,	
1000000,	7.57,	91775,	158962,	174746,	74517,	53.37,	6.8,	6.68,	4,	0,	1,	0,	1,	0,	0,	0,	0,	0,	0,	0,	0,	0,	

1000000,	7.57,	183075,	318507,	348963,	149454,	53.2,	6.51,	6.5,	4,	0,	1,	0,	1,	0,	0,	0,	0,	0,	0,	0,	0,	0,	





HT-RandomRBF
Speed Change:,	0.01,	Centroids:,	100,	DriftCentroid:	100
GracePeriod:,	200,	TieThreshold:,	0.005,	BinarySplit:,	false
Count,	Time,	TP,	FN,	TN,	FP,	Accu,	Kappa,	Kpa_t,	Mem,	Depth,	TSize,	DcNod,	ActLf,	InacLf,	Reset,	Alter,	Switch,	Prune,	ClOp0,	ClOp1,	ClOp2,	ClOp3
50000,	0.391,	9024,	16020,	17450,	7505,	52.95,	5.95,	5.42,	4,	0,	1,	0,	1,	0,	0,	0,	0,	0,	0,	0,	0,	0,	
100000,	0.772,	8996,	16011,	17626,	7367,	53.24,	6.5,	6.05,	4,	0,	1,	0,	1,	0,	0,	0,	0,	0,	0,	0,	0,	0,	
150000,	1.145,	18042,	32018,	35116,	14823,	53.37,	6.76,	7.55,	4,	0,	1,	0,	1,	0,	0,	0,	0,	0,	0,	0,	0,	0,	
200000,	1.527,	18007,	32081,	35227,	14685,	53.22,	6.55,	6.74,	4,	0,	1,	0,	1,	0,	0,	0,	0,	0,	0,	0,	0,	0,	
250000,	1.91,	27417,	47916,	52216,	22450,	52.95,	6.23,	5.98,	4,	0,	1,	0,	1,	0,	0,	0,	0,	0,	0,	0,	0,	0,	
300000,	2.277,	27248,	48090,	52467,	22195,	52.96,	6.23,	6.42,	4,	0,	1,	0,	1,	0,	0,	0,	0,	0,	0,	0,	0,	0,	
350000,	2.642,	37051,	63310,	69014,	30620,	52.87,	5.77,	6.34,	18,	2,	5,	2,	3,	0,	0,	0,	0,	0,	0,	0,	0,	0,	
400000,	3.003,	36868,	63373,	69583,	30176,	53.47,	6.84,	7.59,	18,	2,	5,	2,	3,	0,	0,	0,	0,	0,	0,	0,	0,	0,	
450000,	3.363,	46738,	78740,	86137,	38380,	53.62,	7.37,	6.96,	18,	2,	5,	2,	3,	0,	0,	0,	0,	0,	0,	0,	0,	0,	
500000,	3.72,	46844,	78515,	86502,	38139,	53.79,	7.7,	7.1,	18,	2,	5,	2,	3,	0,	0,	0,	0,	0,	0,	0,	0,	0,	
550000,	4.079,	56680,	93863,	102915,	46537,	53.44,	6.95,	7.21,	18,	2,	5,	2,	3,	0,	0,	0,	0,	0,	0,	0,	0,	0,	
600000,	4.448,	56863,	93535,	103284,	46318,	53.6,	7.24,	7.1,	18,	2,	5,	2,	3,	0,	0,	0,	0,	0,	0,	0,	0,	0,	
650000,	4.808,	66540,	109091,	119601,	54763,	53.09,	6.28,	5.93,	18,	2,	5,	2,	3,	0,	0,	0,	0,	0,	0,	0,	0,	0,	
700000,	5.179,	67826,	107640,	119149,	55385,	53.66,	7.36,	8.02,	32,	4,	9,	4,	5,	0,	0,	0,	0,	0,	0,	0,	0,	0,	
750000,	5.543,	76861,	123910,	135904,	63320,	53.25,	6.62,	6.7,	32,	4,	9,	4,	5,	0,	0,	0,	0,	0,	0,	0,	0,	0,	
800000,	5.901,	77921,	122633,	135741,	63705,	53.37,	6.83,	6.69,	32,	4,	9,	4,	5,	0,	0,	0,	0,	0,	0,	0,	0,	0,	
850000,	6.259,	86972,	138885,	152563,	71575,	53.54,	7.16,	6.74,	32,	4,	9,	4,	5,	0,	0,	0,	0,	0,	0,	0,	0,	0,	
900000,	6.613,	87862,	137832,	152395,	71911,	53.19,	6.52,	6.18,	32,	4,	9,	4,	5,	0,	0,	0,	0,	0,	0,	0,	0,	0,	
950000,	6.981,	96554,	154288,	169281,	79872,	52.6,	5.18,	5.49,	32,	4,	9,	4,	5,	0,	0,	0,	0,	0,	0,	0,	0,	0,	
1000000,	7.329,	97726,	153011,	169210,	80053,	53.36,	6.76,	6.65,	32,	4,	9,	4,	5,	0,	0,	0,	0,	0,	0,	0,	0,	0,	

1000000,	7.329,	194280,	307299,	338491,	159925,	53.28,	6.64,	6.64,	32,	4,	9,	4,	5,	0,	0,	0,	0,	0,	0,	0,	0,	0,	





HT-RandomRBF
Speed Change:,	0.01,	Centroids:,	100,	DriftCentroid:	100
GracePeriod:,	200,	TieThreshold:,	0.01,	BinarySplit:,	false
Count,	Time,	TP,	FN,	TN,	FP,	Accu,	Kappa,	Kpa_t,	Mem,	Depth,	TSize,	DcNod,	ActLf,	InacLf,	Reset,	Alter,	Switch,	Prune,	ClOp0,	ClOp1,	ClOp2,	ClOp3
50000,	0.374,	9024,	16020,	17450,	7505,	52.95,	5.95,	5.42,	4,	0,	1,	0,	1,	0,	0,	0,	0,	0,	0,	0,	0,	0,	
100000,	0.75,	9808,	15199,	16797,	8196,	53.21,	6.43,	5.98,	18,	2,	5,	2,	3,	0,	0,	0,	0,	0,	0,	0,	0,	0,	
150000,	1.115,	18479,	31581,	34516,	15423,	53.04,	6.1,	6.9,	18,	2,	5,	2,	3,	0,	0,	0,	0,	0,	0,	0,	0,	0,	
200000,	1.494,	19229,	30859,	33979,	15933,	53.21,	6.51,	6.71,	25,	3,	7,	3,	4,	0,	0,	0,	0,	0,	0,	0,	0,	0,	
250000,	1.867,	28308,	47025,	50860,	23806,	52.35,	4.97,	4.77,	32,	4,	9,	4,	5,	0,	0,	0,	0,	0,	0,	0,	0,	0,	
300000,	2.246,	28610,	46728,	50954,	23708,	52.71,	5.72,	5.92,	32,	4,	9,	4,	5,	0,	0,	0,	0,	0,	0,	0,	0,	0,	
350000,	2.603,	37420,	62944,	68040,	31595,	52.58,	5.21,	5.77,	39,	5,	11,	5,	6,	0,	0,	0,	0,	0,	0,	0,	0,	0,	
400000,	2.974,	37666,	62575,	68446,	31313,	53.1,	6.07,	6.84,	46,	6,	13,	6,	7,	0,	0,	0,	0,	0,	0,	0,	0,	0,	
450000,	3.34,	46274,	79207,	85893,	38625,	53.41,	6.99,	6.55,	46,	6,	13,	6,	7,	0,	0,	0,	0,	0,	0,	0,	0,	0,	
500000,	3.722,	47218,	78141,	85597,	39044,	53.41,	6.95,	6.32,	60,	8,	17,	8,	9,	0,	0,	0,	0,	0,	0,	0,	0,	0,	
550000,	4.077,	55448,	95098,	103144,	46309,	52.85,	5.78,	6.04,	60,	8,	17,	8,	9,	0,	0,	0,	0,	0,	0,	0,	0,	0,	
600000,	4.444,	56678,	93720,	102786,	46816,	53.3,	6.64,	6.49,	60,	8,	17,	8,	9,	0,	0,	0,	0,	0,	0,	0,	0,	0,	
650000,	4.815,	64566,	111068,	120471,	53894,	52.89,	5.89,	5.52,	60,	8,	17,	8,	9,	0,	0,	0,	0,	0,	0,	0,	0,	0,	
700000,	5.199,	65704,	109762,	120300,	54233,	53.08,	6.25,	6.88,	74,	8,	21,	10,	11,	0,	0,	0,	0,	0,	0,	0,	0,	0,	
750000,	5.571,	74214,	126560,	137321,	61904,	53.0,	6.15,	6.19,	88,	10,	25,	12,	13,	0,	0,	0,	0,	0,	0,	0,	0,	0,	
800000,	5.934,	75611,	124943,	136872,	62573,	52.96,	6.01,	5.86,	88,	10,	25,	12,	13,	0,	0,	0,	0,	0,	0,	0,	0,	0,	
850000,	6.3,	83120,	142740,	154807,	69332,	52.78,	5.68,	5.22,	88,	10,	25,	12,	13,	0,	0,	0,	0,	0,	0,	0,	0,	0,	
900000,	6.658,	84426,	141268,	154425,	69880,	52.74,	5.66,	5.27,	95,	10,	27,	13,	14,	0,	0,	0,	0,	0,	0,	0,	0,	0,	
950000,	7.006,	91967,	158878,	172389,	76765,	52.86,	5.7,	6.01,	102,	10,	29,	14,	15,	0,	0,	0,	0,	0,	0,	0,	0,	0,	
1000000,	7.377,	93262,	157475,	172213,	77048,	53.25,	6.55,	6.43,	123,	10,	35,	17,	18,	0,	0,	0,	0,	0,	0,	0,	0,	0,	

1000000,	7.377,	185229,	316353,	344602,	153813,	52.98,	6.06,	6.06,	123,	10,	35,	17,	18,	0,	0,	0,	0,	0,	0,	0,	0,	0,	





HT-RandomRBF
Speed Change:,	0.01,	Centroids:,	100,	DriftCentroid:	100
GracePeriod:,	200,	TieThreshold:,	0.05,	BinarySplit:,	false
Count,	Time,	TP,	FN,	TN,	FP,	Accu,	Kappa,	Kpa_t,	Mem,	Depth,	TSize,	DcNod,	ActLf,	InacLf,	Reset,	Alter,	Switch,	Prune,	ClOp0,	ClOp1,	ClOp2,	ClOp3
50000,	0.403,	12223,	12821,	14866,	10088,	54.18,	8.37,	7.9,	130,	9,	37,	18,	19,	0,	0,	0,	0,	0,	0,	0,	0,	0,	
100000,	0.784,	11768,	13239,	15043,	9950,	53.62,	7.25,	6.81,	256,	11,	73,	36,	37,	0,	0,	0,	0,	0,	0,	0,	0,	0,	
150000,	1.168,	23936,	26124,	29750,	20187,	53.19,	6.4,	7.2,	368,	13,	105,	52,	53,	0,	0,	0,	0,	0,	0,	0,	0,	0,	
200000,	1.553,	23744,	26344,	29532,	20380,	52.93,	5.89,	6.16,	508,	14,	145,	72,	73,	0,	0,	0,	0,	0,	0,	0,	0,	0,	
250000,	1.92,	36862,	38471,	43271,	31392,	52.89,	5.82,	5.87,	620,	15,	177,	88,	89,	0,	0,	0,	0,	0,	0,	0,	0,	0,	
300000,	2.305,	36640,	38698,	43203,	31459,	53.13,	6.31,	6.76,	760,	15,	217,	108,	109,	0,	0,	0,	0,	0,	0,	0,	0,	0,	
350000,	2.679,	49086,	51278,	57506,	42126,	52.92,	5.85,	6.43,	837,	15,	239,	119,	120,	0,	0,	0,	0,	0,	0,	0,	0,	0,	
400000,	3.065,	48863,	51378,	57611,	42148,	53.26,	6.49,	7.17,	963,	16,	275,	137,	138,	0,	0,	0,	0,	0,	0,	0,	0,	0,	
450000,	3.453,	61142,	64339,	72113,	52401,	53.33,	6.7,	6.37,	1110,	16,	317,	158,	159,	0,	0,	0,	0,	0,	0,	0,	0,	0,	
500000,	3.864,	60888,	64471,	72311,	52330,	53.45,	6.95,	6.41,	1278,	17,	365,	182,	183,	0,	0,	0,	0,	0,	0,	0,	0,	0,	
550000,	4.252,	73570,	76976,	86076,	63373,	52.78,	5.58,	5.9,	1418,	17,	405,	202,	203,	0,	0,	0,	0,	0,	0,	0,	0,	0,	
600000,	4.656,	73352,	77046,	86467,	63135,	53.24,	6.49,	6.38,	1558,	17,	445,	222,	223,	0,	0,	0,	0,	0,	0,	0,	0,	0,	
650000,	5.049,	85608,	90026,	100597,	73764,	53.12,	6.27,	5.98,	1663,	17,	475,	237,	238,	0,	0,	0,	0,	0,	0,	0,	0,	0,	
700000,	5.449,	85558,	89908,	100768,	73766,	53.01,	6.05,	6.74,	1761,	18,	503,	251,	252,	0,	0,	0,	0,	0,	0,	0,	0,	0,	
750000,	5.863,	97653,	103120,	115166,	84054,	53.23,	6.52,	6.66,	1922,	18,	549,	274,	275,	0,	0,	0,	0,	0,	0,	0,	0,	0,	
800000,	6.271,	97702,	102850,	115054,	84392,	52.86,	5.76,	5.67,	2027,	18,	579,	289,	290,	0,	0,	0,	0,	0,	0,	0,	0,	0,	
850000,	6.687,	110042,	115814,	129239,	94893,	52.93,	5.88,	5.51,	2167,	18,	619,	309,	310,	0,	0,	0,	0,	0,	0,	0,	0,	0,	
900000,	7.086,	109668,	116024,	129503,	94803,	52.83,	5.72,	5.46,	2321,	18,	663,	331,	332,	0,	0,	0,	0,	0,	0,	0,	0,	0,	
950000,	7.498,	121831,	129010,	143896,	105251,	52.89,	5.78,	6.08,	2426,	18,	693,	346,	347,	0,	0,	0,	0,	0,	0,	0,	0,	0,	
1000000,	7.872,	121960,	128775,	143850,	105413,	53.28,	6.57,	6.49,	2538,	19,	725,	362,	363,	0,	0,	0,	0,	0,	0,	0,	0,	0,	

1000000,	7.872,	243791,	257785,	287746,	210664,	53.15,	6.34,	6.4,	2538,	19,	725,	362,	363,	0,	0,	0,	0,	0,	0,	0,	0,	0,	





HT-RandomRBF
Speed Change:,	0.01,	Centroids:,	100,	DriftCentroid:	100
GracePeriod:,	200,	TieThreshold:,	0.1,	BinarySplit:,	false
Count,	Time,	TP,	FN,	TN,	FP,	Accu,	Kappa,	Kpa_t,	Mem,	Depth,	TSize,	DcNod,	ActLf,	InacLf,	Reset,	Alter,	Switch,	Prune,	ClOp0,	ClOp1,	ClOp2,	ClOp3
50000,	0.458,	13210,	11821,	13996,	10952,	54.44,	8.88,	8.42,	459,	10,	131,	65,	66,	0,	0,	0,	0,	0,	0,	0,	0,	0,	
100000,	0.922,	13064,	11931,	13890,	11091,	53.93,	7.86,	7.43,	949,	14,	271,	135,	136,	0,	0,	0,	0,	0,	0,	0,	0,	0,	
150000,	1.377,	26602,	23426,	27415,	22505,	53.66,	7.32,	8.12,	1425,	15,	407,	203,	204,	0,	0,	0,	0,	0,	0,	0,	0,	0,	
200000,	1.861,	25958,	24091,	27592,	22298,	53.25,	6.5,	6.79,	1971,	16,	563,	281,	282,	0,	0,	0,	0,	0,	0,	0,	0,	0,	
250000,	2.332,	39396,	35878,	40978,	33653,	52.77,	5.58,	5.62,	2419,	17,	691,	345,	346,	0,	0,	0,	0,	0,	0,	0,	0,	0,	
300000,	2.811,	38971,	36312,	41084,	33543,	53.04,	6.11,	6.58,	2902,	18,	829,	414,	415,	0,	0,	0,	0,	0,	0,	0,	0,	0,	
350000,	3.289,	52479,	47807,	54179,	45411,	52.61,	5.21,	5.81,	3364,	18,	961,	480,	481,	0,	0,	0,	0,	0,	0,	0,	0,	0,	
400000,	3.727,	52064,	48107,	54503,	45216,	53.05,	6.1,	6.76,	3742,	19,	1069,	534,	535,	0,	0,	0,	0,	0,	0,	0,	0,	0,	
450000,	4.191,	64985,	60401,	68051,	56409,	52.79,	5.61,	5.3,	4274,	19,	1221,	610,	611,	0,	0,	0,	0,	0,	0,	0,	0,	0,	
500000,	4.677,	64538,	60737,	68727,	55857,	53.42,	6.88,	6.36,	4757,	19,	1359,	679,	680,	0,	0,	0,	0,	0,	0,	0,	0,	0,	
550000,	5.144,	77729,	72711,	81920,	67466,	53.25,	6.51,	6.83,	5212,	20,	1489,	744,	745,	0,	0,	0,	0,	0,	0,	0,	0,	0,	
600000,	5.608,	77330,	72976,	82485,	67059,	53.12,	6.24,	6.13,	5660,	20,	1617,	808,	809,	0,	0,	0,	0,	0,	0,	0,	0,	0,	
650000,	6.095,	90561,	84962,	95474,	78813,	52.78,	5.57,	5.31,	6157,	20,	1759,	879,	880,	0,	0,	0,	0,	0,	0,	0,	0,	0,	
700000,	6.575,	90268,	85092,	96047,	78423,	53.03,	6.06,	6.77,	6605,	21,	1887,	943,	944,	0,	0,	0,	0,	0,	0,	0,	0,	0,	
750000,	7.047,	103496,	97164,	109050,	90087,	53.03,	6.07,	6.26,	7081,	21,	2023,	1011,	1012,	0,	0,	0,	0,	0,	0,	0,	0,	0,	
800000,	7.556,	102996,	97438,	109619,	89757,	52.63,	5.27,	5.2,	7641,	21,	2183,	1091,	1092,	0,	0,	0,	0,	0,	0,	0,	0,	0,	
850000,	8.028,	116466,	109266,	122663,	101379,	53.19,	6.4,	6.04,	8089,	21,	2311,	1155,	1156,	0,	0,	0,	0,	0,	0,	0,	0,	0,	
900000,	8.519,	116062,	109494,	123106,	101116,	53.14,	6.3,	6.08,	8572,	22,	2449,	1224,	1225,	0,	0,	0,	0,	0,	0,	0,	0,	0,	
950000,	9.018,	129430,	121276,	136101,	112947,	52.83,	5.65,	5.95,	9013,	22,	2575,	1287,	1288,	0,	0,	0,	0,	0,	0,	0,	0,	0,	
1000000,	9.521,	129094,	121489,	136706,	112460,	53.3,	6.6,	6.53,	9405,	22,	2687,	1343,	1344,	0,	0,	0,	0,	0,	0,	0,	0,	0,	

1000000,	9.521,	258524,	242765,	272807,	225407,	53.16,	6.33,	6.41,	9405,	22,	2687,	1343,	1344,	0,	0,	0,	0,	0,	0,	0,	0,	0,	





HT-RandomRBF
Speed Change:,	0.01,	Centroids:,	100,	DriftCentroid:	100
GracePeriod:,	200,	TieThreshold:,	0.05,	BinarySplit:,	true
Count,	Time,	TP,	FN,	TN,	FP,	Accu,	Kappa,	Kpa_t,	Mem,	Depth,	TSize,	DcNod,	ActLf,	InacLf,	Reset,	Alter,	Switch,	Prune,	ClOp0,	ClOp1,	ClOp2,	ClOp3
50000,	0.384,	12223,	12821,	14866,	10088,	54.18,	8.37,	7.9,	130,	9,	37,	18,	19,	0,	0,	0,	0,	0,	0,	0,	0,	0,	
100000,	0.766,	11768,	13239,	15043,	9950,	53.62,	7.25,	6.81,	256,	11,	73,	36,	37,	0,	0,	0,	0,	0,	0,	0,	0,	0,	
150000,	1.151,	23936,	26124,	29750,	20187,	53.19,	6.4,	7.2,	368,	13,	105,	52,	53,	0,	0,	0,	0,	0,	0,	0,	0,	0,	
200000,	1.541,	23744,	26344,	29532,	20380,	52.93,	5.89,	6.16,	508,	14,	145,	72,	73,	0,	0,	0,	0,	0,	0,	0,	0,	0,	
250000,	1.91,	36862,	38471,	43271,	31392,	52.89,	5.82,	5.87,	620,	15,	177,	88,	89,	0,	0,	0,	0,	0,	0,	0,	0,	0,	
300000,	2.301,	36640,	38698,	43203,	31459,	53.13,	6.31,	6.76,	760,	15,	217,	108,	109,	0,	0,	0,	0,	0,	0,	0,	0,	0,	
350000,	2.681,	49086,	51278,	57506,	42126,	52.92,	5.85,	6.43,	837,	15,	239,	119,	120,	0,	0,	0,	0,	0,	0,	0,	0,	0,	
400000,	3.058,	48863,	51378,	57611,	42148,	53.26,	6.49,	7.17,	963,	16,	275,	137,	138,	0,	0,	0,	0,	0,	0,	0,	0,	0,	
450000,	3.438,	61142,	64339,	72113,	52401,	53.33,	6.7,	6.37,	1110,	16,	317,	158,	159,	0,	0,	0,	0,	0,	0,	0,	0,	0,	
500000,	3.819,	60888,	64471,	72311,	52330,	53.45,	6.95,	6.41,	1278,	17,	365,	182,	183,	0,	0,	0,	0,	0,	0,	0,	0,	0,	
550000,	4.205,	73570,	76976,	86076,	63373,	52.78,	5.58,	5.9,	1418,	17,	405,	202,	203,	0,	0,	0,	0,	0,	0,	0,	0,	0,	
600000,	4.588,	73352,	77046,	86467,	63135,	53.24,	6.49,	6.38,	1558,	17,	445,	222,	223,	0,	0,	0,	0,	0,	0,	0,	0,	0,	
650000,	4.961,	85608,	90026,	100597,	73764,	53.12,	6.27,	5.98,	1663,	17,	475,	237,	238,	0,	0,	0,	0,	0,	0,	0,	0,	0,	
700000,	5.352,	85558,	89908,	100768,	73766,	53.01,	6.05,	6.74,	1761,	18,	503,	251,	252,	0,	0,	0,	0,	0,	0,	0,	0,	0,	
750000,	5.759,	97653,	103120,	115166,	84054,	53.23,	6.52,	6.66,	1922,	18,	549,	274,	275,	0,	0,	0,	0,	0,	0,	0,	0,	0,	
800000,	6.129,	97702,	102850,	115054,	84392,	52.86,	5.76,	5.67,	2027,	18,	579,	289,	290,	0,	0,	0,	0,	0,	0,	0,	0,	0,	
850000,	6.512,	110042,	115814,	129239,	94893,	52.93,	5.88,	5.51,	2167,	18,	619,	309,	310,	0,	0,	0,	0,	0,	0,	0,	0,	0,	
900000,	6.903,	109668,	116024,	129503,	94803,	52.83,	5.72,	5.46,	2321,	18,	663,	331,	332,	0,	0,	0,	0,	0,	0,	0,	0,	0,	
950000,	7.291,	121831,	129010,	143896,	105251,	52.89,	5.78,	6.08,	2426,	18,	693,	346,	347,	0,	0,	0,	0,	0,	0,	0,	0,	0,	
1000000,	7.68,	121960,	128775,	143850,	105413,	53.28,	6.57,	6.49,	2538,	19,	725,	362,	363,	0,	0,	0,	0,	0,	0,	0,	0,	0,	

1000000,	7.68,	243791,	257785,	287746,	210664,	53.15,	6.34,	6.4,	2538,	19,	725,	362,	363,	0,	0,	0,	0,	0,	0,	0,	0,	0,	





HT-RandomRBF
Speed Change:,	0.01,	Centroids:,	100,	DriftCentroid:	100
GracePeriod:,	200,	TieThreshold:,	0.05,	BinarySplit:,	true
Count,	Time,	TP,	FN,	TN,	FP,	Accu,	Kappa,	Kpa_t,	Mem,	Depth,	TSize,	DcNod,	ActLf,	InacLf,	Reset,	Alter,	Switch,	Prune,	ClOp0,	ClOp1,	ClOp2,	ClOp3
50000,	0.398,	12223,	12821,	14866,	10088,	54.18,	8.37,	7.9,	130,	9,	37,	18,	19,	0,	0,	0,	0,	0,	0,	0,	0,	0,	
100000,	0.795,	11768,	13239,	15043,	9950,	53.62,	7.25,	6.81,	256,	11,	73,	36,	37,	0,	0,	0,	0,	0,	0,	0,	0,	0,	
150000,	1.186,	23936,	26124,	29750,	20187,	53.19,	6.4,	7.2,	368,	13,	105,	52,	53,	0,	0,	0,	0,	0,	0,	0,	0,	0,	
200000,	1.573,	23744,	26344,	29532,	20380,	52.93,	5.89,	6.16,	508,	14,	145,	72,	73,	0,	0,	0,	0,	0,	0,	0,	0,	0,	
250000,	1.953,	36862,	38471,	43271,	31392,	52.89,	5.82,	5.87,	620,	15,	177,	88,	89,	0,	0,	0,	0,	0,	0,	0,	0,	0,	
300000,	2.342,	36640,	38698,	43203,	31459,	53.13,	6.31,	6.76,	760,	15,	217,	108,	109,	0,	0,	0,	0,	0,	0,	0,	0,	0,	
350000,	2.726,	49086,	51278,	57506,	42126,	52.92,	5.85,	6.43,	837,	15,	239,	119,	120,	0,	0,	0,	0,	0,	0,	0,	0,	0,	
400000,	3.114,	48863,	51378,	57611,	42148,	53.26,	6.49,	7.17,	963,	16,	275,	137,	138,	0,	0,	0,	0,	0,	0,	0,	0,	0,	
450000,	3.497,	61142,	64339,	72113,	52401,	53.33,	6.7,	6.37,	1110,	16,	317,	158,	159,	0,	0,	0,	0,	0,	0,	0,	0,	0,	
500000,	3.888,	60888,	64471,	72311,	52330,	53.45,	6.95,	6.41,	1278,	17,	365,	182,	183,	0,	0,	0,	0,	0,	0,	0,	0,	0,	
550000,	4.281,	73570,	76976,	86076,	63373,	52.78,	5.58,	5.9,	1418,	17,	405,	202,	203,	0,	0,	0,	0,	0,	0,	0,	0,	0,	
600000,	4.66,	73352,	77046,	86467,	63135,	53.24,	6.49,	6.38,	1558,	17,	445,	222,	223,	0,	0,	0,	0,	0,	0,	0,	0,	0,	
650000,	5.033,	85608,	90026,	100597,	73764,	53.12,	6.27,	5.98,	1663,	17,	475,	237,	238,	0,	0,	0,	0,	0,	0,	0,	0,	0,	
700000,	5.417,	85558,	89908,	100768,	73766,	53.01,	6.05,	6.74,	1761,	18,	503,	251,	252,	0,	0,	0,	0,	0,	0,	0,	0,	0,	
750000,	5.828,	97653,	103120,	115166,	84054,	53.23,	6.52,	6.66,	1922,	18,	549,	274,	275,	0,	0,	0,	0,	0,	0,	0,	0,	0,	
800000,	6.212,	97702,	102850,	115054,	84392,	52.86,	5.76,	5.67,	2027,	18,	579,	289,	290,	0,	0,	0,	0,	0,	0,	0,	0,	0,	
850000,	6.605,	110042,	115814,	129239,	94893,	52.93,	5.88,	5.51,	2167,	18,	619,	309,	310,	0,	0,	0,	0,	0,	0,	0,	0,	0,	
900000,	6.98,	109668,	116024,	129503,	94803,	52.83,	5.72,	5.46,	2321,	18,	663,	331,	332,	0,	0,	0,	0,	0,	0,	0,	0,	0,	
950000,	7.371,	121831,	129010,	143896,	105251,	52.89,	5.78,	6.08,	2426,	18,	693,	346,	347,	0,	0,	0,	0,	0,	0,	0,	0,	0,	
1000000,	7.756,	121960,	128775,	143850,	105413,	53.28,	6.57,	6.49,	2538,	19,	725,	362,	363,	0,	0,	0,	0,	0,	0,	0,	0,	0,	

1000000,	7.756,	243791,	257785,	287746,	210664,	53.15,	6.34,	6.4,	2538,	19,	725,	362,	363,	0,	0,	0,	0,	0,	0,	0,	0,	0,	





HT-RandomRBF
Speed Change:,	0.01,	Centroids:,	100,	DriftCentroid:	100
GracePeriod:,	200,	TieThreshold:,	0.05,	BinarySplit:,	true
Count,	Time,	TP,	FN,	TN,	FP,	Accu,	Kappa,	Kpa_t,	Mem,	Depth,	TSize,	DcNod,	ActLf,	InacLf,	Reset,	Alter,	Switch,	Prune,	ClOp0,	ClOp1,	ClOp2,	ClOp3
50000,	0.392,	12223,	12821,	14866,	10088,	54.18,	8.37,	7.9,	130,	9,	37,	18,	19,	0,	0,	0,	0,	0,	0,	0,	0,	0,	
100000,	0.78,	11768,	13239,	15043,	9950,	53.62,	7.25,	6.81,	256,	11,	73,	36,	37,	0,	0,	0,	0,	0,	0,	0,	0,	0,	
150000,	1.167,	23936,	26124,	29750,	20187,	53.19,	6.4,	7.2,	368,	13,	105,	52,	53,	0,	0,	0,	0,	0,	0,	0,	0,	0,	
200000,	1.565,	23744,	26344,	29532,	20380,	52.93,	5.89,	6.16,	508,	14,	145,	72,	73,	0,	0,	0,	0,	0,	0,	0,	0,	0,	
250000,	1.946,	36862,	38471,	43271,	31392,	52.89,	5.82,	5.87,	620,	15,	177,	88,	89,	0,	0,	0,	0,	0,	0,	0,	0,	0,	
300000,	2.346,	36640,	38698,	43203,	31459,	53.13,	6.31,	6.76,	760,	15,	217,	108,	109,	0,	0,	0,	0,	0,	0,	0,	0,	0,	
350000,	2.728,	49086,	51278,	57506,	42126,	52.92,	5.85,	6.43,	837,	15,	239,	119,	120,	0,	0,	0,	0,	0,	0,	0,	0,	0,	
400000,	3.116,	48863,	51378,	57611,	42148,	53.26,	6.49,	7.17,	963,	16,	275,	137,	138,	0,	0,	0,	0,	0,	0,	0,	0,	0,	
450000,	3.503,	61142,	64339,	72113,	52401,	53.33,	6.7,	6.37,	1110,	16,	317,	158,	159,	0,	0,	0,	0,	0,	0,	0,	0,	0,	
500000,	3.891,	60888,	64471,	72311,	52330,	53.45,	6.95,	6.41,	1278,	17,	365,	182,	183,	0,	0,	0,	0,	0,	0,	0,	0,	0,	
550000,	4.287,	73570,	76976,	86076,	63373,	52.78,	5.58,	5.9,	1418,	17,	405,	202,	203,	0,	0,	0,	0,	0,	0,	0,	0,	0,	
600000,	4.697,	73352,	77046,	86467,	63135,	53.24,	6.49,	6.38,	1558,	17,	445,	222,	223,	0,	0,	0,	0,	0,	0,	0,	0,	0,	
650000,	5.084,	85608,	90026,	100597,	73764,	53.12,	6.27,	5.98,	1663,	17,	475,	237,	238,	0,	0,	0,	0,	0,	0,	0,	0,	0,	
700000,	5.477,	85558,	89908,	100768,	73766,	53.01,	6.05,	6.74,	1761,	18,	503,	251,	252,	0,	0,	0,	0,	0,	0,	0,	0,	0,	
750000,	5.894,	97653,	103120,	115166,	84054,	53.23,	6.52,	6.66,	1922,	18,	549,	274,	275,	0,	0,	0,	0,	0,	0,	0,	0,	0,	
800000,	6.282,	97702,	102850,	115054,	84392,	52.86,	5.76,	5.67,	2027,	18,	579,	289,	290,	0,	0,	0,	0,	0,	0,	0,	0,	0,	
850000,	6.695,	110042,	115814,	129239,	94893,	52.93,	5.88,	5.51,	2167,	18,	619,	309,	310,	0,	0,	0,	0,	0,	0,	0,	0,	0,	
900000,	7.09,	109668,	116024,	129503,	94803,	52.83,	5.72,	5.46,	2321,	18,	663,	331,	332,	0,	0,	0,	0,	0,	0,	0,	0,	0,	
950000,	7.488,	121831,	129010,	143896,	105251,	52.89,	5.78,	6.08,	2426,	18,	693,	346,	347,	0,	0,	0,	0,	0,	0,	0,	0,	0,	
1000000,	7.88,	121960,	128775,	143850,	105413,	53.28,	6.57,	6.49,	2538,	19,	725,	362,	363,	0,	0,	0,	0,	0,	0,	0,	0,	0,	

1000000,	7.88,	243791,	257785,	287746,	210664,	53.15,	6.34,	6.4,	2538,	19,	725,	362,	363,	0,	0,	0,	0,	0,	0,	0,	0,	0,	





HT-RandomRBF
Speed Change:,	0.01,	Centroids:,	100,	DriftCentroid:	100
GracePeriod:,	200,	TieThreshold:,	0.05,	BinarySplit:,	true
Count,	Time,	TP,	FN,	TN,	FP,	Accu,	Kappa,	Kpa_t,	Mem,	Depth,	TSize,	DcNod,	ActLf,	InacLf,	Reset,	Alter,	Switch,	Prune,	ClOp0,	ClOp1,	ClOp2,	ClOp3
50000,	0.405,	12223,	12821,	14866,	10088,	54.18,	8.37,	7.9,	130,	9,	37,	18,	19,	0,	0,	0,	0,	0,	0,	0,	0,	0,	
100000,	0.797,	11768,	13239,	15043,	9950,	53.62,	7.25,	6.81,	256,	11,	73,	36,	37,	0,	0,	0,	0,	0,	0,	0,	0,	0,	
150000,	1.206,	23936,	26124,	29750,	20187,	53.19,	6.4,	7.2,	368,	13,	105,	52,	53,	0,	0,	0,	0,	0,	0,	0,	0,	0,	
200000,	1.606,	23744,	26344,	29532,	20380,	52.93,	5.89,	6.16,	508,	14,	145,	72,	73,	0,	0,	0,	0,	0,	0,	0,	0,	0,	
250000,	1.989,	36862,	38471,	43271,	31392,	52.89,	5.82,	5.87,	620,	15,	177,	88,	89,	0,	0,	0,	0,	0,	0,	0,	0,	0,	
300000,	2.395,	36640,	38698,	43203,	31459,	53.13,	6.31,	6.76,	760,	15,	217,	108,	109,	0,	0,	0,	0,	0,	0,	0,	0,	0,	
350000,	2.782,	49086,	51278,	57506,	42126,	52.92,	5.85,	6.43,	837,	15,	239,	119,	120,	0,	0,	0,	0,	0,	0,	0,	0,	0,	
400000,	3.186,	48863,	51378,	57611,	42148,	53.26,	6.49,	7.17,	963,	16,	275,	137,	138,	0,	0,	0,	0,	0,	0,	0,	0,	0,	
450000,	3.58,	61142,	64339,	72113,	52401,	53.33,	6.7,	6.37,	1110,	16,	317,	158,	159,	0,	0,	0,	0,	0,	0,	0,	0,	0,	
500000,	3.98,	60888,	64471,	72311,	52330,	53.45,	6.95,	6.41,	1278,	17,	365,	182,	183,	0,	0,	0,	0,	0,	0,	0,	0,	0,	
550000,	4.369,	73570,	76976,	86076,	63373,	52.78,	5.58,	5.9,	1418,	17,	405,	202,	203,	0,	0,	0,	0,	0,	0,	0,	0,	0,	
600000,	4.747,	73352,	77046,	86467,	63135,	53.24,	6.49,	6.38,	1558,	17,	445,	222,	223,	0,	0,	0,	0,	0,	0,	0,	0,	0,	
650000,	5.127,	85608,	90026,	100597,	73764,	53.12,	6.27,	5.98,	1663,	17,	475,	237,	238,	0,	0,	0,	0,	0,	0,	0,	0,	0,	
700000,	5.513,	85558,	89908,	100768,	73766,	53.01,	6.05,	6.74,	1761,	18,	503,	251,	252,	0,	0,	0,	0,	0,	0,	0,	0,	0,	
750000,	5.911,	97653,	103120,	115166,	84054,	53.23,	6.52,	6.66,	1922,	18,	549,	274,	275,	0,	0,	0,	0,	0,	0,	0,	0,	0,	
800000,	6.289,	97702,	102850,	115054,	84392,	52.86,	5.76,	5.67,	2027,	18,	579,	289,	290,	0,	0,	0,	0,	0,	0,	0,	0,	0,	
850000,	6.689,	110042,	115814,	129239,	94893,	52.93,	5.88,	5.51,	2167,	18,	619,	309,	310,	0,	0,	0,	0,	0,	0,	0,	0,	0,	
900000,	7.079,	109668,	116024,	129503,	94803,	52.83,	5.72,	5.46,	2321,	18,	663,	331,	332,	0,	0,	0,	0,	0,	0,	0,	0,	0,	
950000,	7.453,	121831,	129010,	143896,	105251,	52.89,	5.78,	6.08,	2426,	18,	693,	346,	347,	0,	0,	0,	0,	0,	0,	0,	0,	0,	
1000000,	7.832,	121960,	128775,	143850,	105413,	53.28,	6.57,	6.49,	2538,	19,	725,	362,	363,	0,	0,	0,	0,	0,	0,	0,	0,	0,	

1000000,	7.832,	243791,	257785,	287746,	210664,	53.15,	6.34,	6.4,	2538,	19,	725,	362,	363,	0,	0,	0,	0,	0,	0,	0,	0,	0,	





HT-RandomRBF
Speed Change:,	0.01,	Centroids:,	100,	DriftCentroid:	100
GracePeriod:,	200,	TieThreshold:,	0.05,	BinarySplit:,	true
Count,	Time,	TP,	FN,	TN,	FP,	Accu,	Kappa,	Kpa_t,	Mem,	Depth,	TSize,	DcNod,	ActLf,	InacLf,	Reset,	Alter,	Switch,	Prune,	ClOp0,	ClOp1,	ClOp2,	ClOp3
50000,	0.413,	12223,	12821,	14866,	10088,	54.18,	8.37,	7.9,	130,	9,	37,	18,	19,	0,	0,	0,	0,	0,	0,	0,	0,	0,	
100000,	0.822,	11768,	13239,	15043,	9950,	53.62,	7.25,	6.81,	256,	11,	73,	36,	37,	0,	0,	0,	0,	0,	0,	0,	0,	0,	
150000,	1.222,	23936,	26124,	29750,	20187,	53.19,	6.4,	7.2,	368,	13,	105,	52,	53,	0,	0,	0,	0,	0,	0,	0,	0,	0,	
200000,	1.631,	23744,	26344,	29532,	20380,	52.93,	5.89,	6.16,	508,	14,	145,	72,	73,	0,	0,	0,	0,	0,	0,	0,	0,	0,	
250000,	2.025,	36862,	38471,	43271,	31392,	52.89,	5.82,	5.87,	620,	15,	177,	88,	89,	0,	0,	0,	0,	0,	0,	0,	0,	0,	
300000,	2.43,	36640,	38698,	43203,	31459,	53.13,	6.31,	6.76,	760,	15,	217,	108,	109,	0,	0,	0,	0,	0,	0,	0,	0,	0,	
350000,	2.801,	49086,	51278,	57506,	42126,	52.92,	5.85,	6.43,	837,	15,	239,	119,	120,	0,	0,	0,	0,	0,	0,	0,	0,	0,	
400000,	3.187,	48863,	51378,	57611,	42148,	53.26,	6.49,	7.17,	963,	16,	275,	137,	138,	0,	0,	0,	0,	0,	0,	0,	0,	0,	
450000,	3.581,	61142,	64339,	72113,	52401,	53.33,	6.7,	6.37,	1110,	16,	317,	158,	159,	0,	0,	0,	0,	0,	0,	0,	0,	0,	
500000,	3.993,	60888,	64471,	72311,	52330,	53.45,	6.95,	6.41,	1278,	17,	365,	182,	183,	0,	0,	0,	0,	0,	0,	0,	0,	0,	
550000,	4.39,	73570,	76976,	86076,	63373,	52.78,	5.58,	5.9,	1418,	17,	405,	202,	203,	0,	0,	0,	0,	0,	0,	0,	0,	0,	
600000,	4.769,	73352,	77046,	86467,	63135,	53.24,	6.49,	6.38,	1558,	17,	445,	222,	223,	0,	0,	0,	0,	0,	0,	0,	0,	0,	
650000,	5.149,	85608,	90026,	100597,	73764,	53.12,	6.27,	5.98,	1663,	17,	475,	237,	238,	0,	0,	0,	0,	0,	0,	0,	0,	0,	
700000,	5.53,	85558,	89908,	100768,	73766,	53.01,	6.05,	6.74,	1761,	18,	503,	251,	252,	0,	0,	0,	0,	0,	0,	0,	0,	0,	
750000,	5.92,	97653,	103120,	115166,	84054,	53.23,	6.52,	6.66,	1922,	18,	549,	274,	275,	0,	0,	0,	0,	0,	0,	0,	0,	0,	
800000,	6.305,	97702,	102850,	115054,	84392,	52.86,	5.76,	5.67,	2027,	18,	579,	289,	290,	0,	0,	0,	0,	0,	0,	0,	0,	0,	
850000,	6.687,	110042,	115814,	129239,	94893,	52.93,	5.88,	5.51,	2167,	18,	619,	309,	310,	0,	0,	0,	0,	0,	0,	0,	0,	0,	
900000,	7.065,	109668,	116024,	129503,	94803,	52.83,	5.72,	5.46,	2321,	18,	663,	331,	332,	0,	0,	0,	0,	0,	0,	0,	0,	0,	
950000,	7.443,	121831,	129010,	143896,	105251,	52.89,	5.78,	6.08,	2426,	18,	693,	346,	347,	0,	0,	0,	0,	0,	0,	0,	0,	0,	
1000000,	7.829,	121960,	128775,	143850,	105413,	53.28,	6.57,	6.49,	2538,	19,	725,	362,	363,	0,	0,	0,	0,	0,	0,	0,	0,	0,	

1000000,	7.829,	243791,	257785,	287746,	210664,	53.15,	6.34,	6.4,	2538,	19,	725,	362,	363,	0,	0,	0,	0,	0,	0,	0,	0,	0,	





