OzaBagHT-ProcessRBF
Speed Change:,	0.0,	Centroids:,	100,	DriftCentroid:	100
GracePeriod:,	200,	TieThreshold:,	0.05,	BinarySplit:,	false,	BaseClassifier:,	HT,	
EnsembleSize:,	1
Count,	Time,	TP,	FN,	TN,	FP,	Accu,	Kappa,	Kpa_t,	Mem,	Depth,	TSize,	DcNod,	ActLf,	InacLf,	Reset,	Alter,	Switch,	Prune,	ClOp0,	ClOp1,	ClOp2,	ClOp3
50000,	7.046,	17125,	6680,	21184,	4905,	76.73,	53.22,	53.21,	
100000,	12.748,	18977,	4683,	22512,	3721,	83.09,	66.02,	66.33,	
150000,	17.716,	36957,	10608,	43865,	8366,	85.13,	70.16,	70.6,	
200000,	22.969,	39780,	7718,	45025,	7264,	86.74,	73.45,	73.45,	
250000,	27.569,	57821,	13599,	66643,	11529,	87.59,	75.15,	74.92,	
300000,	31.048,	60946,	10610,	67739,	10375,	87.9,	75.78,	75.61,	
350000,	34.128,	78741,	16380,	89649,	14509,	88.41,	76.78,	76.63,	
400000,	36.516,	81543,	13342,	90904,	13340,	88.5,	76.95,	76.82,	
450000,	38.181,	99928,	19057,	112862,	17382,	88.86,	77.68,	77.67,	
500000,	39.404,	102186,	15847,	113889,	16257,	89.04,	78.06,	78.08,	
550000,	40.966,	120836,	21592,	135893,	20266,	89.08,	78.15,	78.1,	
600000,	47.887,	122708,	18365,	137067,	19050,	89.28,	78.53,	78.46,	
650000,	53.694,	140139,	23974,	159000,	23140,	89.39,	78.77,	78.76,	
700000,	58.525,	142110,	20738,	160175,	22008,	89.25,	78.48,	78.53,	
750000,	63.443,	160162,	26201,	181937,	26251,	89.24,	78.47,	78.55,	
800000,	67.452,	162075,	22957,	183143,	24995,	89.49,	78.98,	79.0,	
850000,	70.925,	179857,	28419,	204949,	29262,	89.47,	78.92,	78.77,	
900000,	74.06,	181418,	25079,	206128,	27905,	89.87,	79.74,	79.71,	
950000,	76.362,	198631,	30559,	227956,	32141,	89.92,	79.84,	79.93,	
1000000,	78.065,	200293,	27321,	229371,	30678,	89.9,	79.79,	79.69,	

1000000,	78.065,	398924,	57880,	457327,	62819,	87.84,	75.66,	75.64,	
Pool,	TP,	FN,	TN,	FP
1,	8656,	3335,	3874,	2208,	
2,	36825,	9445,	23716,	2584,	
3,	78667,	13269,	61664,	9520,	
4,	121588,	10451,	124356,	14944,	
5,	153188,	21380,	243717,	33563,	





OzaBagHT-ProcessRBF
Speed Change:,	0.0,	Centroids:,	100,	DriftCentroid:	100
GracePeriod:,	200,	TieThreshold:,	0.05,	BinarySplit:,	false,	BaseClassifier:,	HT,	
EnsembleSize:,	2
Count,	Time,	TP,	FN,	TN,	FP,	Accu,	Kappa,	Kpa_t,	Mem,	Depth,	TSize,	DcNod,	ActLf,	InacLf,	Reset,	Alter,	Switch,	Prune,	ClOp0,	ClOp1,	ClOp2,	ClOp3
50000,	8.363,	15031,	5299,	25530,	4137,	81.12,	60.53,	61.11,	
100000,	15.39,	17068,	3259,	26870,	2803,	87.88,	74.79,	74.87,	
150000,	20.912,	32400,	8234,	52572,	6790,	88.82,	76.78,	76.78,	
200000,	25.84,	34377,	6107,	54496,	5020,	89.87,	78.84,	78.77,	
250000,	30.411,	49747,	11095,	80344,	8807,	90.24,	79.6,	79.65,	
300000,	34.167,	51837,	8764,	82428,	6970,	90.78,	80.73,	80.76,	
350000,	37.355,	67422,	13644,	108269,	10658,	91.2,	81.63,	81.86,	
400000,	40.148,	69850,	11052,	110099,	8998,	91.37,	82.07,	82.08,	
450000,	42.905,	85210,	15994,	136200,	12589,	91.44,	82.14,	82.25,	
500000,	44.165,	88007,	13346,	137814,	10831,	91.75,	82.87,	82.98,	
550000,	45.805,	103353,	18296,	164014,	14324,	91.93,	83.23,	83.28,	
600000,	52.213,	105958,	15588,	165948,	12480,	92.21,	83.76,	83.81,	
650000,	58.107,	121299,	20528,	192075,	16084,	92.02,	83.35,	83.43,	
700000,	63.738,	124122,	17669,	193952,	14175,	92.45,	84.3,	84.28,	
750000,	68.579,	139301,	22660,	219991,	17848,	92.21,	83.8,	83.93,	
800000,	73.124,	142003,	19754,	221898,	15904,	92.37,	84.15,	84.16,	
850000,	77.086,	157407,	24737,	247902,	19550,	92.44,	84.3,	84.6,	
900000,	80.61,	159756,	21771,	249979,	17562,	92.65,	84.71,	84.74,	
950000,	83.356,	174257,	26689,	275889,	21203,	92.79,	85.03,	85.1,	
1000000,	85.431,	176065,	23819,	278069,	19153,	92.72,	84.86,	84.94,	

1000000,	85.431,	350322,	50508,	553958,	40356,	90.91,	81.08,	81.17,	
Pool,	TP,	FN,	TN,	FP
1,	6465,	2057,	7456,	2218,	
2,	39436,	9751,	20661,	2748,	
3,	51109,	7673,	98412,	6414,	
4,	84698,	13277,	176345,	16808,	
5,	168614,	17750,	251084,	12168,	





OzaBagHT-ProcessRBF
Speed Change:,	0.0,	Centroids:,	100,	DriftCentroid:	100
GracePeriod:,	200,	TieThreshold:,	0.05,	BinarySplit:,	false,	BaseClassifier:,	HT,	
EnsembleSize:,	3
Count,	Time,	TP,	FN,	TN,	FP,	Accu,	Kappa,	Kpa_t,	Mem,	Depth,	TSize,	DcNod,	ActLf,	InacLf,	Reset,	Alter,	Switch,	Prune,	ClOp0,	ClOp1,	ClOp2,	ClOp3
50000,	9.502,	27228,	3329,	12779,	6661,	80.02,	56.6,	58.0,	
100000,	16.134,	27949,	2608,	15655,	3788,	87.21,	72.79,	73.13,	
150000,	22.491,	55249,	5748,	29181,	9819,	88.85,	76.42,	76.57,	
200000,	27.939,	56063,	4925,	32518,	6494,	89.95,	78.84,	79.05,	
250000,	32.748,	83488,	7978,	46145,	12386,	90.41,	79.78,	79.85,	
300000,	37.121,	84588,	7224,	49308,	8880,	90.63,	80.17,	80.19,	
350000,	40.632,	111842,	10174,	63258,	14723,	90.93,	80.9,	80.85,	
400000,	43.594,	112801,	9247,	66533,	11228,	91.26,	81.6,	81.67,	
450000,	45.954,	140310,	12127,	80303,	17036,	91.47,	81.96,	82.04,	
500000,	47.637,	140741,	11238,	83713,	13556,	91.36,	81.79,	81.86,	
550000,	49.754,	168139,	14054,	97505,	19307,	91.6,	82.29,	82.23,	
600000,	57.176,	167740,	13031,	100950,	15802,	91.92,	82.94,	83.08,	
650000,	63.991,	195580,	15820,	114686,	21497,	92.09,	83.26,	83.31,	
700000,	70.539,	193855,	14783,	118285,	17934,	92.23,	83.61,	83.58,	
750000,	75.68,	220361,	17695,	132080,	23628,	91.99,	83.13,	83.04,	
800000,	80.168,	219223,	16544,	135678,	20027,	92.29,	83.75,	83.81,	
850000,	84.577,	246354,	19466,	149372,	25740,	92.23,	83.6,	83.57,	
900000,	88.092,	243898,	18272,	152949,	22079,	92.44,	84.01,	84.21,	
950000,	91.055,	271741,	21144,	166742,	27824,	92.48,	84.11,	84.24,	
1000000,	93.553,	269191,	19994,	170399,	24187,	92.34,	83.86,	83.84,	

1000000,	93.553,	540932,	41138,	337141,	52011,	90.68,	80.31,	80.4,	
Pool,	TP,	FN,	TN,	FP
1,	9667,	2915,	3554,	2034,	
2,	18197,	3132,	44151,	7315,	
3,	109481,	11451,	34159,	8427,	
4,	126369,	4790,	133189,	18832,	
5,	277218,	18850,	122088,	15403,	





OzaBagHT-ProcessRBF
Speed Change:,	0.0,	Centroids:,	100,	DriftCentroid:	100
GracePeriod:,	200,	TieThreshold:,	0.05,	BinarySplit:,	false,	BaseClassifier:,	HT,	
EnsembleSize:,	4
Count,	Time,	TP,	FN,	TN,	FP,	Accu,	Kappa,	Kpa_t,	Mem,	Depth,	TSize,	DcNod,	ActLf,	InacLf,	Reset,	Alter,	Switch,	Prune,	ClOp0,	ClOp1,	ClOp2,	ClOp3
50000,	8.385,	19345,	4344,	22291,	4017,	83.28,	66.44,	66.42,	
100000,	16.275,	21569,	2318,	23903,	2210,	90.94,	81.85,	81.84,	
150000,	22.774,	41087,	6268,	46774,	5868,	92.45,	84.85,	84.84,	
200000,	28.893,	43713,	4137,	48435,	3715,	93.35,	86.67,	86.61,	
250000,	34.416,	62947,	8153,	71613,	7284,	93.4,	86.75,	86.74,	
300000,	39.363,	65843,	5903,	73167,	5087,	93.72,	87.41,	87.38,	
350000,	43.222,	84742,	9931,	96656,	8668,	93.68,	87.3,	87.31,	
400000,	46.213,	88068,	7547,	98018,	6367,	94.15,	88.27,	88.32,	
450000,	48.64,	106644,	11607,	121599,	9956,	94.07,	88.11,	88.12,	
500000,	50.446,	109970,	9132,	123159,	7661,	94.24,	88.44,	88.45,	
550000,	52.684,	127829,	13171,	146810,	11138,	94.51,	88.97,	88.91,	
600000,	59.612,	129011,	10699,	148508,	8935,	94.32,	88.58,	88.53,	
650000,	66.065,	146244,	14768,	171873,	12388,	94.31,	88.57,	88.56,	
700000,	72.27,	147618,	12180,	173621,	10146,	94.62,	89.2,	89.21,	
750000,	77.876,	164745,	16336,	196940,	13512,	94.62,	89.2,	89.29,	
800000,	82.504,	165908,	13743,	198862,	11347,	94.47,	88.9,	88.94,	
850000,	86.728,	183134,	17839,	222149,	14651,	94.72,	89.39,	89.35,	
900000,	91.012,	184200,	15091,	224011,	12495,	95.01,	89.98,	89.96,	
950000,	94.325,	201472,	19309,	247377,	15783,	94.8,	89.55,	89.63,	
1000000,	96.842,	202232,	16514,	249210,	13614,	94.92,	89.8,	89.82,	

1000000,	96.842,	403704,	35823,	496587,	29397,	93.48,	86.91,	86.91,	
Pool,	TP,	FN,	TN,	FP
1,	8592,	1915,	5547,	2149,	
2,	43907,	4802,	21808,	2126,	
3,	49909,	10309,	96673,	6923,	
4,	87481,	3344,	183076,	7350,	
5,	213815,	15453,	189483,	10849,	





OzaBagHT-ProcessRBF
Speed Change:,	0.0,	Centroids:,	100,	DriftCentroid:	100
GracePeriod:,	200,	TieThreshold:,	0.05,	BinarySplit:,	false,	BaseClassifier:,	HT,	
EnsembleSize:,	5
Count,	Time,	TP,	FN,	TN,	FP,	Accu,	Kappa,	Kpa_t,	Mem,	Depth,	TSize,	DcNod,	ActLf,	InacLf,	Reset,	Alter,	Switch,	Prune,	ClOp0,	ClOp1,	ClOp2,	ClOp3
50000,	9.547,	25031,	3040,	16067,	5856,	82.21,	63.35,	63.77,	
100000,	16.87,	26022,	2130,	18566,	3282,	89.18,	77.87,	78.02,	
150000,	23.197,	51134,	5053,	35005,	8802,	90.08,	79.76,	79.74,	
200000,	29.408,	52290,	4012,	37863,	5835,	91.13,	81.91,	82.07,	
250000,	35.429,	77395,	6815,	54611,	11173,	91.73,	83.17,	83.28,	
300000,	40.04,	78359,	5891,	57738,	8012,	91.89,	83.52,	83.61,	
350000,	43.852,	103822,	8668,	74310,	13194,	92.25,	84.22,	84.18,	
400000,	47.272,	104952,	7617,	77339,	10092,	92.39,	84.47,	84.51,	
450000,	50.075,	130344,	10352,	94115,	15183,	92.65,	85.04,	85.03,	
500000,	52.56,	131241,	9315,	97313,	12131,	92.53,	84.81,	84.8,	
550000,	55.132,	156703,	12070,	114061,	17160,	92.61,	84.97,	85.03,	
600000,	63.345,	157707,	10934,	117299,	14060,	92.9,	85.57,	85.6,	
650000,	70.826,	183082,	13747,	134032,	18990,	92.99,	85.73,	85.74,	
700000,	77.591,	183841,	12516,	137454,	15949,	93.06,	85.9,	85.98,	
750000,	83.856,	209151,	15376,	154214,	20783,	93.16,	86.1,	86.07,	
800000,	89.081,	209865,	14120,	157585,	17733,	93.22,	86.23,	86.26,	
850000,	94.04,	235022,	17039,	174272,	22502,	93.24,	86.24,	86.17,	
900000,	98.096,	235553,	15674,	177612,	19526,	93.31,	86.37,	86.42,	
950000,	101.508,	260445,	18622,	194404,	24257,	93.32,	86.43,	86.45,	
1000000,	104.298,	259988,	17155,	197897,	21289,	93.51,	86.82,	86.83,	

1000000,	104.298,	520433,	35777,	392301,	45546,	91.87,	83.44,	83.48,	
Pool,	TP,	FN,	TN,	FP
1,	7843,	1770,	6998,	1515,	
2,	41929,	5376,	22191,	3191,	
3,	102485,	6692,	47782,	6558,	
4,	154969,	8800,	119643,	5249,	
5,	213207,	13139,	195687,	29033,	





OzaBagHT-ProcessRBF
Speed Change:,	0.0,	Centroids:,	100,	DriftCentroid:	100
GracePeriod:,	200,	TieThreshold:,	0.05,	BinarySplit:,	false,	BaseClassifier:,	HT,	
EnsembleSize:,	6
Count,	Time,	TP,	FN,	TN,	FP,	Accu,	Kappa,	Kpa_t,	Mem,	Depth,	TSize,	DcNod,	ActLf,	InacLf,	Reset,	Alter,	Switch,	Prune,	ClOp0,	ClOp1,	ClOp2,	ClOp3
50000,	9.995,	16866,	4932,	24687,	3512,	83.11,	65.4,	65.7,	
100000,	17.437,	18813,	2980,	26051,	2156,	89.73,	79.02,	79.21,	
150000,	24.122,	36232,	7448,	50716,	5601,	90.79,	81.25,	81.22,	
200000,	31.158,	38280,	5250,	52305,	4165,	91.44,	82.56,	82.51,	
250000,	37.225,	55900,	9668,	76863,	7566,	91.63,	82.98,	83.03,	
300000,	42.099,	57941,	7434,	78616,	6009,	91.94,	83.6,	83.63,	
350000,	46.226,	75643,	11814,	103261,	9279,	92.28,	84.29,	84.3,	
400000,	49.906,	77761,	9403,	105159,	7677,	92.73,	85.18,	85.22,	
450000,	53.339,	95282,	13820,	130003,	10892,	92.76,	85.23,	85.26,	
500000,	56.276,	97315,	11422,	131917,	9346,	92.62,	84.94,	85.02,	
550000,	60.01,	114836,	15786,	156851,	12524,	92.8,	85.3,	85.3,	
600000,	67.863,	117160,	13400,	158539,	10901,	92.93,	85.6,	85.63,	
650000,	75.337,	134745,	17688,	183492,	14072,	93.1,	85.95,	85.9,	
700000,	81.966,	136989,	15290,	185230,	12479,	93.06,	85.86,	85.94,	
750000,	88.206,	154449,	19577,	210263,	15645,	93.08,	85.88,	85.85,	
800000,	93.571,	156193,	17064,	211984,	14041,	93.33,	86.4,	86.51,	
850000,	98.374,	173215,	21430,	236918,	17213,	93.16,	86.06,	86.04,	
900000,	102.729,	174617,	18855,	238991,	15532,	93.44,	86.59,	86.64,	
950000,	106.787,	191950,	23235,	263863,	18620,	93.58,	86.89,	86.88,	
1000000,	110.027,	192819,	20708,	265902,	16944,	93.47,	86.67,	86.69,	

1000000,	110.027,	384769,	43943,	529765,	35564,	92.05,	83.79,	83.82,	
Pool,	TP,	FN,	TN,	FP
1,	7134,	2145,	7430,	1477,	
2,	26324,	6106,	37007,	3109,	
3,	59446,	12507,	86387,	5394,	
4,	130756,	14612,	136862,	6398,	
5,	161109,	8573,	262079,	19186,	





OzaBagHT-ProcessRBF
Speed Change:,	0.0,	Centroids:,	100,	DriftCentroid:	100
GracePeriod:,	200,	TieThreshold:,	0.05,	BinarySplit:,	false,	BaseClassifier:,	HT,	
EnsembleSize:,	7
Count,	Time,	TP,	FN,	TN,	FP,	Accu,	Kappa,	Kpa_t,	Mem,	Depth,	TSize,	DcNod,	ActLf,	InacLf,	Reset,	Alter,	Switch,	Prune,	ClOp0,	ClOp1,	ClOp2,	ClOp3
50000,	10.421,	18032,	5500,	21479,	4987,	79.02,	57.85,	57.58,	
100000,	18.38,	19705,	3779,	23199,	3317,	85.81,	71.48,	71.62,	
150000,	25.44,	38089,	8895,	45211,	7803,	87.58,	75.02,	75.11,	
200000,	32.471,	40006,	6893,	47104,	5997,	88.41,	76.7,	76.67,	
250000,	38.23,	58896,	11738,	68975,	10389,	89.14,	78.21,	78.19,	
300000,	43.354,	60901,	9569,	70930,	8600,	89.44,	78.81,	78.83,	
350000,	47.936,	79891,	14347,	92872,	12888,	89.78,	79.5,	79.66,	
400000,	51.914,	82015,	12204,	94771,	11010,	89.91,	79.76,	79.74,	
450000,	55.304,	100681,	16890,	116999,	15232,	90.23,	80.38,	80.38,	
500000,	58.253,	101837,	14590,	118931,	13274,	90.7,	81.33,	81.34,	
550000,	61.608,	119980,	19279,	141201,	17451,	90.78,	81.5,	81.44,	
600000,	68.936,	120795,	16999,	143295,	15492,	90.75,	81.41,	81.35,	
650000,	76.15,	139107,	21595,	165564,	19673,	90.92,	81.77,	81.82,	
700000,	84.475,	139923,	19431,	167589,	17674,	90.77,	81.47,	81.39,	
750000,	90.733,	158445,	23899,	189683,	21893,	90.95,	81.85,	81.83,	
800000,	96.556,	159367,	21697,	191899,	19763,	91.29,	82.52,	82.63,	
850000,	101.811,	177817,	26167,	213953,	23985,	91.28,	82.5,	82.52,	
900000,	106.47,	178528,	23846,	216472,	21808,	91.61,	83.15,	83.26,	
950000,	110.699,	197462,	28367,	238226,	25948,	91.67,	83.3,	83.21,	
1000000,	114.146,	197949,	25997,	240859,	23796,	91.72,	83.39,	83.49,	

1000000,	114.146,	395411,	54364,	479085,	49744,	89.59,	79.1,	79.11,	
Pool,	TP,	FN,	TN,	FP
1,	5229,	2106,	8003,	2750,	
2,	29101,	7851,	30102,	5846,	
3,	69293,	8456,	74854,	11052,	
4,	128064,	24263,	132588,	6041,	
5,	163724,	11688,	233538,	24055,	





OzaBagHT-ProcessRBF
Speed Change:,	0.0,	Centroids:,	100,	DriftCentroid:	100
GracePeriod:,	200,	TieThreshold:,	0.05,	BinarySplit:,	false,	BaseClassifier:,	HT,	
EnsembleSize:,	8
Count,	Time,	TP,	FN,	TN,	FP,	Accu,	Kappa,	Kpa_t,	Mem,	Depth,	TSize,	DcNod,	ActLf,	InacLf,	Reset,	Alter,	Switch,	Prune,	ClOp0,	ClOp1,	ClOp2,	ClOp3
50000,	10.728,	17808,	4256,	24173,	3761,	83.96,	67.4,	67.42,	
100000,	19.453,	19721,	2231,	25528,	2520,	90.5,	80.74,	80.68,	
150000,	27.69,	37886,	6295,	49844,	5973,	91.5,	82.78,	82.69,	
200000,	33.871,	40005,	3937,	51472,	4586,	92.46,	84.72,	84.8,	
250000,	39.415,	58230,	7809,	75895,	8064,	92.79,	85.39,	85.27,	
300000,	44.423,	60535,	5462,	77418,	6585,	92.95,	85.74,	85.69,	
350000,	49.3,	78832,	9260,	101946,	9960,	93.31,	86.45,	86.42,	
400000,	55.003,	81217,	6867,	103582,	8334,	93.69,	87.23,	87.2,	
450000,	58.438,	99216,	10629,	128527,	11626,	93.93,	87.67,	87.71,	
500000,	61.297,	101693,	8256,	130079,	9972,	93.95,	87.71,	87.61,	
550000,	64.445,	119727,	12029,	154897,	13251,	93.95,	87.74,	87.67,	
600000,	72.732,	122330,	9766,	156353,	11551,	93.82,	87.49,	87.41,	
650000,	80.414,	139493,	13364,	181343,	14820,	94.19,	88.23,	88.21,	
700000,	87.634,	141976,	11096,	182848,	13087,	94.27,	88.38,	88.43,	
750000,	93.866,	158401,	14785,	207515,	16402,	93.99,	87.85,	87.85,	
800000,	99.383,	160857,	12430,	209384,	14660,	94.19,	88.2,	88.21,	
850000,	104.641,	177366,	16145,	233863,	17932,	94.22,	88.29,	88.22,	
900000,	109.27,	179729,	13760,	235936,	16180,	94.3,	88.44,	88.39,	
950000,	113.346,	196083,	17531,	260231,	19443,	94.21,	88.26,	88.31,	
1000000,	116.763,	198523,	15048,	262463,	17655,	94.47,	88.8,	88.8,	

1000000,	116.763,	394606,	32579,	522694,	37098,	93.03,	85.88,	85.85,	
Pool,	TP,	FN,	TN,	FP
1,	7409,	941,	6162,	3672,	
2,	42561,	2119,	23640,	4523,	
3,	87149,	12054,	54974,	9469,	
4,	113641,	7018,	165854,	4342,	
5,	143846,	10447,	272064,	15092,	





OzaBagHT-ProcessRBF
Speed Change:,	0.0,	Centroids:,	100,	DriftCentroid:	100
GracePeriod:,	200,	TieThreshold:,	0.05,	BinarySplit:,	false,	BaseClassifier:,	HT,	
EnsembleSize:,	9
Count,	Time,	TP,	FN,	TN,	FP,	Accu,	Kappa,	Kpa_t,	Mem,	Depth,	TSize,	DcNod,	ActLf,	InacLf,	Reset,	Alter,	Switch,	Prune,	ClOp0,	ClOp1,	ClOp2,	ClOp3
50000,	11.602,	18424,	4871,	22146,	4556,	81.14,	62.08,	62.06,	
100000,	20.121,	20347,	2870,	23058,	3725,	86.81,	73.55,	73.43,	
150000,	28.362,	39230,	7234,	45620,	7913,	88.56,	77.06,	77.04,	
200000,	35.921,	41565,	4834,	46680,	6921,	89.68,	79.32,	79.24,	
250000,	42.634,	60451,	9140,	69499,	10907,	90.2,	80.35,	80.16,	
300000,	48.332,	62928,	6647,	70678,	9747,	90.72,	81.4,	81.29,	
350000,	53.455,	81962,	10876,	93536,	13623,	91.1,	82.15,	82.1,	
400000,	58.198,	84491,	8376,	94744,	12389,	91.26,	82.48,	82.42,	
450000,	62.318,	103517,	12516,	117731,	16233,	91.5,	82.96,	82.96,	
500000,	65.841,	106376,	9994,	118717,	14913,	91.72,	83.41,	83.36,	
550000,	69.568,	125127,	14108,	142086,	18676,	91.93,	83.82,	83.87,	
600000,	78.624,	128017,	11541,	143109,	17333,	92.07,	84.09,	83.95,	
650000,	88.279,	146574,	15694,	166573,	21156,	91.87,	83.68,	83.65,	
700000,	96.057,	149893,	13176,	167267,	19664,	92.07,	84.11,	84.02,	
750000,	103.438,	168174,	17140,	191147,	23536,	92.35,	84.65,	84.59,	
800000,	110.572,	171619,	14719,	191685,	21977,	92.29,	84.54,	84.45,	
850000,	116.693,	189865,	18650,	215678,	25804,	92.44,	84.84,	84.88,	
900000,	122.248,	193380,	16160,	216154,	24306,	92.46,	84.88,	84.92,	
950000,	128.263,	211679,	20090,	240127,	28101,	92.53,	85.01,	84.94,	
1000000,	133.11,	215153,	17585,	240661,	26601,	92.56,	85.08,	85.17,	

1000000,	133.11,	426832,	37675,	480788,	54702,	90.76,	81.48,	81.43,	
Pool,	TP,	FN,	TN,	FP
1,	9918,	1467,	5145,	1651,	
2,	24491,	3367,	37872,	7015,	
3,	89390,	10538,	48956,	14719,	
4,	118745,	9198,	153724,	8981,	
5,	184288,	13105,	235091,	22336,	





OzaBagHT-ProcessRBF
Speed Change:,	0.0,	Centroids:,	100,	DriftCentroid:	100
GracePeriod:,	200,	TieThreshold:,	0.05,	BinarySplit:,	false,	BaseClassifier:,	HT,	
EnsembleSize:,	10
Count,	Time,	TP,	FN,	TN,	FP,	Accu,	Kappa,	Kpa_t,	Mem,	Depth,	TSize,	DcNod,	ActLf,	InacLf,	Reset,	Alter,	Switch,	Prune,	ClOp0,	ClOp1,	ClOp2,	ClOp3
50000,	14.44,	27396,	2463,	15114,	5023,	85.03,	68.22,	69.03,	
100000,	24.542,	28654,	1280,	17059,	3007,	91.43,	81.9,	82.06,	
150000,	32.886,	56067,	3639,	32832,	7458,	92.78,	84.84,	85.01,	
200000,	40.576,	57613,	2410,	34825,	5152,	93.45,	86.21,	86.36,	
250000,	47.898,	84952,	4669,	50830,	9545,	93.77,	86.92,	87.04,	
300000,	54.141,	86600,	3350,	52900,	7150,	94.12,	87.67,	87.88,	
350000,	61.088,	114043,	5558,	68954,	11441,	94.43,	88.3,	88.48,	
400000,	66.64,	115470,	4220,	71249,	9061,	94.44,	88.37,	88.42,	
450000,	72.147,	143222,	6392,	86966,	13416,	94.38,	88.18,	88.31,	
500000,	77.244,	144095,	5061,	89528,	10963,	94.51,	88.51,	88.56,	
550000,	81.65,	172328,	7158,	105069,	15298,	94.7,	88.86,	89.04,	
600000,	91.224,	172694,	5853,	107860,	12852,	94.64,	88.77,	88.82,	
650000,	99.916,	199822,	7940,	123032,	17147,	94.74,	88.9,	89.07,	
700000,	109.161,	199111,	6617,	126083,	14706,	94.76,	89.01,	89.13,	
750000,	116.291,	227536,	8658,	141251,	19006,	94.85,	89.17,	89.28,	
800000,	123.257,	225236,	7375,	144555,	16584,	94.73,	88.98,	89.06,	
850000,	129.331,	253857,	9439,	159683,	20859,	94.73,	88.98,	89.03,	
900000,	134.901,	251249,	8113,	162813,	18260,	95.17,	89.85,	89.97,	
950000,	140.108,	279654,	10153,	177992,	22665,	94.96,	89.43,	89.51,	
1000000,	144.449,	276678,	8805,	181347,	20045,	95.05,	89.64,	89.74,	

1000000,	144.449,	556332,	18958,	359339,	42710,	93.83,	87.05,	87.19,	
Pool,	TP,	FN,	TN,	FP
1,	5756,	932,	8449,	3082,	
2,	33794,	2166,	29786,	6932,	
3,	114516,	3986,	36902,	8214,	
4,	158649,	6736,	108238,	11792,	
5,	243617,	5138,	175964,	12690,	





OzaBagHT-ProcessRBF
Speed Change:,	0.0,	Centroids:,	100,	DriftCentroid:	100
GracePeriod:,	200,	TieThreshold:,	0.05,	BinarySplit:,	false,	BaseClassifier:,	HT,	
EnsembleSize:,	5
Count,	Time,	TP,	FN,	TN,	FP,	Accu,	Kappa,	Kpa_t,	Mem,	Depth,	TSize,	DcNod,	ActLf,	InacLf,	Reset,	Alter,	Switch,	Prune,	ClOp0,	ClOp1,	ClOp2,	ClOp3
50000,	8.85,	17845,	4984,	22648,	4519,	80.99,	61.63,	61.48,	
100000,	16.27,	20027,	2918,	24480,	2575,	89.01,	77.85,	77.99,	
150000,	23.215,	38137,	7475,	47549,	6835,	90.39,	80.61,	80.51,	
200000,	29.231,	40429,	5348,	49753,	4470,	91.35,	82.54,	82.48,	
250000,	34.602,	58823,	9714,	72789,	8670,	91.85,	83.57,	83.56,	
300000,	39.045,	61379,	7379,	75092,	6150,	92.58,	85.04,	85.11,	
350000,	44.003,	79472,	11768,	98501,	10255,	92.72,	85.29,	85.28,	
400000,	47.705,	82537,	9196,	100554,	7713,	93.24,	86.38,	86.29,	
450000,	50.522,	100624,	13553,	124025,	11794,	93.35,	86.6,	86.76,	
500000,	52.833,	103637,	10953,	126171,	9239,	93.43,	86.76,	86.7,	
550000,	55.663,	121787,	15374,	149533,	13302,	93.34,	86.58,	86.61,	
600000,	63.673,	124233,	12719,	151906,	10669,	93.61,	87.1,	87.22,	
650000,	70.974,	142839,	17046,	175333,	14692,	93.88,	87.64,	87.6,	
700000,	77.171,	145076,	14449,	177711,	12081,	93.72,	87.32,	87.41,	
750000,	83.047,	163297,	18689,	201128,	16131,	93.84,	87.56,	87.62,	
800000,	88.179,	165376,	16183,	203485,	13410,	93.87,	87.64,	87.69,	
850000,	92.767,	183088,	20340,	227050,	17484,	93.99,	87.87,	87.86,	
900000,	96.653,	185368,	17822,	229482,	14719,	94.1,	88.09,	88.13,	
950000,	99.999,	203755,	21985,	252778,	18821,	94.04,	87.98,	87.98,	
1000000,	102.665,	206318,	19424,	255313,	16072,	94.09,	88.08,	88.12,	

1000000,	102.665,	410073,	41409,	508091,	34893,	92.37,	84.61,	84.63,	
Pool,	TP,	FN,	TN,	FP
1,	8132,	1794,	6035,	2169,	
2,	28991,	4568,	35410,	3812,	
3,	82367,	11740,	59709,	9715,	
4,	142198,	14086,	127478,	7118,	
5,	148385,	9221,	279459,	12079,	





OzaBagHT-ProcessRBF
Speed Change:,	0.001,	Centroids:,	100,	DriftCentroid:	100
GracePeriod:,	200,	TieThreshold:,	0.05,	BinarySplit:,	false,	BaseClassifier:,	HT,	
EnsembleSize:,	5
Count,	Time,	TP,	FN,	TN,	FP,	Accu,	Kappa,	Kpa_t,	Mem,	Depth,	TSize,	DcNod,	ActLf,	InacLf,	Reset,	Alter,	Switch,	Prune,	ClOp0,	ClOp1,	ClOp2,	ClOp3
50000,	9.491,	20893,	4639,	20358,	4106,	82.51,	65.01,	64.76,	
100000,	17.054,	22851,	2688,	22043,	2418,	89.79,	79.57,	79.65,	
150000,	23.677,	43984,	6997,	42917,	6098,	91.3,	82.6,	82.57,	
200000,	29.434,	46300,	4780,	44643,	4277,	92.1,	84.19,	84.22,	
250000,	34.728,	67369,	8961,	65776,	7890,	92.49,	84.97,	85.0,	
300000,	39.236,	69879,	6689,	67500,	5932,	92.87,	85.74,	85.65,	
350000,	43.282,	90695,	10721,	88488,	9608,	93.04,	86.08,	85.97,	
400000,	46.618,	91558,	8475,	90631,	7451,	93.39,	86.78,	86.76,	
450000,	49.39,	112317,	12566,	111566,	11159,	93.21,	86.42,	86.37,	
500000,	51.635,	113665,	10204,	113610,	9015,	93.41,	86.83,	86.77,	
550000,	54.191,	134080,	14256,	134596,	12701,	93.54,	87.07,	87.08,	
600000,	61.641,	135546,	11922,	136665,	10523,	93.55,	87.09,	87.17,	
650000,	68.757,	156029,	15906,	157731,	14212,	93.68,	87.35,	87.34,	
700000,	75.156,	159261,	13550,	159832,	11955,	93.88,	87.76,	87.64,	
750000,	80.907,	178128,	17504,	180635,	15618,	93.99,	87.98,	87.99,	
800000,	85.948,	181229,	15069,	182809,	13410,	94.05,	88.1,	88.12,	
850000,	90.511,	199974,	19054,	203861,	17033,	94.07,	88.14,	88.15,	
900000,	94.783,	202623,	16553,	205855,	14817,	94.22,	88.43,	88.46,	
950000,	98.152,	221441,	20508,	226853,	18455,	94.25,	88.49,	88.53,	
1000000,	100.987,	225036,	18002,	228731,	16205,	94.33,	88.64,	88.67,	

1000000,	100.987,	446477,	38510,	455584,	34660,	92.68,	85.36,	85.35,	
Pool,	TP,	FN,	TN,	FP
1,	7067,	1604,	7906,	1566,	
2,	51067,	5115,	13548,	3019,	
3,	77275,	6902,	69576,	9772,	
4,	141375,	18372,	123455,	6382,	
5,	169693,	6517,	241099,	13921,	





OzaBagHT-ProcessRBF
Speed Change:,	0.01,	Centroids:,	100,	DriftCentroid:	100
GracePeriod:,	200,	TieThreshold:,	0.05,	BinarySplit:,	false,	BaseClassifier:,	HT,	
EnsembleSize:,	5
Count,	Time,	TP,	FN,	TN,	FP,	Accu,	Kappa,	Kpa_t,	Mem,	Depth,	TSize,	DcNod,	ActLf,	InacLf,	Reset,	Alter,	Switch,	Prune,	ClOp0,	ClOp1,	ClOp2,	ClOp3
50000,	9.164,	17409,	3596,	25901,	3091,	86.62,	72.45,	72.79,	
100000,	16.28,	19071,	2026,	27042,	1861,	92.23,	84.05,	84.15,	
150000,	22.73,	36601,	5481,	53550,	4365,	93.68,	86.99,	87.11,	
200000,	28.265,	38482,	3727,	54832,	2959,	94.4,	88.48,	88.57,	
250000,	33.147,	55954,	7138,	81483,	5422,	94.57,	88.82,	88.81,	
300000,	37.479,	57937,	5356,	82834,	3873,	94.91,	89.52,	89.65,	
350000,	41.154,	75558,	8661,	109460,	6318,	95.16,	90.05,	90.03,	
400000,	44.463,	77499,	6814,	110990,	4697,	95.44,	90.6,	90.65,	
450000,	47.099,	94594,	10124,	137692,	7115,	95.48,	90.68,	90.7,	
500000,	49.23,	96262,	8207,	139116,	5536,	95.54,	90.81,	90.88,	
550000,	51.818,	112667,	11581,	165977,	7823,	95.67,	91.07,	91.13,	
600000,	59.886,	114262,	9620,	167441,	6324,	95.6,	90.91,	90.99,	
650000,	66.992,	130303,	13043,	194142,	8592,	95.54,	90.81,	90.8,	
700000,	73.404,	131626,	11023,	195454,	7098,	95.65,	91.05,	91.16,	
750000,	79.116,	147666,	14375,	222406,	9317,	95.89,	91.52,	91.53,	
800000,	84.564,	149140,	12403,	223778,	7844,	95.75,	91.23,	91.23,	
850000,	89.628,	165357,	15690,	250587,	10017,	95.97,	91.71,	91.72,	
900000,	93.579,	166844,	13715,	251994,	8578,	95.91,	91.57,	91.61,	
950000,	96.933,	183464,	16962,	278771,	10760,	95.97,	91.71,	91.68,	
1000000,	99.563,	184491,	14975,	280325,	9307,	96.02,	91.8,	91.82,	

1000000,	99.563,	367955,	31937,	559096,	20067,	94.8,	89.29,	89.34,	
Pool,	TP,	FN,	TN,	FP
1,	1841,	1172,	13010,	2188,	
2,	21840,	6532,	40819,	3531,	
3,	58427,	6812,	96184,	2170,	
4,	88572,	9202,	187047,	5864,	
5,	197275,	8219,	222036,	6314,	





OzaBagHT-ProcessRBF
Speed Change:,	0.1,	Centroids:,	100,	DriftCentroid:	100
GracePeriod:,	200,	TieThreshold:,	0.05,	BinarySplit:,	false,	BaseClassifier:,	HT,	
EnsembleSize:,	5
Count,	Time,	TP,	FN,	TN,	FP,	Accu,	Kappa,	Kpa_t,	Mem,	Depth,	TSize,	DcNod,	ActLf,	InacLf,	Reset,	Alter,	Switch,	Prune,	ClOp0,	ClOp1,	ClOp2,	ClOp3
50000,	8.686,	18899,	5349,	20760,	4989,	79.32,	58.59,	58.29,	
100000,	15.943,	21118,	3152,	23385,	2345,	89.01,	77.97,	78.01,	
150000,	22.033,	40643,	7888,	44413,	7053,	90.79,	81.56,	81.57,	
200000,	27.699,	42891,	5672,	47283,	4154,	91.34,	82.66,	82.61,	
250000,	32.918,	62592,	10264,	68398,	8743,	91.87,	83.71,	83.86,	
300000,	37.83,	65030,	8033,	71148,	5789,	92.01,	84.0,	83.87,	
350000,	42.183,	84595,	12393,	92566,	10443,	92.34,	84.66,	84.67,	
400000,	45.548,	87053,	10157,	95275,	7515,	92.3,	84.57,	84.59,	
450000,	48.431,	106691,	14390,	116938,	11977,	92.94,	85.85,	85.83,	
500000,	50.371,	109249,	12236,	119475,	9038,	92.8,	85.57,	85.56,	
550000,	53.341,	127396,	16504,	141374,	13459,	92.81,	85.58,	85.65,	
600000,	61.143,	129968,	14198,	143713,	10689,	92.77,	85.52,	85.47,	
650000,	67.881,	148453,	18450,	165667,	15012,	93.0,	85.98,	86.01,	
700000,	73.995,	150776,	16172,	167966,	12264,	92.9,	85.78,	85.8,	
750000,	79.411,	170049,	20310,	189810,	16555,	93.19,	86.37,	86.43,	
800000,	84.243,	171846,	18003,	192138,	13817,	93.23,	86.45,	86.38,	
850000,	88.542,	190737,	22167,	214233,	18103,	93.19,	86.35,	86.33,	
900000,	92.256,	192673,	19889,	216399,	15389,	93.08,	86.15,	86.14,	
950000,	95.424,	211748,	24000,	238489,	19619,	93.3,	86.59,	86.55,	
1000000,	98.238,	213470,	21737,	240860,	16817,	93.45,	86.87,	86.98,	

1000000,	98.238,	425218,	45737,	479349,	36436,	91.78,	83.54,	83.54,	
Pool,	TP,	FN,	TN,	FP
1,	9588,	2836,	4793,	991,	
2,	42562,	8385,	18640,	3223,	
3,	74038,	16363,	64529,	8623,	
4,	143812,	5109,	133263,	8259,	
5,	155218,	13044,	258124,	15340,	





OzaBagHT-ProcessRBF
Speed Change:,	1.0,	Centroids:,	100,	DriftCentroid:	100
GracePeriod:,	200,	TieThreshold:,	0.05,	BinarySplit:,	false,	BaseClassifier:,	HT,	
EnsembleSize:,	5
Count,	Time,	TP,	FN,	TN,	FP,	Accu,	Kappa,	Kpa_t,	Mem,	Depth,	TSize,	DcNod,	ActLf,	InacLf,	Reset,	Alter,	Switch,	Prune,	ClOp0,	ClOp1,	ClOp2,	ClOp3
50000,	8.305,	14620,	4862,	27133,	3381,	83.51,	64.86,	65.28,	
100000,	14.977,	15853,	3689,	28253,	2205,	88.21,	74.9,	75.21,	
150000,	21.136,	30882,	8197,	55654,	5263,	89.57,	77.82,	78.06,	
200000,	26.547,	32426,	6715,	56660,	4199,	89.96,	78.74,	78.95,	
250000,	31.435,	47567,	11058,	84238,	7133,	90.54,	79.95,	80.26,	
300000,	35.69,	49110,	9532,	85401,	5957,	90.85,	80.58,	80.91,	
350000,	39.502,	64338,	13751,	113007,	8900,	91.08,	81.08,	81.19,	
400000,	42.787,	66195,	12108,	114114,	7583,	91.6,	82.24,	82.48,	
450000,	45.664,	81602,	16232,	141609,	10553,	91.73,	82.57,	82.75,	
500000,	47.658,	83255,	14517,	142982,	9246,	91.86,	82.75,	82.86,	
550000,	50.124,	98907,	18625,	170258,	12206,	91.91,	82.94,	83.03,	
600000,	57.451,	97407,	19996,	168775,	13822,	79.89,	57.49,	57.82,	
650000,	65.611,	114152,	23062,	197639,	15143,	85.25,	68.69,	69.0,	
700000,	72.682,	112958,	23926,	196710,	16406,	86.97,	72.26,	72.78,	
750000,	77.82,	129944,	26934,	225541,	17577,	87.39,	73.23,	73.58,	
800000,	82.825,	128842,	27661,	224793,	18704,	87.93,	74.36,	74.72,	
850000,	87.235,	145785,	30592,	253915,	19704,	88.43,	75.33,	75.53,	
900000,	91.077,	144713,	31222,	253310,	20755,	88.78,	76.04,	76.27,	
950000,	94.161,	161839,	33975,	282527,	21655,	89.33,	77.25,	77.41,	
1000000,	96.831,	160809,	34608,	281806,	22777,	89.18,	76.97,	77.25,	

1000000,	96.831,	322648,	68583,	564333,	44432,	88.7,	76.01,	76.27,	
Pool,	TP,	FN,	TN,	FP
1,	4466,	5433,	6385,	1899,	
2,	33618,	6949,	28004,	4137,	
3,	97982,	27212,	37015,	1480,	
4,	64186,	8546,	204186,	14035,	
5,	122396,	20443,	288743,	22881,	





OzaBagHT-ProcessRBF
Speed Change:,	0.01,	Centroids:,	50,	DriftCentroid:	50
GracePeriod:,	200,	TieThreshold:,	0.05,	BinarySplit:,	false,	BaseClassifier:,	HT,	
EnsembleSize:,	5
Count,	Time,	TP,	FN,	TN,	FP,	Accu,	Kappa,	Kpa_t,	Mem,	Depth,	TSize,	DcNod,	ActLf,	InacLf,	Reset,	Alter,	Switch,	Prune,	ClOp0,	ClOp1,	ClOp2,	ClOp3
50000,	8.151,	25596,	3682,	15021,	5697,	81.24,	60.79,	61.53,	
100000,	14.985,	26128,	3165,	17831,	2876,	87.92,	75.15,	75.02,	
150000,	21.139,	52405,	6249,	33227,	8115,	90.03,	79.45,	79.28,	
200000,	26.307,	53027,	5527,	36341,	5105,	90.82,	81.1,	81.02,	
250000,	30.957,	78942,	8541,	51671,	10280,	91.09,	81.62,	81.57,	
300000,	35.769,	77627,	7558,	54717,	7353,	91.44,	82.32,	82.39,	
350000,	39.066,	104004,	10560,	70037,	12408,	91.71,	82.84,	82.69,	
400000,	42.036,	101172,	9486,	73183,	9394,	92.06,	83.58,	83.63,	
450000,	44.439,	127346,	12520,	88760,	14402,	92.09,	83.7,	83.67,	
500000,	46.289,	124122,	11372,	91962,	11371,	92.27,	84.08,	84.14,	
550000,	48.626,	150357,	14431,	107558,	16275,	92.43,	84.4,	84.46,	
600000,	55.586,	147254,	13277,	110643,	13240,	92.45,	84.41,	84.39,	
650000,	62.34,	173498,	16239,	126201,	18235,	92.46,	84.43,	84.49,	
700000,	67.757,	170394,	15063,	129435,	15111,	92.69,	84.91,	84.98,	
750000,	72.616,	196545,	18035,	144884,	20145,	92.59,	84.69,	84.69,	
800000,	77.141,	193464,	16920,	148187,	16985,	92.54,	84.6,	84.59,	
850000,	81.393,	219275,	19786,	163805,	22016,	92.76,	85.08,	85.01,	
900000,	84.804,	216414,	18705,	167021,	18764,	92.87,	85.29,	85.32,	
950000,	87.75,	242366,	21496,	182602,	23834,	92.94,	85.43,	85.42,	
1000000,	90.135,	239559,	20442,	185656,	20570,	92.91,	85.33,	85.32,	

1000000,	90.135,	481925,	41938,	368258,	44404,	91.37,	82.17,	82.18,	
Pool,	TP,	FN,	TN,	FP
1,	8371,	1948,	5855,	2016,	
2,	23349,	1150,	38914,	9276,	
3,	94347,	16312,	47286,	5461,	
4,	160939,	11056,	107421,	11405,	
5,	194919,	11472,	168782,	16246,	





OzaBagHT-ProcessRBF
Speed Change:,	0.01,	Centroids:,	100,	DriftCentroid:	100
GracePeriod:,	200,	TieThreshold:,	0.05,	BinarySplit:,	false,	BaseClassifier:,	HT,	
EnsembleSize:,	5
Count,	Time,	TP,	FN,	TN,	FP,	Accu,	Kappa,	Kpa_t,	Mem,	Depth,	TSize,	DcNod,	ActLf,	InacLf,	Reset,	Alter,	Switch,	Prune,	ClOp0,	ClOp1,	ClOp2,	ClOp3
50000,	7.587,	16015,	4768,	24836,	4379,	81.7,	62.23,	62.41,	
100000,	13.731,	17439,	3456,	26329,	2776,	87.54,	74.26,	74.42,	
150000,	20.027,	33815,	7764,	51960,	6459,	89.85,	78.97,	79.01,	
200000,	25.827,	35530,	6265,	53705,	4500,	90.93,	81.23,	81.41,	
250000,	32.029,	51782,	10502,	79698,	8016,	91.41,	82.15,	82.44,	
300000,	36.608,	53551,	8865,	81583,	6001,	91.8,	82.94,	83.11,	
350000,	41.232,	70121,	13051,	107416,	9410,	92.11,	83.66,	83.69,	
400000,	44.714,	71766,	11414,	109423,	7397,	92.11,	83.62,	83.85,	
450000,	47.513,	88182,	15558,	135492,	10757,	92.29,	83.95,	84.16,	
500000,	49.67,	89819,	13783,	137434,	8721,	92.61,	84.66,	84.69,	
550000,	51.922,	105919,	17904,	163422,	12075,	92.67,	84.8,	84.96,	
600000,	58.966,	108195,	16161,	165412,	9989,	92.71,	84.87,	84.96,	
650000,	64.856,	123497,	20176,	191731,	13329,	92.95,	85.3,	85.4,	
700000,	70.616,	125943,	18390,	193359,	11262,	93.0,	85.48,	85.57,	
750000,	76.459,	141722,	22417,	219941,	14512,	93.15,	85.76,	85.84,	
800000,	80.83,	143442,	20692,	221195,	12485,	92.95,	85.41,	85.5,	
850000,	84.555,	159141,	24576,	248043,	15759,	93.19,	85.86,	85.91,	
900000,	88.0,	160717,	22926,	249354,	13754,	92.99,	85.43,	85.6,	
950000,	90.866,	176523,	26722,	276206,	17006,	93.21,	85.9,	86.07,	
1000000,	93.622,	178073,	25059,	277594,	14937,	93.37,	86.21,	86.26,	

1000000,	93.622,	354596,	51781,	553800,	31943,	91.63,	82.63,	82.76,	
Pool,	TP,	FN,	TN,	FP
1,	7191,	4731,	5649,	565,	
2,	23148,	5854,	40342,	3375,	
3,	38375,	10757,	107581,	6914,	
4,	167035,	22886,	92930,	8123,	
5,	118847,	7553,	307298,	12966,	





OzaBagHT-ProcessRBF
Speed Change:,	0.01,	Centroids:,	150,	DriftCentroid:	100
GracePeriod:,	200,	TieThreshold:,	0.05,	BinarySplit:,	false,	BaseClassifier:,	HT,	
EnsembleSize:,	5
Count,	Time,	TP,	FN,	TN,	FP,	Accu,	Kappa,	Kpa_t,	Mem,	Depth,	TSize,	DcNod,	ActLf,	InacLf,	Reset,	Alter,	Switch,	Prune,	ClOp0,	ClOp1,	ClOp2,	ClOp3
50000,	8.954,	27692,	3338,	13807,	5161,	83.0,	63.21,	63.65,	
100000,	15.228,	28722,	2280,	15340,	3658,	88.12,	74.43,	74.78,	
150000,	21.348,	56723,	5234,	29525,	8516,	89.5,	77.41,	77.77,	
200000,	27.627,	57990,	4036,	31250,	6724,	90.36,	79.24,	79.55,	
250000,	32.948,	86199,	6844,	45442,	11513,	90.79,	80.12,	80.46,	
300000,	36.814,	87248,	5585,	47458,	9709,	90.93,	80.55,	80.93,	
350000,	40.195,	115907,	8309,	61395,	14387,	91.32,	81.24,	81.43,	
400000,	43.066,	116878,	6915,	63663,	12544,	91.67,	82.06,	82.28,	
450000,	45.481,	145692,	9676,	77536,	17094,	91.85,	82.41,	82.57,	
500000,	47.367,	146218,	8195,	80050,	15216,	92.1,	83.01,	83.27,	
550000,	49.662,	174920,	10959,	94009,	19684,	92.25,	83.36,	83.7,	
600000,	56.163,	175965,	9419,	96464,	17806,	92.37,	83.58,	83.98,	
650000,	62.097,	204635,	12145,	110535,	22257,	92.48,	83.85,	83.93,	
700000,	67.576,	205466,	10620,	112818,	20371,	92.47,	83.76,	83.96,	
750000,	72.471,	233755,	13362,	126966,	24679,	92.72,	84.31,	84.46,	
800000,	76.878,	234735,	11859,	129421,	22805,	92.65,	84.23,	84.47,	
850000,	81.055,	262654,	14520,	143503,	27040,	92.96,	84.84,	85.16,	
900000,	84.767,	263704,	13020,	145837,	25322,	92.64,	84.14,	84.27,	
950000,	88.077,	291538,	15700,	160131,	29498,	92.72,	84.39,	84.56,	
1000000,	90.638,	292180,	14187,	162354,	27739,	92.83,	84.57,	84.78,	

1000000,	90.638,	583718,	29887,	322485,	57237,	91.29,	81.24,	81.5,	
Pool,	TP,	FN,	TN,	FP
1,	10590,	2012,	2887,	2663,	
2,	37930,	5079,	22686,	6985,	
3,	86219,	6372,	62474,	8494,	
4,	165462,	7841,	97560,	14061,	
5,	283517,	8583,	136878,	25034,	





OzaBagHT-ProcessRBF
Speed Change:,	0.01,	Centroids:,	200,	DriftCentroid:	100
GracePeriod:,	200,	TieThreshold:,	0.05,	BinarySplit:,	false,	BaseClassifier:,	HT,	
EnsembleSize:,	5
Count,	Time,	TP,	FN,	TN,	FP,	Accu,	Kappa,	Kpa_t,	Mem,	Depth,	TSize,	DcNod,	ActLf,	InacLf,	Reset,	Alter,	Switch,	Prune,	ClOp0,	ClOp1,	ClOp2,	ClOp3
50000,	8.552,	17034,	4896,	24399,	3668,	82.87,	65.0,	65.28,	
100000,	15.732,	18467,	3471,	26354,	1708,	89.64,	78.78,	78.94,	
150000,	21.748,	36150,	7684,	50917,	5246,	91.27,	82.16,	82.24,	
200000,	27.183,	37807,	6017,	52960,	3216,	91.89,	83.44,	83.64,	
250000,	31.797,	55630,	10101,	77660,	6606,	92.45,	84.57,	84.49,	
300000,	35.966,	57222,	8334,	79953,	4491,	92.82,	85.3,	85.38,	
350000,	39.836,	75337,	12372,	104455,	7833,	93.0,	85.73,	85.84,	
400000,	42.974,	76935,	10523,	106811,	5731,	93.14,	86.0,	86.04,	
450000,	45.449,	95221,	14538,	131183,	9055,	93.22,	86.19,	86.24,	
500000,	47.406,	96634,	12578,	133863,	6922,	93.51,	86.73,	86.82,	
550000,	49.641,	115122,	16654,	157961,	10253,	93.37,	86.49,	86.63,	
600000,	56.52,	116485,	14508,	160736,	8175,	93.63,	87.02,	87.09,	
650000,	62.79,	134197,	18717,	184938,	11389,	93.6,	86.94,	87.03,	
700000,	68.492,	135578,	16480,	187686,	9375,	93.66,	87.06,	87.18,	
750000,	73.796,	153113,	20621,	211684,	12551,	93.87,	87.52,	87.46,	
800000,	78.399,	154396,	18440,	214454,	10474,	93.88,	87.55,	87.59,	
850000,	82.452,	171327,	22619,	238603,	13730,	93.65,	87.04,	87.13,	
900000,	85.966,	173017,	20382,	241497,	11579,	93.91,	87.56,	87.49,	
950000,	89.114,	189774,	24515,	265737,	14802,	94.06,	87.88,	87.9,	
1000000,	91.632,	190862,	22381,	268447,	12674,	93.81,	87.38,	87.37,	

1000000,	91.632,	380636,	46896,	534184,	27476,	92.56,	84.82,	84.89,	
Pool,	TP,	FN,	TN,	FP
1,	5089,	977,	10498,	1607,	
2,	28898,	8389,	31920,	3399,	
3,	79993,	10926,	69039,	3691,	
4,	141216,	21111,	119939,	7841,	
5,	125440,	5493,	302788,	10938,	





OzaBagHT-ProcessRBF
Speed Change:,	0.01,	Centroids:,	250,	DriftCentroid:	100
GracePeriod:,	200,	TieThreshold:,	0.05,	BinarySplit:,	false,	BaseClassifier:,	HT,	
EnsembleSize:,	5
Count,	Time,	TP,	FN,	TN,	FP,	Accu,	Kappa,	Kpa_t,	Mem,	Depth,	TSize,	DcNod,	ActLf,	InacLf,	Reset,	Alter,	Switch,	Prune,	ClOp0,	ClOp1,	ClOp2,	ClOp3
50000,	7.899,	17964,	6150,	21186,	4698,	78.3,	56.46,	56.02,	
100000,	14.448,	20404,	3927,	22867,	2802,	86.54,	73.03,	73.11,	
150000,	20.221,	38919,	9415,	44468,	7196,	88.47,	76.9,	77.06,	
200000,	25.683,	41425,	7024,	46597,	4954,	89.5,	78.95,	78.76,	
250000,	30.305,	60288,	12225,	68307,	9178,	90.42,	80.79,	80.86,	
300000,	34.544,	62579,	9924,	70642,	6855,	90.4,	80.74,	80.78,	
350000,	38.088,	81533,	15033,	92444,	10988,	90.76,	81.47,	81.53,	
400000,	41.154,	83743,	12718,	94884,	8655,	90.81,	81.56,	81.53,	
450000,	43.768,	103013,	17635,	116572,	12778,	91.22,	82.39,	82.5,	
500000,	45.736,	105349,	15307,	118866,	10478,	91.18,	82.32,	82.31,	
550000,	48.074,	124496,	20199,	140789,	14514,	91.4,	82.75,	82.66,	
600000,	54.791,	126933,	17829,	143049,	12189,	91.53,	83.03,	83.16,	
650000,	61.176,	146206,	22568,	165043,	16181,	91.93,	83.82,	83.78,	
700000,	67.023,	148511,	20218,	167340,	13931,	91.74,	83.43,	83.53,	
750000,	72.273,	167973,	24923,	189225,	17877,	91.9,	83.76,	83.74,	
800000,	76.938,	170211,	22529,	191630,	15598,	92.04,	84.05,	84.17,	
850000,	81.11,	189697,	27264,	213431,	19606,	91.86,	83.68,	83.65,	
900000,	84.785,	191962,	24855,	215830,	17321,	91.9,	83.77,	83.9,	
950000,	87.87,	211308,	29541,	237864,	21201,	92.26,	84.47,	84.54,	
1000000,	90.533,	213735,	27114,	240032,	18917,	92.29,	84.55,	84.47,	

1000000,	90.533,	425043,	56655,	477896,	40118,	90.32,	80.6,	80.62,	
Pool,	TP,	FN,	TN,	FP
1,	4745,	2757,	8765,	1895,	
2,	40553,	7404,	22841,	1875,	
3,	77048,	8503,	73585,	4486,	
4,	63800,	11967,	197624,	17440,	
5,	238897,	26024,	175081,	14422,	





OzaBagHT-ProcessRBF
Speed Change:,	0.01,	Centroids:,	100,	DriftCentroid:	20
GracePeriod:,	200,	TieThreshold:,	0.05,	BinarySplit:,	false,	BaseClassifier:,	HT,	
EnsembleSize:,	5
Count,	Time,	TP,	FN,	TN,	FP,	Accu,	Kappa,	Kpa_t,	Mem,	Depth,	TSize,	DcNod,	ActLf,	InacLf,	Reset,	Alter,	Switch,	Prune,	ClOp0,	ClOp1,	ClOp2,	ClOp3
50000,	7.889,	13907,	6676,	25553,	3860,	78.92,	55.58,	56.48,	
100000,	14.208,	16081,	4600,	26845,	2474,	85.85,	70.39,	70.75,	
150000,	20.052,	30662,	10851,	52786,	5697,	87.98,	74.91,	75.44,	
200000,	25.27,	33179,	8364,	54210,	4247,	88.93,	76.92,	77.09,	
250000,	30.034,	48108,	14463,	80099,	7326,	89.52,	78.22,	78.42,	
300000,	34.151,	50602,	11849,	81753,	5796,	89.93,	79.04,	79.13,	
350000,	37.854,	65669,	17799,	107706,	8822,	90.34,	79.89,	80.3,	
400000,	41.005,	68202,	15141,	109404,	7253,	90.5,	80.23,	80.5,	
450000,	43.584,	83248,	20996,	135487,	10265,	90.72,	80.66,	80.92,	
500000,	45.509,	85862,	18256,	137200,	8682,	90.91,	81.07,	81.36,	
550000,	47.828,	101009,	24146,	163192,	11602,	91.03,	81.35,	81.68,	
600000,	54.635,	103455,	21305,	164870,	9986,	91.29,	81.93,	82.07,	
650000,	60.908,	118846,	27088,	191044,	12966,	91.39,	82.08,	82.34,	
700000,	66.68,	120440,	24339,	192806,	11262,	91.38,	82.04,	82.19,	
750000,	71.897,	135813,	30073,	218816,	14321,	91.32,	81.95,	82.29,	
800000,	76.593,	137850,	27168,	220642,	12578,	91.71,	82.77,	83.05,	
850000,	80.706,	152982,	33021,	246584,	15594,	91.56,	82.47,	82.66,	
900000,	84.43,	155630,	30042,	248554,	13849,	91.71,	82.75,	82.94,	
950000,	87.511,	170172,	35928,	274399,	16887,	91.6,	82.54,	82.74,	
1000000,	90.097,	172740,	32887,	276557,	15114,	91.78,	82.88,	83.09,	

1000000,	90.097,	342912,	68815,	550956,	32001,	89.92,	79.0,	79.28,	
Pool,	TP,	FN,	TN,	FP
1,	4330,	3447,	7694,	2721,	
2,	28748,	5637,	35619,	2781,	
3,	80956,	18381,	59911,	4433,	
4,	122389,	20588,	141104,	6626,	
5,	106489,	20762,	306628,	15440,	





OzaBagHT-ProcessRBF
Speed Change:,	0.01,	Centroids:,	100,	DriftCentroid:	40
GracePeriod:,	200,	TieThreshold:,	0.05,	BinarySplit:,	false,	BaseClassifier:,	HT,	
EnsembleSize:,	5
Count,	Time,	TP,	FN,	TN,	FP,	Accu,	Kappa,	Kpa_t,	Mem,	Depth,	TSize,	DcNod,	ActLf,	InacLf,	Reset,	Alter,	Switch,	Prune,	ClOp0,	ClOp1,	ClOp2,	ClOp3
50000,	7.808,	16080,	4802,	25062,	4052,	82.29,	63.4,	63.36,	
100000,	14.066,	17485,	3290,	26541,	2684,	88.05,	75.3,	75.44,	
150000,	19.837,	33926,	7612,	51966,	6492,	89.5,	78.29,	78.45,	
200000,	24.904,	35477,	5781,	53815,	4927,	90.53,	80.39,	80.41,	
250000,	29.648,	52227,	10117,	79096,	8556,	90.86,	81.14,	81.34,	
300000,	33.679,	53927,	8181,	80948,	6944,	91.17,	81.78,	81.85,	
350000,	37.265,	70521,	12483,	106632,	10360,	91.66,	82.73,	82.92,	
400000,	40.217,	72352,	10587,	108326,	8735,	91.61,	82.66,	82.79,	
450000,	42.667,	89030,	14840,	133944,	12182,	91.64,	82.75,	82.97,	
500000,	44.538,	90901,	12841,	135819,	10439,	92.08,	83.65,	83.77,	
550000,	46.806,	107671,	17028,	161360,	13937,	92.11,	83.73,	83.71,	
600000,	53.736,	109623,	15037,	163113,	12227,	92.03,	83.58,	83.68,	
650000,	59.891,	126338,	19143,	188817,	15698,	92.25,	84.0,	84.11,	
700000,	65.727,	128351,	17130,	190611,	13908,	92.45,	84.43,	84.47,	
750000,	71.207,	144944,	21210,	216476,	17366,	92.53,	84.56,	84.61,	
800000,	75.93,	147100,	19222,	218122,	15556,	92.52,	84.57,	84.68,	
850000,	79.958,	163648,	23232,	244135,	18981,	92.73,	84.97,	85.08,	
900000,	83.591,	165833,	21303,	245696,	17168,	92.61,	84.75,	84.81,	
950000,	86.602,	182305,	25233,	271854,	20604,	92.75,	85.01,	85.12,	
1000000,	89.123,	184449,	23337,	273382,	18832,	92.6,	84.71,	84.75,	

1000000,	89.123,	366754,	48570,	545236,	39436,	91.2,	81.82,	81.92,	
Pool,	TP,	FN,	TN,	FP
1,	7204,	2311,	7560,	1137,	
2,	27386,	4843,	35576,	5037,	
3,	52337,	9032,	98325,	3999,	
4,	117950,	10176,	145358,	17403,	
5,	161877,	22208,	258417,	11860,	





OzaBagHT-ProcessRBF
Speed Change:,	0.01,	Centroids:,	100,	DriftCentroid:	60
GracePeriod:,	200,	TieThreshold:,	0.05,	BinarySplit:,	false,	BaseClassifier:,	HT,	
EnsembleSize:,	5
Count,	Time,	TP,	FN,	TN,	FP,	Accu,	Kappa,	Kpa_t,	Mem,	Depth,	TSize,	DcNod,	ActLf,	InacLf,	Reset,	Alter,	Switch,	Prune,	ClOp0,	ClOp1,	ClOp2,	ClOp3
50000,	7.95,	22836,	3635,	20014,	3513,	85.7,	71.31,	71.09,	
100000,	14.158,	24163,	2252,	21849,	1736,	92.02,	84.02,	84.01,	
150000,	19.896,	47267,	5704,	42100,	4927,	93.03,	86.04,	86.01,	
200000,	25.0,	48901,	3989,	44053,	3057,	93.88,	87.74,	87.7,	
250000,	29.783,	71882,	7377,	64614,	6125,	94.26,	88.5,	88.53,	
300000,	33.893,	73255,	5549,	66700,	4213,	94.57,	89.12,	89.13,	
350000,	37.453,	95969,	8848,	87042,	7251,	94.81,	89.59,	89.55,	
400000,	40.48,	97243,	6991,	89133,	5373,	94.8,	89.57,	89.54,	
450000,	42.908,	119194,	10320,	109621,	8327,	94.9,	89.79,	89.78,	
500000,	44.774,	120139,	8446,	111373,	6463,	94.91,	89.78,	89.78,	
550000,	46.991,	140894,	11707,	132121,	9444,	94.99,	89.96,	89.88,	
600000,	53.698,	141871,	9800,	133860,	7465,	95.29,	90.55,	90.62,	
650000,	60.046,	162770,	13034,	154810,	10521,	95.19,	90.37,	90.39,	
700000,	65.68,	162538,	11122,	156575,	8485,	95.32,	90.61,	90.67,	
750000,	70.797,	183410,	14345,	177577,	11529,	95.36,	90.71,	90.7,	
800000,	75.314,	183579,	12472,	179202,	9493,	95.28,	90.55,	90.57,	
850000,	79.495,	203013,	15627,	200275,	12554,	95.39,	90.75,	90.75,	
900000,	82.926,	203176,	13801,	201878,	10478,	95.37,	90.72,	90.7,	
950000,	85.897,	222536,	16961,	222802,	13613,	95.21,	90.4,	90.35,	
1000000,	88.312,	222694,	15055,	224456,	11434,	95.58,	91.14,	91.08,	

1000000,	88.312,	445230,	32016,	447258,	25047,	94.29,	88.56,	88.55,	
Pool,	TP,	FN,	TN,	FP
1,	8888,	2719,	5542,	1048,	
2,	27065,	2773,	37291,	5500,	
3,	102949,	3947,	48290,	2184,	
4,	113630,	8400,	146345,	11673,	
5,	192698,	14177,	209790,	4642,	





OzaBagHT-ProcessRBF
Speed Change:,	0.01,	Centroids:,	100,	DriftCentroid:	80
GracePeriod:,	200,	TieThreshold:,	0.05,	BinarySplit:,	false,	BaseClassifier:,	HT,	
EnsembleSize:,	5
Count,	Time,	TP,	FN,	TN,	FP,	Accu,	Kappa,	Kpa_t,	Mem,	Depth,	TSize,	DcNod,	ActLf,	InacLf,	Reset,	Alter,	Switch,	Prune,	ClOp0,	ClOp1,	ClOp2,	ClOp3
50000,	7.939,	17211,	5210,	24169,	3407,	82.76,	64.89,	65.22,	
100000,	14.277,	19412,	3247,	24702,	2639,	88.23,	76.19,	76.29,	
150000,	19.999,	36647,	8131,	49534,	5685,	89.6,	78.91,	78.88,	
200000,	25.281,	39339,	5837,	50159,	4665,	90.77,	81.31,	81.26,	
250000,	29.914,	56776,	10590,	74860,	7771,	90.91,	81.62,	81.69,	
300000,	34.219,	59484,	7940,	75745,	6620,	91.88,	83.59,	83.47,	
350000,	37.826,	77195,	12583,	100318,	9868,	91.82,	83.47,	83.52,	
400000,	41.023,	79262,	9869,	101422,	8506,	92.37,	84.58,	84.69,	
450000,	43.506,	96676,	14473,	125856,	11654,	92.65,	85.16,	85.2,	
500000,	45.437,	98060,	11776,	126922,	10224,	92.75,	85.38,	85.3,	
550000,	47.88,	115214,	16271,	151619,	13395,	92.92,	85.7,	85.77,	
600000,	54.828,	116623,	13626,	152638,	11893,	92.96,	85.78,	85.87,	
650000,	61.36,	134031,	18192,	177350,	14971,	93.01,	85.87,	85.92,	
700000,	67.297,	135015,	15533,	178437,	13444,	93.08,	86.03,	86.12,	
750000,	72.485,	152254,	20001,	203229,	16605,	93.11,	86.08,	86.1,	
800000,	77.216,	153277,	17287,	204394,	15049,	93.28,	86.41,	86.34,	
850000,	81.365,	169919,	21805,	229064,	18136,	93.33,	86.53,	86.61,	
900000,	85.06,	171007,	18965,	230258,	16558,	93.63,	87.13,	87.14,	
950000,	88.206,	187919,	23473,	254883,	19722,	93.49,	86.86,	86.84,	
1000000,	90.889,	189056,	20654,	256008,	18149,	93.44,	86.76,	86.78,	

1000000,	90.889,	376975,	44127,	510891,	37871,	91.8,	83.42,	83.45,	
Pool,	TP,	FN,	TN,	FP
1,	4699,	3641,	8262,	1626,	
2,	34225,	6759,	26041,	5777,	
3,	59502,	8799,	88462,	6744,	
4,	82667,	11120,	185743,	11381,	
5,	195882,	13808,	202383,	12343,	





OzaBagHT-ProcessRBF
Speed Change:,	0.01,	Centroids:,	100,	DriftCentroid:	100
GracePeriod:,	200,	TieThreshold:,	0.05,	BinarySplit:,	false,	BaseClassifier:,	HT,	
EnsembleSize:,	5
Count,	Time,	TP,	FN,	TN,	FP,	Accu,	Kappa,	Kpa_t,	Mem,	Depth,	TSize,	DcNod,	ActLf,	InacLf,	Reset,	Alter,	Switch,	Prune,	ClOp0,	ClOp1,	ClOp2,	ClOp3
50000,	8.129,	16841,	5344,	24418,	3393,	82.52,	64.28,	64.51,	
100000,	14.598,	19152,	3054,	25051,	2743,	88.41,	76.49,	76.58,	
150000,	20.599,	36717,	7780,	49663,	5836,	90.24,	80.26,	80.4,	
200000,	25.903,	39086,	5315,	50607,	4992,	90.98,	81.73,	81.62,	
250000,	30.825,	56516,	9876,	75732,	7872,	91.74,	83.21,	83.24,	
300000,	35.023,	59117,	7354,	76572,	6957,	91.99,	83.76,	83.72,	
350000,	38.699,	76922,	11780,	101489,	9805,	92.33,	84.47,	84.46,	
400000,	41.898,	79465,	9201,	102526,	8808,	92.6,	85.02,	85.08,	
450000,	44.446,	97363,	13721,	127268,	11644,	92.44,	84.71,	84.69,	
500000,	46.409,	100043,	11061,	128171,	10725,	92.45,	84.74,	84.7,	
550000,	48.698,	117583,	15531,	153402,	13480,	92.71,	85.21,	85.22,	
600000,	55.715,	120728,	12814,	154012,	12446,	93.05,	85.95,	85.96,	
650000,	62.121,	138027,	17314,	179403,	15252,	92.89,	85.6,	85.63,	
700000,	68.443,	141226,	14517,	180067,	14190,	93.11,	86.04,	86.05,	
750000,	74.085,	158324,	19127,	205498,	17047,	92.78,	85.37,	85.49,	
800000,	78.806,	161642,	16215,	206309,	15834,	93.32,	86.45,	86.44,	
850000,	82.906,	178783,	20820,	231654,	18739,	93.23,	86.28,	86.35,	
900000,	86.503,	182294,	17846,	232350,	17510,	93.39,	86.62,	86.7,	
950000,	89.573,	199373,	22535,	257650,	20438,	93.17,	86.18,	86.2,	
1000000,	92.234,	202662,	19525,	258603,	19178,	93.31,	86.43,	86.39,	

1000000,	92.234,	402035,	42060,	516253,	39616,	91.83,	83.45,	83.47,	
Pool,	TP,	FN,	TN,	FP
1,	9215,	1721,	5905,	1366,	
2,	39678,	6283,	23916,	2942,	
3,	54328,	2022,	101882,	5564,	
4,	96579,	14079,	165657,	14443,	
5,	202235,	17955,	218893,	15301,	





OzaBagHT-ProcessRBF
Speed Change:,	0.01,	Centroids:,	100,	DriftCentroid:	100
GracePeriod:,	200,	TieThreshold:,	0.05,	BinarySplit:,	false,	BaseClassifier:,	HT,	
EnsembleSize:,	5
Count,	Time,	TP,	FN,	TN,	FP,	Accu,	Kappa,	Kpa_t,	Mem,	Depth,	TSize,	DcNod,	ActLf,	InacLf,	Reset,	Alter,	Switch,	Prune,	ClOp0,	ClOp1,	ClOp2,	ClOp3
50000,	8.294,	18805,	4113,	22537,	4543,	82.68,	65.18,	65.29,	
100000,	14.634,	20466,	2819,	24125,	2590,	89.18,	78.25,	78.21,	
150000,	20.442,	39621,	6374,	47123,	6880,	90.8,	81.5,	81.59,	
200000,	25.602,	41357,	5000,	48816,	4827,	91.16,	82.23,	82.23,	
250000,	30.282,	60562,	8510,	72020,	8906,	91.68,	83.25,	83.37,	
300000,	34.382,	62203,	7148,	73932,	6717,	91.92,	83.73,	83.8,	
350000,	37.949,	81639,	10518,	96985,	10856,	92.08,	84.07,	84.01,	
400000,	41.369,	83086,	9146,	99154,	8614,	92.21,	84.3,	84.19,	
450000,	44.225,	102727,	12422,	122089,	12760,	92.38,	84.67,	84.74,	
500000,	46.414,	104216,	11085,	124240,	10459,	92.43,	84.77,	84.84,	
550000,	48.805,	123655,	14306,	147476,	14561,	92.63,	85.14,	85.05,	
600000,	55.794,	125571,	12807,	149392,	12230,	93.01,	85.95,	85.92,	
650000,	62.517,	145050,	16155,	172512,	16281,	92.86,	85.65,	85.73,	
700000,	68.405,	146911,	14597,	174556,	13936,	93.01,	85.93,	85.9,	
750000,	73.702,	166598,	17905,	197543,	17952,	93.16,	86.25,	86.17,	
800000,	78.376,	168442,	16236,	199714,	15608,	93.38,	86.69,	86.57,	
850000,	82.565,	187844,	19561,	222886,	19707,	93.18,	86.26,	86.28,	
900000,	86.224,	189895,	17947,	224871,	17284,	93.23,	86.38,	86.47,	
950000,	89.356,	209381,	21181,	248063,	21372,	93.43,	86.79,	86.76,	
1000000,	91.974,	211454,	19607,	250009,	18927,	93.39,	86.72,	86.74,	

1000000,	91.974,	420835,	40788,	498072,	40299,	91.89,	83.68,	83.69,	
Pool,	TP,	FN,	TN,	FP
1,	8107,	600,	6763,	2748,	
2,	44456,	8132,	18862,	1299,	
3,	81037,	6483,	63632,	12393,	
4,	171687,	15609,	93655,	9903,	
5,	115548,	9964,	315160,	13956,	





OzaBagHT-ProcessRBF
Speed Change:,	0.01,	Centroids:,	100,	DriftCentroid:	100
GracePeriod:,	400,	TieThreshold:,	0.05,	BinarySplit:,	false,	BaseClassifier:,	HT,	
EnsembleSize:,	5
Count,	Time,	TP,	FN,	TN,	FP,	Accu,	Kappa,	Kpa_t,	Mem,	Depth,	TSize,	DcNod,	ActLf,	InacLf,	Reset,	Alter,	Switch,	Prune,	ClOp0,	ClOp1,	ClOp2,	ClOp3
50000,	7.938,	21720,	4005,	18420,	5853,	80.28,	60.44,	60.55,	
100000,	14.468,	22937,	2648,	20652,	3763,	87.18,	74.31,	74.17,	
150000,	20.428,	44746,	6608,	39924,	8720,	89.06,	78.1,	78.21,	
200000,	25.746,	45676,	5452,	42742,	6130,	89.66,	79.31,	79.34,	
250000,	30.556,	67688,	9234,	62058,	11018,	90.15,	80.3,	80.2,	
300000,	34.799,	68830,	7931,	64896,	8343,	90.62,	81.22,	81.24,	
350000,	38.413,	90865,	11613,	84276,	13244,	90.79,	81.57,	81.54,	
400000,	41.65,	92066,	10270,	87189,	10475,	91.06,	82.11,	82.17,	
450000,	44.117,	114314,	13880,	106431,	15373,	91.21,	82.4,	82.45,	
500000,	46.094,	114493,	12404,	109563,	12612,	91.46,	82.91,	82.95,	
550000,	48.395,	137029,	16005,	128831,	17339,	91.82,	83.63,	83.62,	
600000,	55.374,	136118,	14530,	132079,	14601,	91.77,	83.54,	83.62,	
650000,	61.853,	159342,	18073,	151250,	19285,	91.97,	83.94,	83.98,	
700000,	67.555,	156744,	16649,	154480,	16438,	92.09,	84.17,	84.22,	
750000,	72.872,	180455,	20119,	173793,	21107,	92.26,	84.52,	84.58,	
800000,	77.468,	178005,	18698,	176930,	18331,	92.12,	84.22,	84.33,	
850000,	81.625,	202161,	22237,	196367,	22847,	92.28,	84.56,	84.49,	
900000,	85.245,	198581,	20687,	199688,	20088,	92.51,	85.01,	84.88,	
950000,	88.258,	222655,	24195,	219140,	24641,	92.5,	84.99,	84.92,	
1000000,	90.816,	219365,	22656,	222094,	21775,	92.69,	85.36,	85.37,	

1000000,	90.816,	442020,	46851,	441234,	46416,	90.67,	81.34,	81.34,	
Pool,	TP,	FN,	TN,	FP
1,	7095,	3961,	6040,	1067,	
2,	23804,	4309,	39031,	5585,	
3,	72225,	13060,	67072,	11345,	
4,	172463,	12872,	91612,	14027,	
5,	166433,	12649,	237479,	14392,	





OzaBagHT-ProcessRBF
Speed Change:,	0.01,	Centroids:,	100,	DriftCentroid:	100
GracePeriod:,	800,	TieThreshold:,	0.05,	BinarySplit:,	false,	BaseClassifier:,	HT,	
EnsembleSize:,	5
Count,	Time,	TP,	FN,	TN,	FP,	Accu,	Kappa,	Kpa_t,	Mem,	Depth,	TSize,	DcNod,	ActLf,	InacLf,	Reset,	Alter,	Switch,	Prune,	ClOp0,	ClOp1,	ClOp2,	ClOp3
50000,	8.216,	27511,	3340,	15394,	3751,	85.81,	69.86,	69.97,	
100000,	14.64,	28929,	2023,	16585,	2463,	91.03,	80.89,	80.97,	
150000,	20.364,	56375,	5038,	32586,	5754,	92.6,	84.31,	84.33,	
200000,	25.734,	57309,	3452,	33793,	4237,	93.59,	86.35,	86.41,	
250000,	30.634,	84382,	6359,	50075,	7346,	94.17,	87.62,	87.67,	
300000,	34.723,	84985,	4718,	51312,	5905,	94.13,	87.54,	87.54,	
350000,	38.382,	109633,	7586,	67393,	8954,	94.33,	87.9,	87.83,	
400000,	41.494,	110082,	5904,	68846,	7431,	94.58,	88.46,	88.51,	
450000,	43.919,	135023,	8697,	84935,	10451,	94.78,	88.9,	88.95,	
500000,	45.859,	134979,	6879,	86381,	8980,	94.95,	89.24,	89.3,	
550000,	48.645,	159475,	9651,	102551,	11928,	95.14,	89.65,	89.7,	
600000,	55.392,	159139,	7859,	104096,	10478,	95.04,	89.47,	89.52,	
650000,	61.88,	183964,	10689,	120152,	13343,	95.09,	89.55,	89.59,	
700000,	67.48,	184053,	8873,	121800,	11891,	95.15,	89.68,	89.69,	
750000,	72.578,	207871,	11702,	137754,	14780,	95.1,	89.56,	89.58,	
800000,	77.242,	208094,	9850,	139362,	13248,	95.33,	90.04,	90.11,	
850000,	81.307,	232123,	12626,	155559,	16156,	95.4,	90.23,	90.27,	
900000,	84.91,	231647,	10811,	157019,	14636,	95.3,	90.0,	90.01,	
950000,	87.905,	255079,	13624,	173523,	17520,	95.28,	90.0,	90.03,	
1000000,	90.407,	255070,	11773,	174659,	15987,	95.37,	90.14,	90.23,	

1000000,	90.407,	510149,	25397,	348182,	33507,	94.11,	87.47,	87.51,	
Pool,	TP,	FN,	TN,	FP
1,	7750,	2352,	5650,	2407,	
2,	32760,	4480,	30206,	5186,	
3,	91916,	7803,	55614,	8216,	
4,	109763,	5540,	160182,	15256,	
5,	267960,	5222,	96530,	2442,	





OzaBagHT-ProcessRBF
Speed Change:,	0.01,	Centroids:,	100,	DriftCentroid:	100
GracePeriod:,	1600,	TieThreshold:,	0.05,	BinarySplit:,	false,	BaseClassifier:,	HT,	
EnsembleSize:,	5
Count,	Time,	TP,	FN,	TN,	FP,	Accu,	Kappa,	Kpa_t,	Mem,	Depth,	TSize,	DcNod,	ActLf,	InacLf,	Reset,	Alter,	Switch,	Prune,	ClOp0,	ClOp1,	ClOp2,	ClOp3
50000,	7.64,	32406,	1436,	8769,	7385,	82.35,	55.36,	59.56,	
100000,	14.15,	32611,	1190,	12389,	3810,	90.0,	76.17,	77.16,	
150000,	19.783,	65052,	2587,	21894,	10463,	91.54,	80.08,	80.69,	
200000,	25.059,	65185,	2405,	25771,	6639,	91.91,	81.05,	81.69,	
250000,	29.961,	97909,	3663,	35192,	13232,	92.31,	81.86,	82.41,	
300000,	34.253,	97878,	3449,	39453,	9220,	92.75,	83.07,	83.53,	
350000,	37.88,	130686,	4634,	48884,	15792,	92.94,	83.49,	83.9,	
400000,	41.005,	130725,	4447,	53136,	11692,	93.06,	83.75,	84.09,	
450000,	43.464,	163565,	5584,	62667,	18180,	93.32,	84.38,	84.67,	
500000,	45.346,	163673,	5334,	66977,	14016,	93.58,	84.97,	85.24,	
550000,	47.607,	196446,	6502,	76498,	20550,	93.42,	84.63,	84.89,	
600000,	54.366,	196655,	6252,	80811,	16282,	93.63,	85.09,	85.43,	
650000,	60.844,	229319,	7408,	90454,	22815,	93.66,	85.21,	85.56,	
700000,	66.718,	229602,	7127,	94762,	18509,	93.8,	85.51,	85.82,	
750000,	71.831,	262087,	8305,	104568,	24976,	93.88,	85.78,	86.05,	
800000,	76.52,	262490,	8048,	108845,	20617,	93.94,	85.9,	86.26,	
850000,	80.841,	295132,	9178,	118521,	27105,	94.0,	85.95,	86.19,	
900000,	84.439,	295442,	8881,	122943,	22732,	94.1,	86.26,	86.48,	
950000,	87.558,	327630,	10053,	132374,	29212,	94.04,	85.99,	86.29,	
1000000,	90.213,	326620,	9684,	137105,	24850,	94.16,	86.41,	86.7,	

1000000,	90.213,	654250,	19737,	269479,	54062,	92.62,	82.66,	83.13,	
Pool,	TP,	FN,	TN,	FP
1,	8006,	1401,	7617,	1173,	
2,	30302,	3333,	30999,	8142,	
3,	118988,	2913,	32008,	9688,	
4,	186570,	4083,	89932,	10009,	
5,	310384,	8007,	108923,	25050,	





OzaBagHT-ProcessRBF
Speed Change:,	0.01,	Centroids:,	100,	DriftCentroid:	100
GracePeriod:,	3200,	TieThreshold:,	0.05,	BinarySplit:,	false,	BaseClassifier:,	HT,	
EnsembleSize:,	5
Count,	Time,	TP,	FN,	TN,	FP,	Accu,	Kappa,	Kpa_t,	Mem,	Depth,	TSize,	DcNod,	ActLf,	InacLf,	Reset,	Alter,	Switch,	Prune,	ClOp0,	ClOp1,	ClOp2,	ClOp3
50000,	7.739,	13908,	7123,	24150,	4816,	76.12,	50.25,	50.83,	
100000,	14.071,	16819,	4226,	25808,	3147,	85.25,	69.54,	69.89,	
150000,	19.922,	31431,	10656,	49979,	7931,	86.7,	72.66,	72.76,	
200000,	24.903,	34724,	7371,	51735,	6170,	87.66,	74.68,	74.68,	
250000,	29.601,	49443,	13740,	76253,	10561,	88.57,	76.5,	76.62,	
300000,	33.74,	52664,	10289,	78404,	8643,	89.22,	77.76,	77.86,	
350000,	37.672,	67356,	16870,	102973,	12798,	89.27,	77.85,	78.06,	
400000,	41.214,	70817,	12967,	105233,	10983,	89.96,	79.31,	79.31,	
450000,	43.881,	85730,	19522,	129672,	15073,	90.15,	79.73,	79.76,	
500000,	45.939,	89018,	15497,	132141,	13344,	90.22,	79.82,	79.9,	
550000,	49.235,	104152,	22147,	156421,	17277,	90.34,	80.13,	80.16,	
600000,	56.771,	107691,	18142,	158740,	15427,	90.54,	80.6,	80.69,	
650000,	62.969,	122497,	24614,	183592,	19294,	91.03,	81.49,	81.65,	
700000,	70.417,	126246,	20533,	185773,	17448,	91.18,	81.83,	81.87,	
750000,	77.168,	141049,	27029,	210586,	21333,	91.09,	81.66,	81.65,	
800000,	82.373,	144675,	22970,	212973,	19382,	91.26,	81.96,	81.97,	
850000,	86.649,	159692,	29431,	237648,	23226,	91.41,	82.32,	82.31,	
900000,	90.793,	163442,	25238,	239969,	21351,	91.53,	82.58,	82.55,	
950000,	94.144,	178357,	31733,	264800,	25107,	91.63,	82.77,	82.72,	
1000000,	96.846,	182075,	27592,	267089,	23244,	91.51,	82.51,	82.56,	

1000000,	96.846,	360432,	59325,	531889,	48351,	89.23,	77.82,	77.89,	
Pool,	TP,	FN,	TN,	FP
1,	4509,	2845,	7889,	2914,	
2,	33446,	8198,	23161,	7958,	
3,	96126,	16595,	46705,	4156,	
4,	74759,	6996,	185772,	23323,	
5,	151592,	24691,	268362,	10000,	





OzaBagHT-ProcessRBF
Speed Change:,	0.01,	Centroids:,	100,	DriftCentroid:	100
GracePeriod:,	200,	TieThreshold:,	0.001,	BinarySplit:,	false,	BaseClassifier:,	HT,	
EnsembleSize:,	5
Count,	Time,	TP,	FN,	TN,	FP,	Accu,	Kappa,	Kpa_t,	Mem,	Depth,	TSize,	DcNod,	ActLf,	InacLf,	Reset,	Alter,	Switch,	Prune,	ClOp0,	ClOp1,	ClOp2,	ClOp3
50000,	8.305,	23281,	6141,	12620,	7954,	71.81,	41.01,	41.89,	
100000,	14.891,	23634,	5899,	12565,	7902,	72.4,	42.05,	42.91,	
150000,	20.906,	46742,	12175,	25153,	15926,	71.99,	41.26,	42.27,	
200000,	26.371,	46989,	12081,	25089,	15841,	71.76,	40.81,	41.14,	
250000,	31.525,	70060,	18412,	37801,	23723,	71.93,	41.25,	42.24,	
300000,	36.05,	70262,	18204,	37859,	23675,	72.09,	41.67,	42.42,	
350000,	39.971,	93722,	24166,	50691,	31417,	73.1,	43.68,	44.55,	
400000,	43.233,	94781,	23219,	50942,	31058,	75.2,	47.79,	49.04,	
450000,	45.894,	118417,	29001,	64185,	38393,	76.38,	50.36,	51.07,	
500000,	47.943,	119520,	28103,	64318,	38059,	76.23,	49.97,	50.56,	
550000,	50.358,	142825,	33891,	77620,	45660,	75.69,	49.03,	49.7,	
600000,	57.901,	144149,	32946,	77858,	45047,	76.34,	50.32,	51.63,	
650000,	64.736,	167646,	38793,	90777,	52780,	75.96,	49.25,	49.94,	
700000,	70.73,	169364,	37122,	92391,	51123,	79.5,	57.1,	57.63,	
750000,	75.936,	193511,	42313,	106046,	58126,	82.27,	62.92,	63.33,	
800000,	80.653,	195556,	40420,	107906,	56118,	83.41,	65.29,	65.93,	
850000,	84.731,	219831,	45536,	121443,	63186,	83.43,	65.26,	65.53,	
900000,	88.24,	221686,	43614,	123580,	61120,	83.61,	65.76,	65.99,	
950000,	91.351,	246227,	48761,	136703,	68305,	83.31,	64.93,	65.61,	
1000000,	93.801,	248212,	46730,	138949,	66109,	83.79,	65.93,	66.39,	

1000000,	93.801,	494439,	95491,	275652,	134414,	77.01,	51.78,	52.48,	
Pool,	TP,	FN,	TN,	FP
1,	2873,	5047,	3994,	6330,	
2,	41899,	10753,	4819,	15176,	
3,	38189,	17929,	67063,	40398,	
4,	149614,	51342,	69600,	20187,	
5,	261864,	10420,	130176,	52323,	





OzaBagHT-ProcessRBF
Speed Change:,	0.01,	Centroids:,	100,	DriftCentroid:	100
GracePeriod:,	200,	TieThreshold:,	0.005,	BinarySplit:,	false,	BaseClassifier:,	HT,	
EnsembleSize:,	5
Count,	Time,	TP,	FN,	TN,	FP,	Accu,	Kappa,	Kpa_t,	Mem,	Depth,	TSize,	DcNod,	ActLf,	InacLf,	Reset,	Alter,	Switch,	Prune,	ClOp0,	ClOp1,	ClOp2,	ClOp3
50000,	8.97,	20286,	6305,	16373,	7033,	73.32,	46.32,	46.27,	
100000,	15.451,	20814,	5658,	17027,	6501,	75.68,	51.1,	51.35,	
150000,	21.86,	41595,	11552,	33734,	13116,	77.34,	54.41,	54.33,	
200000,	27.222,	42660,	10180,	34679,	12481,	79.0,	57.73,	57.81,	
250000,	32.296,	64063,	15519,	51208,	19207,	79.88,	59.44,	59.68,	
300000,	36.811,	65333,	13827,	52643,	18197,	81.27,	62.28,	61.93,	
350000,	40.614,	86767,	19302,	69584,	24344,	82.16,	64.08,	64.11,	
400000,	44.004,	87939,	17693,	71586,	22782,	83.1,	66.02,	65.91,	
450000,	46.598,	109353,	22996,	89015,	28633,	84.03,	67.94,	68.11,	
500000,	48.816,	110720,	21437,	90856,	26987,	84.1,	68.05,	68.29,	
550000,	51.081,	132181,	26669,	108273,	32874,	84.17,	68.19,	68.24,	
600000,	58.885,	133873,	24577,	110265,	31285,	85.12,	70.1,	70.18,	
650000,	65.763,	155566,	29742,	127577,	37112,	85.38,	70.58,	70.67,	
700000,	71.997,	157285,	27592,	129672,	35451,	85.64,	71.11,	71.22,	
750000,	77.738,	179015,	32791,	147003,	41188,	85.75,	71.33,	71.37,	
800000,	82.278,	180823,	30578,	149236,	39363,	86.2,	72.24,	72.29,	
850000,	86.247,	202218,	35957,	167046,	44776,	86.49,	72.88,	72.97,	
900000,	89.717,	203976,	33940,	169180,	42904,	86.19,	72.27,	72.4,	
950000,	92.585,	225509,	38975,	187112,	48401,	86.71,	73.32,	73.22,	
1000000,	94.986,	227727,	36676,	188946,	46651,	87.03,	73.91,	74.09,	

1000000,	94.986,	453236,	75651,	376058,	95052,	82.93,	65.67,	65.73,	
Pool,	TP,	FN,	TN,	FP
1,	5431,	1442,	7006,	4276,	
2,	27977,	14192,	13896,	16669,	
3,	79324,	9448,	69820,	4903,	
4,	116059,	39339,	95769,	39918,	
5,	224445,	11230,	189567,	29286,	





OzaBagHT-ProcessRBF
Speed Change:,	0.01,	Centroids:,	100,	DriftCentroid:	100
GracePeriod:,	200,	TieThreshold:,	0.01,	BinarySplit:,	false,	BaseClassifier:,	HT,	
EnsembleSize:,	5
Count,	Time,	TP,	FN,	TN,	FP,	Accu,	Kappa,	Kpa_t,	Mem,	Depth,	TSize,	DcNod,	ActLf,	InacLf,	Reset,	Alter,	Switch,	Prune,	ClOp0,	ClOp1,	ClOp2,	ClOp3
50000,	7.881,	14045,	10152,	20466,	5332,	69.03,	37.61,	37.89,	
100000,	14.415,	15450,	8863,	20109,	5578,	71.12,	41.98,	42.08,	
150000,	20.144,	31651,	16581,	41217,	10546,	76.71,	53.27,	53.0,	
200000,	25.262,	34557,	13926,	41059,	10458,	80.11,	60.17,	59.95,	
250000,	29.871,	51820,	20662,	62328,	15185,	82.56,	65.11,	64.7,	
300000,	34.033,	55103,	17683,	62074,	15140,	83.12,	66.25,	66.14,	
350000,	37.549,	72500,	24206,	83706,	19583,	84.12,	68.24,	68.25,	
400000,	40.601,	76190,	20998,	83559,	19253,	85.14,	70.29,	70.32,	
450000,	43.078,	93932,	26765,	105617,	23681,	86.69,	73.39,	73.4,	
500000,	44.962,	98046,	23319,	105552,	23083,	87.7,	75.42,	75.38,	
550000,	47.277,	116067,	29008,	127741,	27179,	88.52,	77.05,	77.04,	
600000,	53.994,	120284,	25354,	128277,	26085,	89.93,	79.86,	79.76,	
650000,	60.381,	138280,	30990,	150619,	30106,	90.18,	80.37,	80.49,	
700000,	65.894,	142245,	27352,	151575,	28828,	90.52,	81.03,	80.97,	
750000,	71.206,	160252,	33014,	173981,	32748,	90.67,	81.32,	81.33,	
800000,	75.797,	164424,	29402,	174750,	31424,	90.71,	81.41,	81.34,	
850000,	79.673,	182528,	34844,	197366,	35257,	91.32,	82.64,	82.72,	
900000,	83.088,	186604,	31452,	198136,	33808,	91.13,	82.25,	82.27,	
950000,	85.917,	204451,	36914,	221040,	37590,	91.19,	82.37,	82.35,	
1000000,	88.469,	209003,	33438,	221349,	36210,	91.22,	82.44,	82.51,	

1000000,	88.469,	413454,	70352,	442389,	73800,	85.58,	71.15,	71.12,	
Pool,	TP,	FN,	TN,	FP
1,	3136,	2451,	5853,	6733,	
2,	39546,	6847,	15732,	10513,	
3,	125599,	13469,	15184,	9517,	
4,	142380,	34339,	96462,	17479,	
5,	102793,	13246,	309158,	29558,	





OzaBagHT-ProcessRBF
Speed Change:,	0.01,	Centroids:,	100,	DriftCentroid:	100
GracePeriod:,	200,	TieThreshold:,	0.05,	BinarySplit:,	false,	BaseClassifier:,	HT,	
EnsembleSize:,	5
Count,	Time,	TP,	FN,	TN,	FP,	Accu,	Kappa,	Kpa_t,	Mem,	Depth,	TSize,	DcNod,	ActLf,	InacLf,	Reset,	Alter,	Switch,	Prune,	ClOp0,	ClOp1,	ClOp2,	ClOp3
50000,	9.119,	15794,	5171,	26087,	2945,	83.76,	66.16,	66.54,	
100000,	15.841,	18691,	2143,	26780,	2386,	90.94,	81.4,	81.51,	
150000,	21.75,	34764,	7263,	53059,	4911,	91.88,	83.34,	83.29,	
200000,	27.134,	38006,	4073,	53699,	4222,	92.47,	84.58,	84.62,	
250000,	32.133,	54073,	9048,	80338,	6538,	93.18,	86.0,	86.0,	
300000,	37.497,	57452,	5785,	80851,	5912,	93.2,	86.06,	86.09,	
350000,	41.369,	73650,	10615,	107571,	8161,	93.62,	86.93,	86.84,	
400000,	44.519,	76822,	7272,	108439,	7467,	93.92,	87.49,	87.43,	
450000,	47.39,	92995,	12120,	135163,	9719,	93.87,	87.41,	87.36,	
500000,	49.696,	96008,	8775,	136146,	8956,	94.02,	87.68,	87.81,	
550000,	52.141,	112085,	13640,	162713,	11161,	94.08,	87.84,	87.78,	
600000,	59.2,	114475,	10237,	163690,	10347,	94.29,	88.29,	88.34,	
650000,	65.578,	130333,	15086,	190406,	12635,	94.16,	87.99,	88.03,	
700000,	71.407,	133006,	11644,	191187,	11761,	94.36,	88.43,	88.39,	
750000,	76.702,	148959,	16484,	217948,	14047,	94.38,	88.47,	88.48,	
800000,	81.416,	151055,	13022,	218646,	13203,	94.36,	88.44,	88.46,	
850000,	85.582,	167470,	17956,	245411,	15425,	94.3,	88.32,	88.36,	
900000,	89.48,	169291,	14384,	246153,	14647,	94.39,	88.49,	88.53,	
950000,	92.646,	185110,	19261,	272744,	16889,	94.46,	88.67,	88.62,	
1000000,	95.13,	187046,	15671,	273672,	16081,	94.56,	88.85,	88.81,	

1000000,	95.13,	372156,	34932,	546416,	32970,	93.21,	86.06,	86.07,	
Pool,	TP,	FN,	TN,	FP
1,	12067,	3095,	2838,	142,	
2,	33613,	7664,	27603,	3806,	
3,	44292,	5456,	102688,	11080,	
4,	161613,	11370,	107130,	7863,	
5,	120571,	7347,	306157,	10079,	





OzaBagHT-ProcessRBF
Speed Change:,	0.01,	Centroids:,	100,	DriftCentroid:	100
GracePeriod:,	200,	TieThreshold:,	0.1,	BinarySplit:,	false,	BaseClassifier:,	HT,	
EnsembleSize:,	5
Count,	Time,	TP,	FN,	TN,	FP,	Accu,	Kappa,	Kpa_t,	Mem,	Depth,	TSize,	DcNod,	ActLf,	InacLf,	Reset,	Alter,	Switch,	Prune,	ClOp0,	ClOp1,	ClOp2,	ClOp3
50000,	8.551,	28268,	2078,	16245,	3406,	89.03,	76.72,	76.89,	
100000,	15.403,	28846,	1273,	17662,	2203,	93.05,	85.37,	85.37,	
150000,	21.695,	56740,	3240,	34147,	5379,	93.73,	86.82,	86.9,	
200000,	27.432,	57080,	2416,	35507,	4043,	94.03,	87.42,	87.5,	
250000,	32.549,	84215,	4323,	52063,	7218,	94.16,	87.69,	87.69,	
300000,	36.988,	83548,	3554,	53515,	5828,	94.15,	87.71,	87.78,	
350000,	40.959,	110327,	5386,	70051,	8990,	94.33,	88.06,	88.22,	
400000,	44.334,	109726,	4585,	71645,	7414,	94.77,	88.99,	88.98,	
450000,	47.456,	135887,	6454,	88181,	10660,	94.52,	88.49,	88.58,	
500000,	49.929,	135047,	5616,	89887,	9147,	94.47,	88.41,	88.5,	
550000,	52.695,	161012,	7513,	106268,	12214,	94.77,	88.99,	89.06,	
600000,	59.856,	159808,	6632,	108003,	10764,	94.73,	88.92,	89.01,	
650000,	66.476,	185927,	8509,	124598,	13819,	94.8,	89.09,	89.21,	
700000,	72.64,	184392,	7548,	126201,	12329,	95.04,	89.56,	89.57,	
750000,	78.848,	209764,	9491,	142841,	15443,	94.79,	89.06,	89.13,	
800000,	84.055,	207959,	8549,	144429,	13881,	94.89,	89.27,	89.35,	
850000,	88.765,	233453,	10434,	161150,	17000,	95.0,	89.5,	89.56,	
900000,	93.442,	231128,	9515,	162840,	15464,	94.9,	89.32,	89.44,	
950000,	97.323,	256512,	11388,	179351,	18635,	94.82,	89.12,	89.2,	
1000000,	100.784,	254353,	10461,	181173,	16963,	95.11,	89.73,	89.77,	

1000000,	100.784,	510865,	21849,	360524,	35598,	94.26,	87.92,	87.99,	
Pool,	TP,	FN,	TN,	FP
1,	3554,	298,	11014,	3361,	
2,	27083,	1910,	36625,	7018,	
3,	74697,	4904,	70487,	8008,	
4,	184745,	8040,	73042,	7410,	
5,	220786,	6697,	169356,	9801,	





OzaBagHT-ProcessRBF
Speed Change:,	0.01,	Centroids:,	100,	DriftCentroid:	100
GracePeriod:,	200,	TieThreshold:,	0.01,	BinarySplit:,	true,	BaseClassifier:,	HT,	
EnsembleSize:,	5
Count,	Time,	TP,	FN,	TN,	FP,	Accu,	Kappa,	Kpa_t,	Mem,	Depth,	TSize,	DcNod,	ActLf,	InacLf,	Reset,	Alter,	Switch,	Prune,	ClOp0,	ClOp1,	ClOp2,	ClOp3
50000,	8.498,	13195,	5910,	25155,	5737,	76.7,	50.58,	50.42,	
100000,	15.6,	13610,	5380,	26420,	4590,	80.06,	57.33,	58.1,	
150000,	22.336,	28449,	9694,	53814,	8040,	87.83,	73.79,	74.23,	
200000,	28.918,	28860,	9046,	55608,	6486,	88.88,	75.91,	76.35,	
250000,	34.363,	44099,	13167,	82965,	9766,	89.6,	77.6,	78.07,	
300000,	38.953,	45206,	12010,	84712,	8072,	90.9,	80.55,	80.85,	
350000,	42.828,	60531,	15869,	112248,	11349,	91.43,	81.66,	81.87,	
400000,	46.117,	61736,	14513,	114187,	9564,	92.01,	82.88,	83.09,	
450000,	48.782,	76922,	18433,	142046,	12596,	92.38,	83.59,	83.89,	
500000,	50.784,	78204,	16944,	144024,	10828,	92.61,	84.09,	84.37,	
550000,	53.261,	93565,	20890,	171739,	13803,	92.67,	84.28,	84.56,	
600000,	62.741,	95005,	19359,	173717,	11919,	92.99,	84.99,	85.11,	
650000,	69.843,	110213,	23274,	201678,	14832,	93.17,	85.32,	85.5,	
700000,	77.33,	111725,	21645,	203633,	12997,	93.27,	85.55,	85.81,	
750000,	83.636,	127071,	25468,	231606,	15852,	93.57,	86.21,	86.45,	
800000,	88.316,	128467,	23891,	233615,	14027,	93.45,	85.92,	85.99,	
850000,	92.266,	144190,	27573,	261346,	16888,	93.72,	86.59,	86.71,	
900000,	95.599,	145373,	26005,	263576,	15046,	93.73,	86.56,	86.79,	
950000,	98.695,	160940,	29686,	291563,	17808,	93.93,	86.93,	87.14,	
1000000,	101.34,	162138,	28100,	293735,	16027,	93.85,	86.75,	86.96,	

1000000,	101.34,	323078,	57786,	585298,	33835,	90.84,	80.33,	80.61,	
Pool,	TP,	FN,	TN,	FP
1,	3552,	4782,	7270,	2534,	
2,	22535,	11425,	35135,	3511,	
3,	14151,	13724,	124797,	10989,	
4,	126215,	12066,	147937,	4929,	
5,	156625,	15789,	270159,	11872,	





OzaBagHT-ProcessRBF
Speed Change:,	0.01,	Centroids:,	100,	DriftCentroid:	100
GracePeriod:,	200,	TieThreshold:,	0.01,	BinarySplit:,	true,	BaseClassifier:,	HT,	
EnsembleSize:,	5
Count,	Time,	TP,	FN,	TN,	FP,	Accu,	Kappa,	Kpa_t,	Mem,	Depth,	TSize,	DcNod,	ActLf,	InacLf,	Reset,	Alter,	Switch,	Prune,	ClOp0,	ClOp1,	ClOp2,	ClOp3
50000,	9.203,	17071,	6078,	20781,	6066,	75.71,	51.15,	50.9,	
100000,	16.496,	17469,	5606,	21301,	5624,	77.54,	54.81,	54.64,	
150000,	22.967,	34681,	11364,	42759,	11192,	79.18,	58.03,	58.24,	
200000,	29.036,	35789,	10350,	43717,	10144,	81.47,	62.69,	62.46,	
250000,	34.065,	53407,	15818,	65749,	15022,	83.43,	66.63,	66.75,	
300000,	38.753,	54648,	14603,	66955,	13794,	84.19,	68.15,	68.22,	
350000,	43.08,	72315,	20165,	89139,	18377,	84.6,	68.95,	69.07,	
400000,	46.479,	73677,	18774,	90407,	17142,	84.96,	69.7,	69.87,	
450000,	49.228,	91510,	24118,	112899,	21469,	85.91,	71.59,	71.62,	
500000,	51.251,	92910,	22500,	114462,	20128,	86.58,	72.91,	73.09,	
550000,	53.665,	111219,	27588,	136864,	24325,	87.35,	74.52,	74.46,	
600000,	61.641,	112884,	25734,	138258,	23124,	87.54,	74.93,	74.88,	
650000,	68.789,	131267,	30681,	160881,	27167,	88.13,	76.11,	76.1,	
700000,	74.667,	132742,	28908,	162472,	25878,	88.14,	76.11,	76.13,	
750000,	79.962,	151430,	33772,	184867,	29927,	88.3,	76.46,	76.44,	
800000,	85.516,	152925,	31773,	186738,	28564,	88.9,	77.65,	77.58,	
850000,	89.806,	171669,	36679,	209227,	32421,	89.2,	78.25,	78.38,	
900000,	93.633,	173214,	34524,	211262,	31000,	89.63,	79.1,	79.06,	
950000,	96.704,	192145,	39448,	233658,	34745,	89.81,	79.5,	79.55,	
1000000,	99.131,	193759,	37149,	235950,	33142,	90.47,	80.8,	80.65,	

1000000,	99.131,	385904,	76597,	469608,	67887,	85.55,	70.9,	70.91,	
Pool,	TP,	FN,	TN,	FP
1,	5055,	407,	8585,	4141,	
2,	25696,	12784,	22292,	11978,	
3,	65916,	9597,	79628,	8464,	
4,	91611,	38118,	135758,	25409,	
5,	197626,	15691,	223345,	17895,	





OzaBagHT-ProcessRBF
Speed Change:,	0.01,	Centroids:,	100,	DriftCentroid:	100
GracePeriod:,	200,	TieThreshold:,	0.01,	BinarySplit:,	true,	BaseClassifier:,	HT,	
EnsembleSize:,	5
Count,	Time,	TP,	FN,	TN,	FP,	Accu,	Kappa,	Kpa_t,	Mem,	Depth,	TSize,	DcNod,	ActLf,	InacLf,	Reset,	Alter,	Switch,	Prune,	ClOp0,	ClOp1,	ClOp2,	ClOp3
50000,	7.899,	17170,	7125,	16764,	8937,	67.87,	35.82,	35.91,	
100000,	14.266,	17618,	6441,	18242,	7699,	71.72,	43.47,	43.1,	
150000,	20.115,	35402,	13074,	37619,	13901,	78.17,	56.24,	56.27,	
200000,	25.503,	36521,	11956,	39456,	12067,	80.23,	60.4,	60.34,	
250000,	30.602,	55169,	17652,	59327,	17848,	82.95,	65.85,	66.11,	
300000,	35.158,	56777,	15977,	62050,	15196,	85.7,	71.35,	71.18,	
350000,	38.722,	75448,	21686,	82018,	20844,	85.94,	71.83,	71.95,	
400000,	41.717,	77191,	19933,	85149,	17727,	87.03,	74.0,	73.83,	
450000,	44.137,	95916,	25631,	105304,	23145,	87.51,	74.96,	74.94,	
500000,	45.986,	97534,	23846,	108730,	19890,	87.85,	75.62,	75.49,	
550000,	48.361,	116279,	29362,	128978,	25377,	88.07,	76.06,	76.19,	
600000,	55.143,	118022,	27575,	132366,	22037,	88.25,	76.43,	76.34,	
650000,	61.523,	137104,	33022,	152435,	27435,	88.56,	77.09,	77.0,	
700000,	67.506,	138663,	31120,	156131,	24086,	88.81,	77.56,	77.4,	
750000,	73.541,	157994,	36557,	176027,	29418,	88.96,	77.88,	77.92,	
800000,	78.124,	159557,	34467,	179894,	26082,	89.31,	78.57,	78.92,	
850000,	82.186,	179004,	39902,	199685,	31405,	89.34,	78.63,	78.68,	
900000,	86.107,	180615,	37655,	203666,	28064,	89.66,	79.27,	79.41,	
950000,	88.933,	200015,	43035,	223564,	33382,	89.78,	79.5,	79.36,	
1000000,	91.216,	201769,	40738,	227496,	29997,	89.97,	79.89,	79.92,	

1000000,	91.216,	401784,	83773,	451060,	63379,	85.28,	70.51,	70.51,	
Pool,	TP,	FN,	TN,	FP
1,	7033,	3547,	6020,	1577,	
2,	12814,	8631,	37391,	13838,	
3,	38959,	19748,	85161,	19736,	
4,	210958,	24419,	48031,	7645,	
5,	132020,	27428,	274457,	20583,	





OzaBagHT-ProcessRBF
Speed Change:,	0.01,	Centroids:,	100,	DriftCentroid:	100
GracePeriod:,	200,	TieThreshold:,	0.01,	BinarySplit:,	true,	BaseClassifier:,	HT,	
EnsembleSize:,	5
Count,	Time,	TP,	FN,	TN,	FP,	Accu,	Kappa,	Kpa_t,	Mem,	Depth,	TSize,	DcNod,	ActLf,	InacLf,	Reset,	Alter,	Switch,	Prune,	ClOp0,	ClOp1,	ClOp2,	ClOp3
50000,	7.744,	5723,	15299,	24781,	4195,	61.01,	13.74,	19.4,	
100000,	14.51,	7484,	13472,	24581,	4463,	64.13,	21.64,	26.17,	
150000,	20.458,	19117,	22969,	49256,	8656,	75.74,	49.19,	50.06,	
200000,	25.945,	21898,	19956,	49625,	8521,	78.92,	55.94,	57.09,	
250000,	31.071,	33442,	29524,	74255,	12777,	78.65,	55.37,	56.14,	
300000,	35.72,	36633,	26367,	74474,	12526,	79.17,	56.66,	57.09,	
350000,	39.621,	48542,	35546,	99258,	16652,	80.21,	58.87,	59.37,	
400000,	42.73,	51789,	32382,	99445,	16384,	80.25,	59.0,	59.51,	
450000,	45.285,	63926,	41330,	124281,	20461,	80.81,	60.21,	60.83,	
500000,	47.239,	67421,	37747,	125070,	19762,	82.51,	63.63,	64.3,	
550000,	49.481,	79599,	46646,	150225,	23528,	83.23,	65.06,	65.41,	
600000,	56.507,	83318,	42826,	151077,	22779,	83.81,	66.3,	66.97,	
650000,	62.674,	95588,	51712,	176260,	26438,	84.05,	66.82,	67.36,	
700000,	68.249,	99534,	47690,	177075,	25701,	84.43,	67.67,	68.25,	
750000,	73.346,	111677,	56497,	202436,	29388,	84.53,	67.79,	68.48,	
800000,	78.031,	115613,	52642,	203228,	28517,	84.46,	67.68,	68.35,	
850000,	82.037,	127887,	61347,	228494,	32270,	84.54,	67.88,	68.22,	
900000,	85.418,	131888,	57348,	229553,	31211,	85.2,	69.21,	69.54,	
950000,	88.206,	144074,	66094,	255016,	34814,	85.42,	69.6,	70.21,	
1000000,	90.439,	148135,	62188,	256087,	33590,	85.56,	69.92,	70.26,	

1000000,	90.439,	292209,	128282,	511103,	68404,	80.33,	58.84,	59.68,	
Pool,	TP,	FN,	TN,	FP
1,	5014,	6639,	5772,	777,	
2,	23387,	20985,	27096,	1453,	
3,	25506,	15999,	99759,	22315,	
4,	157219,	44775,	84507,	4312,	
5,	81083,	39884,	293969,	39547,	





OzaBagHT-ProcessRBF
Speed Change:,	0.01,	Centroids:,	100,	DriftCentroid:	100
GracePeriod:,	200,	TieThreshold:,	0.01,	BinarySplit:,	true,	BaseClassifier:,	HT,	
EnsembleSize:,	5
Count,	Time,	TP,	FN,	TN,	FP,	Accu,	Kappa,	Kpa_t,	Mem,	Depth,	TSize,	DcNod,	ActLf,	InacLf,	Reset,	Alter,	Switch,	Prune,	ClOp0,	ClOp1,	ClOp2,	ClOp3
50000,	7.906,	17047,	7984,	18191,	6775,	70.48,	40.96,	40.39,	
100000,	14.318,	19396,	5771,	19390,	5443,	77.57,	55.15,	54.91,	
150000,	20.279,	37326,	12765,	38061,	11845,	80.3,	60.59,	60.61,	
200000,	25.637,	40821,	9587,	39689,	9903,	83.45,	66.88,	66.93,	
250000,	30.526,	58802,	16378,	58834,	15983,	84.5,	68.99,	69.08,	
300000,	34.612,	62240,	13205,	60728,	13827,	84.92,	69.83,	69.7,	
350000,	38.154,	80521,	19723,	79777,	19976,	85.32,	70.65,	70.72,	
400000,	41.101,	83973,	16646,	81726,	17655,	85.46,	70.92,	70.98,	
450000,	43.467,	102339,	23090,	101016,	23552,	86.11,	72.22,	72.12,	
500000,	45.213,	105890,	19947,	102872,	21291,	86.13,	72.25,	72.01,	
550000,	47.302,	123993,	26416,	122461,	27127,	86.2,	72.4,	72.3,	
600000,	54.249,	127644,	23218,	124303,	24835,	86.37,	72.74,	72.63,	
650000,	60.431,	146017,	29642,	143907,	30431,	86.94,	73.88,	73.85,	
700000,	65.977,	149389,	26453,	146177,	27981,	87.24,	74.48,	74.57,	
750000,	71.072,	167854,	32960,	165770,	33413,	87.4,	74.8,	74.61,	
800000,	75.586,	171653,	29293,	167975,	31079,	88.12,	76.25,	76.3,	
850000,	79.502,	190173,	35730,	187724,	36370,	88.55,	77.09,	77.19,	
900000,	82.889,	194172,	32082,	189836,	33910,	88.76,	77.52,	77.72,	
950000,	85.718,	212457,	38441,	209877,	39222,	88.87,	77.75,	77.82,	
1000000,	88.026,	216587,	34779,	211810,	36824,	88.78,	77.55,	77.54,	

1000000,	88.026,	429044,	73220,	421687,	76046,	85.07,	70.15,	70.12,	
Pool,	TP,	FN,	TN,	FP
1,	3441,	4177,	4172,	6487,	
2,	17605,	9202,	30638,	15195,	
3,	38799,	10453,	92817,	21539,	
4,	154958,	26277,	96191,	13436,	
5,	214241,	23111,	197869,	19389,	





