OzaBagAdaHT-RandomRBF
Speed Change:,	0.0,	Centroids:,	100,	DriftCentroid:	100
GracePeriod:,	200,	TieThreshold:,	0.05,	BinarySplit:,	false,	BaseClassifier:,	HT,	
EnsembleSize:,	1
Count,	Time,	TP,	FN,	TN,	FP,	Accu,	Kappa,	Kpa_t,	Mem,	Depth,	TSize,	DcNod,	ActLf,	InacLf,	Reset,	Alter,	Switch,	Prune,	ClOp0,	ClOp1,	ClOp2,	ClOp3
50000,	0.715,	20279,	4495,	21161,	3732,	83.42,	66.84,	66.67,	
100000,	1.473,	21793,	2897,	22535,	2380,	89.29,	78.57,	78.47,	
150000,	2.312,	42356,	7015,	43598,	6209,	89.87,	79.73,	79.91,	
200000,	3.211,	42986,	5166,	45107,	4651,	90.77,	81.53,	81.59,	
250000,	4.177,	64105,	9349,	66185,	8276,	91.05,	82.1,	82.12,	
300000,	5.155,	64284,	7280,	67812,	6620,	91.68,	83.36,	83.45,	
350000,	6.178,	84467,	11382,	89119,	10246,	91.86,	83.72,	83.83,	
400000,	7.202,	85200,	9176,	90808,	8651,	92.0,	84.01,	84.12,	
450000,	8.23,	104924,	13261,	112050,	12141,	92.34,	84.67,	84.63,	
500000,	9.336,	104211,	11122,	113732,	10549,	92.19,	84.38,	84.3,	
550000,	10.481,	123310,	15091,	134984,	14092,	92.34,	84.68,	84.73,	
600000,	11.67,	122668,	12989,	136690,	12507,	92.26,	84.52,	84.5,	
650000,	12.866,	141413,	16896,	157918,	16007,	92.43,	84.87,	84.83,	
700000,	14.041,	141031,	14704,	159595,	14471,	92.52,	85.03,	85.15,	
750000,	15.23,	158908,	18679,	180871,	17866,	92.62,	85.24,	85.27,	
800000,	16.407,	158099,	16417,	182717,	16218,	92.99,	85.99,	85.98,	
850000,	17.623,	175651,	20425,	203889,	19691,	92.72,	85.43,	85.38,	
900000,	18.819,	174021,	18115,	205633,	18092,	92.72,	85.43,	85.4,	
950000,	20.016,	191778,	22021,	227061,	21479,	93.12,	86.24,	86.29,	
1000000,	21.222,	189259,	19880,	228788,	19847,	92.87,	85.73,	85.72,	

1000000,	21.222,	381037,	41901,	455849,	41326,	91.55,	83.1,	83.12,	





OzaBagAdaHT-RandomRBF
Speed Change:,	0.0,	Centroids:,	100,	DriftCentroid:	100
GracePeriod:,	200,	TieThreshold:,	0.05,	BinarySplit:,	false,	BaseClassifier:,	HT,	
EnsembleSize:,	2
Count,	Time,	TP,	FN,	TN,	FP,	Accu,	Kappa,	Kpa_t,	Mem,	Depth,	TSize,	DcNod,	ActLf,	InacLf,	Reset,	Alter,	Switch,	Prune,	ClOp0,	ClOp1,	ClOp2,	ClOp3
50000,	1.329,	21558,	3485,	21543,	3410,	86.2,	72.41,	72.27,	
100000,	2.804,	22903,	2103,	22618,	2375,	91.04,	82.08,	82.0,	
150000,	4.38,	44712,	5347,	44333,	5604,	91.89,	83.78,	83.92,	
200000,	6.073,	46292,	3792,	45501,	4410,	92.55,	85.1,	85.15,	
250000,	7.905,	68308,	7010,	66957,	7707,	92.47,	84.93,	84.95,	
300000,	9.838,	68609,	5346,	68258,	6403,	92.91,	85.81,	85.89,	
350000,	11.89,	90589,	8624,	90085,	9547,	93.09,	86.18,	86.27,	
400000,	13.953,	88812,	6874,	91495,	8263,	93.22,	86.45,	86.54,	
450000,	16.15,	111138,	10074,	113205,	11310,	93.57,	87.15,	87.11,	
500000,	18.293,	109157,	8497,	114552,	10088,	93.1,	86.21,	86.14,	
550000,	20.49,	130545,	11515,	136265,	13185,	93.37,	86.73,	86.78,	
600000,	22.769,	128591,	9937,	137661,	11940,	93.42,	86.83,	86.82,	
650000,	25.068,	149997,	13032,	159402,	14961,	93.41,	86.83,	86.79,	
700000,	27.48,	148887,	11385,	160833,	13701,	93.58,	87.16,	87.26,	
750000,	29.883,	170672,	14418,	182450,	16772,	93.61,	87.21,	87.24,	
800000,	32.264,	168299,	12781,	183997,	15449,	93.71,	87.42,	87.42,	
850000,	34.662,	189166,	15828,	205607,	18529,	93.67,	87.33,	87.29,	
900000,	37.093,	186813,	14124,	207113,	17193,	93.83,	87.65,	87.63,	
950000,	39.585,	207569,	17162,	228931,	20219,	93.95,	87.9,	87.94,	
1000000,	42.144,	204574,	15576,	230393,	18871,	93.74,	87.48,	87.47,	

1000000,	42.144,	412143,	32738,	459324,	39090,	92.82,	85.63,	85.65,	





OzaBagAdaHT-RandomRBF
Speed Change:,	0.0,	Centroids:,	100,	DriftCentroid:	100
GracePeriod:,	200,	TieThreshold:,	0.05,	BinarySplit:,	false,	BaseClassifier:,	HT,	
EnsembleSize:,	3
Count,	Time,	TP,	FN,	TN,	FP,	Accu,	Kappa,	Kpa_t,	Mem,	Depth,	TSize,	DcNod,	ActLf,	InacLf,	Reset,	Alter,	Switch,	Prune,	ClOp0,	ClOp1,	ClOp2,	ClOp3
50000,	1.982,	20955,	4090,	21650,	3303,	85.21,	70.42,	70.27,	
100000,	4.25,	23038,	1971,	22476,	2515,	91.03,	82.06,	81.97,	
150000,	6.675,	44099,	5961,	44607,	5331,	92.2,	84.4,	84.54,	
200000,	9.249,	46408,	3683,	45430,	4479,	92.65,	85.3,	85.34,	
250000,	11.99,	67670,	7663,	67501,	7164,	92.93,	85.86,	85.87,	
300000,	14.953,	70194,	5146,	68401,	6259,	93.51,	87.03,	87.1,	
350000,	18.021,	91113,	9139,	90756,	8878,	93.62,	87.24,	87.32,	
400000,	21.309,	92732,	6741,	91759,	7998,	93.33,	86.66,	86.76,	
450000,	24.568,	113076,	10688,	114055,	10463,	93.73,	87.46,	87.43,	
500000,	27.908,	114761,	8367,	115048,	9592,	93.56,	87.12,	87.05,	
550000,	31.296,	134940,	12074,	137265,	12187,	93.78,	87.56,	87.6,	
600000,	34.754,	135898,	9835,	138346,	11255,	93.74,	87.48,	87.46,	
650000,	38.284,	155711,	13476,	160507,	13857,	93.86,	87.71,	87.68,	
700000,	41.888,	156776,	11194,	161567,	12966,	93.86,	87.72,	87.81,	
750000,	45.438,	176516,	14798,	183731,	15493,	94.08,	88.17,	88.19,	
800000,	49.077,	176750,	12508,	184916,	14528,	94.25,	88.5,	88.49,	
850000,	52.801,	196084,	16206,	207086,	17052,	94.07,	88.13,	88.09,	
900000,	56.533,	197405,	13766,	208172,	16133,	94.27,	88.55,	88.52,	
950000,	60.227,	216000,	17482,	230557,	18596,	94.36,	88.72,	88.76,	
1000000,	64.033,	216899,	15066,	231600,	17662,	94.34,	88.68,	88.68,	

1000000,	64.033,	432899,	32548,	462157,	36258,	93.12,	86.24,	86.25,	





OzaBagAdaHT-RandomRBF
Speed Change:,	0.0,	Centroids:,	100,	DriftCentroid:	100
GracePeriod:,	200,	TieThreshold:,	0.05,	BinarySplit:,	false,	BaseClassifier:,	HT,	
EnsembleSize:,	4
Count,	Time,	TP,	FN,	TN,	FP,	Accu,	Kappa,	Kpa_t,	Mem,	Depth,	TSize,	DcNod,	ActLf,	InacLf,	Reset,	Alter,	Switch,	Prune,	ClOp0,	ClOp1,	ClOp2,	ClOp3
50000,	2.617,	21638,	3406,	21966,	2988,	87.21,	74.42,	74.29,	
100000,	5.465,	23329,	1678,	22742,	2251,	92.14,	84.28,	84.21,	
150000,	8.62,	45112,	4948,	44947,	4991,	92.91,	85.82,	85.94,	
200000,	11.968,	46815,	3273,	45844,	4068,	93.18,	86.35,	86.39,	
250000,	15.687,	68903,	6427,	67934,	6734,	93.56,	87.11,	87.12,	
300000,	19.477,	70658,	4665,	68874,	5790,	93.77,	87.54,	87.61,	
350000,	23.468,	92347,	7777,	91234,	8403,	93.96,	87.92,	88.0,	
400000,	27.639,	93386,	5995,	92289,	7473,	93.97,	87.95,	88.03,	
450000,	31.824,	114475,	9087,	114551,	9970,	94.25,	88.49,	88.46,	
500000,	36.102,	115357,	7339,	115547,	9098,	94.06,	88.12,	88.06,	
550000,	40.549,	136248,	10324,	137871,	11583,	94.3,	88.6,	88.64,	
600000,	45.108,	136840,	8595,	138893,	10714,	94.26,	88.51,	88.5,	
650000,	49.661,	157816,	11605,	161165,	13201,	94.2,	88.4,	88.37,	
700000,	54.299,	158467,	9781,	162226,	12313,	94.43,	88.86,	88.94,	
750000,	59.167,	179456,	12815,	184440,	14786,	94.41,	88.82,	88.84,	
800000,	63.907,	179598,	10980,	185675,	13775,	94.68,	89.36,	89.35,	
850000,	68.776,	200210,	14003,	207842,	16298,	94.6,	89.2,	89.16,	
900000,	73.603,	200461,	12088,	208980,	15331,	94.67,	89.34,	89.32,	
950000,	78.513,	220810,	15150,	231338,	17817,	94.67,	89.34,	89.37,	
1000000,	83.406,	221155,	13323,	232455,	16814,	94.56,	89.13,	89.12,	

1000000,	83.406,	441965,	28473,	463793,	34631,	93.69,	87.38,	87.39,	





OzaBagAdaHT-RandomRBF
Speed Change:,	0.0,	Centroids:,	100,	DriftCentroid:	100
GracePeriod:,	200,	TieThreshold:,	0.05,	BinarySplit:,	false,	BaseClassifier:,	HT,	
EnsembleSize:,	5
Count,	Time,	TP,	FN,	TN,	FP,	Accu,	Kappa,	Kpa_t,	Mem,	Depth,	TSize,	DcNod,	ActLf,	InacLf,	Reset,	Alter,	Switch,	Prune,	ClOp0,	ClOp1,	ClOp2,	ClOp3
50000,	3.116,	21628,	3416,	21645,	3309,	86.55,	73.09,	72.96,	
100000,	6.614,	23192,	1816,	22749,	2243,	91.88,	83.76,	83.69,	
150000,	10.583,	44975,	5082,	44676,	5265,	92.76,	85.51,	85.64,	
200000,	14.824,	46569,	3519,	45939,	3973,	93.13,	86.27,	86.31,	
250000,	19.291,	68621,	6708,	67751,	6918,	93.44,	86.88,	86.9,	
300000,	23.967,	70318,	5019,	68976,	5687,	93.57,	87.14,	87.21,	
350000,	28.996,	92254,	8105,	91142,	8497,	94.05,	88.1,	88.17,	
400000,	34.139,	93787,	6452,	92470,	7291,	93.93,	87.85,	87.94,	
450000,	39.493,	115947,	9528,	114467,	10055,	94.04,	88.08,	88.04,	
500000,	45.189,	117446,	7825,	115792,	8851,	94.13,	88.27,	88.21,	
550000,	50.74,	139249,	10831,	137790,	11667,	94.17,	88.34,	88.38,	
600000,	56.35,	140692,	9154,	139196,	10409,	94.23,	88.45,	88.44,	
650000,	62.151,	162439,	12163,	161167,	13204,	94.26,	88.52,	88.49,	
700000,	68.008,	163553,	10425,	162560,	11978,	94.32,	88.64,	88.73,	
750000,	73.911,	184905,	13458,	184473,	14758,	94.3,	88.6,	88.63,	
800000,	79.921,	185966,	11634,	186025,	13425,	94.69,	89.38,	89.37,	
850000,	86.034,	206670,	14748,	207927,	16218,	94.5,	89.0,	88.96,	
900000,	92.273,	207983,	12799,	209400,	14911,	94.7,	89.39,	89.37,	
950000,	98.411,	228065,	15944,	231491,	17669,	94.71,	89.41,	89.44,	
1000000,	104.663,	229451,	14030,	232946,	16322,	94.72,	89.43,	89.42,	

1000000,	104.663,	457516,	29974,	464437,	33991,	93.6,	87.21,	87.22,	





OzaBagAdaHT-RandomRBF
Speed Change:,	0.0,	Centroids:,	100,	DriftCentroid:	100
GracePeriod:,	200,	TieThreshold:,	0.05,	BinarySplit:,	false,	BaseClassifier:,	HT,	
EnsembleSize:,	6
Count,	Time,	TP,	FN,	TN,	FP,	Accu,	Kappa,	Kpa_t,	Mem,	Depth,	TSize,	DcNod,	ActLf,	InacLf,	Reset,	Alter,	Switch,	Prune,	ClOp0,	ClOp1,	ClOp2,	ClOp3
50000,	3.779,	21770,	3274,	21843,	3111,	87.23,	74.45,	74.32,	
100000,	8.161,	23412,	1593,	22926,	2069,	92.68,	85.35,	85.28,	
150000,	13.06,	45353,	4707,	45026,	4912,	93.53,	87.06,	87.18,	
200000,	18.324,	47109,	2975,	46063,	3853,	93.67,	87.34,	87.38,	
250000,	23.929,	69287,	6044,	67994,	6672,	93.81,	87.61,	87.62,	
300000,	29.87,	71046,	4288,	69164,	5502,	94.08,	88.15,	88.21,	
350000,	35.957,	92893,	7279,	91413,	8224,	94.43,	88.85,	88.92,	
400000,	42.346,	94562,	5545,	92718,	7047,	94.4,	88.79,	88.87,	
450000,	49.037,	115433,	8586,	114864,	9655,	94.52,	89.05,	89.02,	
500000,	56.001,	117085,	6861,	116076,	8571,	94.32,	88.64,	88.58,	
550000,	63.102,	138761,	9717,	138246,	11208,	94.63,	89.26,	89.3,	
600000,	70.199,	139641,	8054,	139596,	10012,	94.73,	89.46,	89.45,	
650000,	77.409,	161076,	10835,	161595,	12772,	94.64,	89.27,	89.24,	
700000,	84.946,	161576,	9213,	163030,	11510,	94.69,	89.37,	89.45,	
750000,	92.449,	183006,	11959,	185019,	14208,	94.88,	89.76,	89.78,	
800000,	100.068,	182892,	10341,	186517,	12938,	94.89,	89.78,	89.77,	
850000,	107.911,	204158,	13145,	208481,	15664,	94.72,	89.43,	89.39,	
900000,	115.6,	204379,	11445,	209889,	14426,	94.82,	89.63,	89.61,	
950000,	123.482,	225246,	14218,	232047,	17113,	94.96,	89.91,	89.94,	
1000000,	131.561,	225934,	12597,	233435,	15838,	94.87,	89.74,	89.74,	

1000000,	131.561,	451180,	26815,	465482,	32951,	94.02,	88.05,	88.06,	





OzaBagAdaHT-RandomRBF
Speed Change:,	0.0,	Centroids:,	100,	DriftCentroid:	100
GracePeriod:,	200,	TieThreshold:,	0.05,	BinarySplit:,	false,	BaseClassifier:,	HT,	
EnsembleSize:,	7
Count,	Time,	TP,	FN,	TN,	FP,	Accu,	Kappa,	Kpa_t,	Mem,	Depth,	TSize,	DcNod,	ActLf,	InacLf,	Reset,	Alter,	Switch,	Prune,	ClOp0,	ClOp1,	ClOp2,	ClOp3
50000,	4.553,	22144,	2900,	21772,	3182,	87.83,	75.66,	75.54,	
100000,	9.72,	23329,	1678,	23137,	1856,	92.93,	85.86,	85.8,	
150000,	15.39,	45636,	4424,	45069,	4869,	93.58,	87.16,	87.27,	
200000,	21.503,	47062,	3025,	46326,	3587,	93.84,	87.69,	87.73,	
250000,	28.105,	69638,	5696,	68053,	6611,	93.97,	87.94,	87.95,	
300000,	35.371,	71036,	4301,	69426,	5237,	94.15,	88.29,	88.36,	
350000,	42.827,	93439,	6921,	91459,	8175,	94.42,	88.84,	88.91,	
400000,	50.377,	94627,	5515,	92966,	6794,	94.46,	88.92,	88.99,	
450000,	58.225,	116787,	8164,	114884,	9633,	94.6,	89.2,	89.16,	
500000,	66.302,	117423,	6739,	116352,	8292,	94.56,	89.11,	89.06,	
550000,	74.611,	139636,	9269,	138291,	11161,	94.73,	89.47,	89.51,	
600000,	82.859,	139807,	7879,	139840,	9766,	94.77,	89.54,	89.53,	
650000,	91.534,	161951,	10441,	161719,	12645,	94.69,	89.38,	89.35,	
700000,	100.271,	162271,	8981,	163266,	11273,	94.78,	89.56,	89.64,	
750000,	109.023,	184559,	11567,	185143,	14082,	94.87,	89.75,	89.77,	
800000,	117.987,	184215,	10063,	186794,	12658,	95.07,	90.13,	90.13,	
850000,	127.212,	206365,	12692,	208665,	15475,	94.96,	89.93,	89.89,	
900000,	136.281,	206046,	11105,	210239,	14075,	95.08,	90.16,	90.14,	
950000,	145.578,	228018,	13781,	232326,	16829,	95.11,	90.23,	90.26,	
1000000,	154.692,	227757,	12251,	233819,	15452,	94.95,	89.91,	89.9,	

1000000,	154.692,	455775,	26032,	466145,	32281,	94.17,	88.34,	88.35,	





OzaBagAdaHT-RandomRBF
Speed Change:,	0.0,	Centroids:,	100,	DriftCentroid:	100
GracePeriod:,	200,	TieThreshold:,	0.05,	BinarySplit:,	false,	BaseClassifier:,	HT,	
EnsembleSize:,	8
Count,	Time,	TP,	FN,	TN,	FP,	Accu,	Kappa,	Kpa_t,	Mem,	Depth,	TSize,	DcNod,	ActLf,	InacLf,	Reset,	Alter,	Switch,	Prune,	ClOp0,	ClOp1,	ClOp2,	ClOp3
50000,	5.149,	22025,	3018,	22292,	2663,	88.63,	77.27,	77.15,	
100000,	11.026,	23429,	1577,	23113,	1881,	93.08,	86.17,	86.1,	
150000,	17.486,	45615,	4444,	45532,	4407,	93.66,	87.32,	87.43,	
200000,	24.661,	47170,	2916,	46347,	3567,	93.95,	87.9,	87.94,	
250000,	32.212,	69565,	5768,	68716,	5949,	94.27,	88.53,	88.55,	
300000,	40.089,	71006,	4147,	69538,	5129,	94.41,	88.83,	88.89,	
350000,	48.51,	92802,	7015,	92185,	7450,	94.5,	89.01,	89.08,	
400000,	57.101,	93748,	5385,	93179,	6587,	94.61,	89.22,	89.29,	
450000,	65.912,	115526,	8261,	115639,	8880,	94.65,	89.3,	89.26,	
500000,	75.003,	116440,	6684,	116613,	8035,	94.51,	89.01,	88.95,	
550000,	84.295,	138190,	9414,	139102,	10355,	94.74,	89.49,	89.53,	
600000,	93.909,	139713,	7837,	140158,	9453,	94.86,	89.72,	89.7,	
650000,	103.747,	160755,	10574,	162552,	11817,	94.76,	89.51,	89.48,	
700000,	113.707,	162001,	8935,	163635,	10908,	94.89,	89.79,	89.87,	
750000,	123.905,	182780,	11693,	185967,	13262,	94.87,	89.74,	89.77,	
800000,	134.23,	184101,	10045,	187215,	12241,	95.11,	90.23,	90.22,	
850000,	144.989,	204916,	12860,	209488,	14655,	94.88,	89.76,	89.72,	
900000,	155.652,	206099,	11069,	210667,	13649,	95.14,	90.27,	90.25,	
950000,	166.368,	226916,	13895,	233115,	16046,	95.15,	90.3,	90.33,	
1000000,	176.904,	227839,	12181,	234254,	15020,	95.03,	90.07,	90.06,	

1000000,	176.904,	454755,	26076,	467369,	31066,	94.29,	88.57,	88.58,	





OzaBagAdaHT-RandomRBF
Speed Change:,	0.0,	Centroids:,	100,	DriftCentroid:	100
GracePeriod:,	200,	TieThreshold:,	0.05,	BinarySplit:,	false,	BaseClassifier:,	HT,	
EnsembleSize:,	9
Count,	Time,	TP,	FN,	TN,	FP,	Accu,	Kappa,	Kpa_t,	Mem,	Depth,	TSize,	DcNod,	ActLf,	InacLf,	Reset,	Alter,	Switch,	Prune,	ClOp0,	ClOp1,	ClOp2,	ClOp3
50000,	5.669,	21994,	3048,	22013,	2943,	88.01,	76.03,	75.91,	
100000,	12.379,	23369,	1634,	23198,	1799,	93.13,	86.27,	86.2,	
150000,	19.659,	45543,	4514,	45291,	4650,	93.65,	87.31,	87.42,	
200000,	27.687,	47073,	3010,	46510,	3407,	94.03,	88.06,	88.1,	
250000,	36.313,	69519,	5811,	68368,	6300,	94.11,	88.21,	88.22,	
300000,	45.224,	71174,	4154,	69679,	4993,	94.54,	89.08,	89.14,	
350000,	54.608,	93414,	6947,	91800,	7837,	94.65,	89.31,	89.38,	
400000,	64.506,	94908,	5321,	93265,	6506,	94.64,	89.28,	89.35,	
450000,	74.564,	116677,	8150,	115271,	9249,	94.77,	89.54,	89.51,	
500000,	84.897,	117813,	6552,	116694,	7957,	94.64,	89.27,	89.22,	
550000,	95.53,	139661,	9251,	138708,	10751,	94.79,	89.59,	89.63,	
600000,	106.173,	140689,	7684,	140188,	9425,	94.8,	89.6,	89.59,	
650000,	117.184,	162458,	10355,	162145,	12226,	94.84,	89.68,	89.66,	
700000,	128.291,	163193,	8781,	163696,	10848,	94.96,	89.92,	90.0,	
750000,	139.346,	184924,	11432,	185532,	13699,	94.9,	89.8,	89.82,	
800000,	150.668,	186179,	9834,	187213,	12245,	95.1,	90.2,	90.19,	
850000,	162.185,	208056,	12525,	209071,	15076,	95.06,	90.12,	90.08,	
900000,	173.809,	209044,	10844,	210661,	13656,	95.16,	90.31,	90.3,	
950000,	185.586,	230264,	13566,	232699,	16463,	95.14,	90.29,	90.32,	
1000000,	197.613,	231084,	11956,	234259,	15016,	95.06,	90.11,	90.11,	

1000000,	197.613,	461348,	25522,	466958,	31479,	94.3,	88.6,	88.61,	





OzaBagAdaHT-RandomRBF
Speed Change:,	0.0,	Centroids:,	100,	DriftCentroid:	100
GracePeriod:,	200,	TieThreshold:,	0.05,	BinarySplit:,	false,	BaseClassifier:,	HT,	
EnsembleSize:,	10
Count,	Time,	TP,	FN,	TN,	FP,	Accu,	Kappa,	Kpa_t,	Mem,	Depth,	TSize,	DcNod,	ActLf,	InacLf,	Reset,	Alter,	Switch,	Prune,	ClOp0,	ClOp1,	ClOp2,	ClOp3
50000,	6.331,	21789,	3254,	21792,	3163,	87.16,	74.32,	74.19,	
100000,	13.535,	23399,	1606,	22916,	2079,	92.63,	85.26,	85.19,	
150000,	21.47,	45501,	4555,	44824,	5118,	93.49,	86.98,	87.09,	
200000,	30.476,	47133,	2952,	46107,	3808,	93.85,	87.7,	87.74,	
250000,	39.845,	69465,	5860,	67918,	6755,	94.12,	88.23,	88.24,	
300000,	49.531,	71131,	4204,	69247,	5418,	94.28,	88.55,	88.61,	
350000,	59.765,	93284,	7070,	91339,	8305,	94.48,	88.96,	89.03,	
400000,	70.346,	94864,	5374,	92807,	6955,	94.59,	89.17,	89.25,	
450000,	81.146,	117062,	8265,	114770,	9760,	94.7,	89.4,	89.37,	
500000,	92.24,	118583,	6611,	116155,	8490,	94.46,	88.91,	88.85,	
550000,	103.697,	140821,	9399,	138203,	11264,	94.72,	89.45,	89.49,	
600000,	115.278,	142104,	7772,	139686,	9920,	94.82,	89.64,	89.62,	
650000,	127.02,	164451,	10550,	161568,	12811,	94.6,	89.21,	89.18,	
700000,	139.128,	165587,	8874,	163162,	11377,	94.88,	89.76,	89.84,	
750000,	151.469,	187950,	11658,	184973,	14268,	94.87,	89.74,	89.76,	
800000,	164.072,	188828,	9951,	186685,	12766,	95.07,	90.14,	90.13,	
850000,	176.504,	211196,	12791,	208491,	15662,	94.95,	89.89,	89.85,	
900000,	189.092,	211736,	10996,	210159,	14156,	95.13,	90.26,	90.24,	
950000,	201.967,	233613,	13845,	232116,	17055,	95.11,	90.21,	90.24,	
1000000,	214.769,	233820,	12113,	233747,	15525,	95.03,	90.06,	90.05,	

1000000,	214.769,	467433,	25958,	465863,	32580,	94.15,	88.29,	88.3,	





OzaBagAdaHT-RandomRBF
Speed Change:,	0.0,	Centroids:,	100,	DriftCentroid:	100
GracePeriod:,	200,	TieThreshold:,	0.05,	BinarySplit:,	false,	BaseClassifier:,	HT,	
EnsembleSize:,	5
Count,	Time,	TP,	FN,	TN,	FP,	Accu,	Kappa,	Kpa_t,	Mem,	Depth,	TSize,	DcNod,	ActLf,	InacLf,	Reset,	Alter,	Switch,	Prune,	ClOp0,	ClOp1,	ClOp2,	ClOp3
50000,	3.239,	21628,	3416,	21645,	3309,	86.55,	73.09,	72.96,	
100000,	6.848,	23192,	1816,	22749,	2243,	91.88,	83.76,	83.69,	
150000,	10.901,	44975,	5082,	44676,	5265,	92.76,	85.51,	85.64,	
200000,	15.111,	46569,	3519,	45939,	3973,	93.13,	86.27,	86.31,	
250000,	19.615,	68621,	6708,	67751,	6918,	93.44,	86.88,	86.9,	
300000,	24.299,	70318,	5019,	68976,	5687,	93.57,	87.14,	87.21,	
350000,	29.304,	92254,	8105,	91142,	8497,	94.05,	88.1,	88.17,	
400000,	34.385,	93787,	6452,	92470,	7291,	93.93,	87.85,	87.94,	
450000,	39.575,	115947,	9528,	114467,	10055,	94.04,	88.08,	88.04,	
500000,	44.943,	117446,	7825,	115792,	8851,	94.13,	88.27,	88.21,	
550000,	50.465,	139249,	10831,	137790,	11667,	94.17,	88.34,	88.38,	
600000,	56.081,	140692,	9154,	139196,	10409,	94.23,	88.45,	88.44,	
650000,	61.928,	162439,	12163,	161167,	13204,	94.26,	88.52,	88.49,	
700000,	67.888,	163553,	10425,	162560,	11978,	94.32,	88.64,	88.73,	
750000,	73.709,	184905,	13458,	184473,	14758,	94.3,	88.6,	88.63,	
800000,	79.652,	185966,	11634,	186025,	13425,	94.69,	89.38,	89.37,	
850000,	85.762,	206670,	14748,	207927,	16218,	94.5,	89.0,	88.96,	
900000,	91.871,	207983,	12799,	209400,	14911,	94.7,	89.39,	89.37,	
950000,	98.032,	228065,	15944,	231491,	17669,	94.71,	89.41,	89.44,	
1000000,	104.249,	229451,	14030,	232946,	16322,	94.72,	89.43,	89.42,	

1000000,	104.249,	457516,	29974,	464437,	33991,	93.6,	87.21,	87.22,	





OzaBagAdaHT-RandomRBF
Speed Change:,	0.001,	Centroids:,	100,	DriftCentroid:	100
GracePeriod:,	200,	TieThreshold:,	0.05,	BinarySplit:,	false,	BaseClassifier:,	HT,	
EnsembleSize:,	5
Count,	Time,	TP,	FN,	TN,	FP,	Accu,	Kappa,	Kpa_t,	Mem,	Depth,	TSize,	DcNod,	ActLf,	InacLf,	Reset,	Alter,	Switch,	Prune,	ClOp0,	ClOp1,	ClOp2,	ClOp3
50000,	3.192,	17044,	8000,	17897,	7057,	69.88,	39.77,	39.46,	
100000,	6.465,	17092,	7915,	17848,	7145,	69.88,	39.76,	39.48,	
150000,	9.706,	34560,	15501,	35773,	14164,	70.78,	41.57,	42.08,	
200000,	12.918,	34995,	15092,	35418,	14495,	70.95,	41.89,	42.08,	
250000,	16.228,	52936,	22397,	53537,	21128,	72.28,	44.55,	44.61,	
300000,	19.344,	53153,	22183,	52922,	21742,	71.32,	42.64,	42.95,	
350000,	22.727,	71103,	29261,	71849,	27785,	72.96,	45.92,	46.26,	
400000,	25.961,	70510,	29727,	71355,	28408,	71.58,	43.15,	43.56,	
450000,	29.311,	88855,	36625,	89854,	34664,	71.51,	43.03,	42.86,	
500000,	32.762,	88628,	36727,	88931,	35714,	71.39,	42.77,	42.48,	
550000,	36.031,	106328,	44218,	107627,	41825,	70.49,	40.99,	41.2,	
600000,	39.402,	106088,	44305,	106897,	42710,	70.85,	41.71,	41.64,	
650000,	42.751,	123988,	51646,	125781,	48583,	71.63,	43.26,	43.1,	
700000,	45.921,	123213,	52249,	124531,	50007,	69.52,	39.04,	39.5,	
750000,	49.274,	141631,	59143,	143506,	55718,	70.74,	41.47,	41.6,	
800000,	52.576,	140571,	59978,	142544,	56907,	70.74,	41.49,	41.45,	
850000,	55.893,	158856,	67005,	161554,	62583,	70.55,	41.1,	40.87,	
900000,	59.08,	158249,	67439,	160050,	64262,	70.37,	40.74,	40.61,	
950000,	62.401,	176186,	74660,	179481,	69671,	70.51,	41.03,	41.21,	
1000000,	65.793,	175549,	75181,	177887,	71383,	70.27,	40.55,	40.51,	

1000000,	65.793,	351735,	149841,	357368,	141054,	70.91,	41.82,	41.88,	





OzaBagAdaHT-RandomRBF
Speed Change:,	0.01,	Centroids:,	100,	DriftCentroid:	100
GracePeriod:,	200,	TieThreshold:,	0.05,	BinarySplit:,	false,	BaseClassifier:,	HT,	
EnsembleSize:,	5
Count,	Time,	TP,	FN,	TN,	FP,	Accu,	Kappa,	Kpa_t,	Mem,	Depth,	TSize,	DcNod,	ActLf,	InacLf,	Reset,	Alter,	Switch,	Prune,	ClOp0,	ClOp1,	ClOp2,	ClOp3
50000,	3.299,	12795,	12249,	15167,	9787,	55.92,	11.86,	11.41,	
100000,	7.575,	12530,	12476,	15046,	9948,	55.15,	10.31,	9.88,	
150000,	11.933,	25417,	24643,	29923,	20015,	54.76,	9.52,	10.3,	
200000,	16.243,	25338,	24749,	29653,	20260,	54.83,	9.68,	9.94,	
250000,	20.584,	38764,	36569,	43819,	30846,	54.49,	9.0,	9.05,	
300000,	25.152,	38676,	36661,	43176,	31487,	53.72,	7.46,	7.93,	
350000,	29.863,	51705,	48658,	58064,	41571,	54.37,	8.75,	9.32,	
400000,	34.743,	50646,	49594,	58213,	41547,	54.01,	7.99,	8.67,	
450000,	39.902,	63955,	61526,	73126,	51391,	54.62,	9.3,	8.97,	
500000,	45.207,	63060,	62298,	72872,	51770,	54.15,	8.33,	7.81,	
550000,	50.478,	76339,	74207,	87691,	61761,	53.9,	7.82,	8.13,	
600000,	55.565,	75922,	74475,	87303,	62300,	54.59,	9.18,	9.07,	
650000,	60.985,	88634,	87000,	102157,	72207,	53.52,	7.07,	6.79,	
700000,	66.424,	88614,	86852,	101579,	72955,	53.94,	7.89,	8.57,	
750000,	71.843,	101562,	99213,	116075,	83148,	53.69,	7.41,	7.58,	
800000,	77.24,	101087,	99467,	116189,	83257,	54.17,	8.36,	8.28,	
850000,	82.621,	114478,	111384,	130273,	93863,	54.23,	8.47,	8.12,	
900000,	87.942,	113425,	112267,	130624,	93684,	53.55,	7.14,	6.89,	
950000,	93.247,	126902,	123945,	145088,	104063,	54.48,	8.95,	9.24,	
1000000,	98.324,	125572,	125162,	145883,	103383,	54.81,	9.64,	9.56,	

1000000,	98.324,	252474,	249107,	290971,	207446,	54.34,	8.71,	8.78,	





OzaBagAdaHT-RandomRBF
Speed Change:,	0.1,	Centroids:,	100,	DriftCentroid:	100
GracePeriod:,	200,	TieThreshold:,	0.05,	BinarySplit:,	false,	BaseClassifier:,	HT,	
EnsembleSize:,	5
Count,	Time,	TP,	FN,	TN,	FP,	Accu,	Kappa,	Kpa_t,	Mem,	Depth,	TSize,	DcNod,	ActLf,	InacLf,	Reset,	Alter,	Switch,	Prune,	ClOp0,	ClOp1,	ClOp2,	ClOp3
50000,	3.254,	12082,	12962,	14611,	10343,	53.39,	6.79,	6.3,	
100000,	7.395,	12905,	12101,	14166,	10828,	54.14,	8.29,	7.85,	
150000,	11.809,	25102,	24958,	29176,	20762,	55.17,	10.34,	11.12,	
200000,	16.651,	26228,	23859,	28396,	21517,	55.11,	10.22,	10.49,	
250000,	21.6,	38919,	36416,	43044,	31619,	55.37,	10.75,	10.81,	
300000,	26.849,	39967,	35370,	42377,	32286,	55.44,	10.9,	11.35,	
350000,	32.248,	52624,	47742,	57011,	42621,	55.34,	10.69,	11.26,	
400000,	37.817,	53608,	46632,	56698,	43062,	55.92,	11.84,	12.46,	
450000,	43.479,	66397,	59086,	71407,	53108,	56.34,	12.69,	12.41,	
500000,	49.231,	66941,	58417,	71287,	53355,	55.84,	11.71,	11.23,	
550000,	55.09,	80108,	70440,	85645,	63805,	55.9,	11.8,	12.11,	
600000,	60.961,	80934,	69463,	85353,	64250,	56.12,	12.24,	12.14,	
650000,	66.991,	93800,	81836,	99999,	74363,	56.09,	12.19,	11.94,	
700000,	72.858,	94663,	80802,	99668,	74867,	56.09,	12.18,	12.85,	
750000,	78.835,	107630,	93148,	114277,	84943,	56.22,	12.44,	12.62,	
800000,	85.032,	108350,	92203,	114026,	85421,	56.09,	12.19,	12.13,	
850000,	91.212,	121412,	104454,	128481,	95651,	55.97,	11.95,	11.62,	
900000,	96.783,	122145,	103548,	128243,	96064,	56.02,	12.06,	11.86,	
950000,	102.488,	135021,	115830,	142868,	106279,	55.99,	11.98,	12.26,	
1000000,	108.268,	135946,	114790,	142604,	106660,	56.32,	12.65,	12.59,	

1000000,	108.268,	270967,	230620,	285472,	212939,	55.64,	11.3,	11.37,	





OzaBagAdaHT-RandomRBF
Speed Change:,	1.0,	Centroids:,	100,	DriftCentroid:	100
GracePeriod:,	200,	TieThreshold:,	0.05,	BinarySplit:,	false,	BaseClassifier:,	HT,	
EnsembleSize:,	5
Count,	Time,	TP,	FN,	TN,	FP,	Accu,	Kappa,	Kpa_t,	Mem,	Depth,	TSize,	DcNod,	ActLf,	InacLf,	Reset,	Alter,	Switch,	Prune,	ClOp0,	ClOp1,	ClOp2,	ClOp3
50000,	3.388,	13555,	11490,	15468,	9485,	58.05,	16.1,	15.67,	
100000,	7.979,	15021,	9985,	16295,	8699,	62.63,	25.27,	24.91,	
150000,	12.949,	29581,	20480,	31786,	18151,	64.69,	29.38,	29.99,	
200000,	18.363,	31544,	18542,	32856,	17058,	66.17,	32.34,	32.55,	
250000,	24.104,	46872,	28462,	48040,	26624,	67.09,	34.16,	34.24,	
300000,	29.932,	49067,	26270,	49185,	25478,	67.7,	35.38,	35.75,	
350000,	35.937,	64536,	35829,	64759,	34874,	68.77,	37.53,	37.93,	
400000,	42.13,	66593,	33648,	66358,	33401,	69.4,	38.8,	39.22,	
450000,	48.427,	82331,	43151,	81916,	42600,	69.9,	39.8,	39.63,	
500000,	54.713,	84469,	40891,	83478,	41162,	69.99,	39.98,	39.67,	
550000,	61.326,	100335,	50212,	99187,	50264,	70.55,	41.1,	41.31,	
600000,	67.982,	102568,	47831,	100677,	48924,	70.6,	41.19,	41.13,	
650000,	74.619,	118719,	56915,	116374,	57990,	71.14,	42.27,	42.13,	
700000,	81.335,	121027,	54440,	117982,	56551,	71.53,	43.05,	43.49,	
750000,	88.132,	137274,	63500,	133695,	65529,	71.75,	43.49,	43.63,	
800000,	94.995,	139546,	61010,	135438,	64006,	71.95,	43.89,	43.87,	
850000,	101.939,	155801,	70059,	151207,	72931,	72.08,	44.15,	43.95,	
900000,	108.931,	158340,	67356,	152838,	71466,	72.39,	44.76,	44.66,	
950000,	115.985,	174578,	76267,	168857,	80296,	72.85,	45.71,	45.88,	
1000000,	123.197,	177079,	73660,	170496,	78765,	72.79,	45.58,	45.55,	

1000000,	123.197,	351657,	149927,	339353,	159061,	69.1,	38.2,	38.26,	





OzaBagAdaHT-RandomRBF
Speed Change:,	0.01,	Centroids:,	50,	DriftCentroid:	50
GracePeriod:,	200,	TieThreshold:,	0.05,	BinarySplit:,	false,	BaseClassifier:,	HT,	
EnsembleSize:,	5
Count,	Time,	TP,	FN,	TN,	FP,	Accu,	Kappa,	Kpa_t,	Mem,	Depth,	TSize,	DcNod,	ActLf,	InacLf,	Reset,	Alter,	Switch,	Prune,	ClOp0,	ClOp1,	ClOp2,	ClOp3
50000,	3.271,	12795,	12249,	15167,	9787,	55.92,	11.86,	11.41,	
100000,	7.427,	12530,	12476,	15046,	9948,	55.15,	10.31,	9.88,	
150000,	11.67,	25417,	24643,	29923,	20015,	54.76,	9.52,	10.3,	
200000,	15.865,	25338,	24749,	29653,	20260,	54.83,	9.68,	9.94,	
250000,	20.218,	38764,	36569,	43819,	30846,	54.49,	9.0,	9.05,	
300000,	24.789,	38676,	36661,	43176,	31487,	53.72,	7.46,	7.93,	
350000,	29.526,	51705,	48658,	58064,	41571,	54.37,	8.75,	9.32,	
400000,	34.399,	50646,	49594,	58213,	41547,	54.01,	7.99,	8.67,	
450000,	39.507,	63955,	61526,	73126,	51391,	54.62,	9.3,	8.97,	
500000,	44.821,	63060,	62298,	72872,	51770,	54.15,	8.33,	7.81,	
550000,	50.027,	76339,	74207,	87691,	61761,	53.9,	7.82,	8.13,	
600000,	55.066,	75922,	74475,	87303,	62300,	54.59,	9.18,	9.07,	
650000,	60.563,	88634,	87000,	102157,	72207,	53.52,	7.07,	6.79,	
700000,	66.118,	88614,	86852,	101579,	72955,	53.94,	7.89,	8.57,	
750000,	71.595,	101562,	99213,	116075,	83148,	53.69,	7.41,	7.58,	
800000,	76.958,	101087,	99467,	116189,	83257,	54.17,	8.36,	8.28,	
850000,	82.44,	114478,	111384,	130273,	93863,	54.23,	8.47,	8.12,	
900000,	87.772,	113425,	112267,	130624,	93684,	53.55,	7.14,	6.89,	
950000,	93.131,	126902,	123945,	145088,	104063,	54.48,	8.95,	9.24,	
1000000,	98.267,	125572,	125162,	145883,	103383,	54.81,	9.64,	9.56,	

1000000,	98.267,	252474,	249107,	290971,	207446,	54.34,	8.71,	8.78,	





OzaBagAdaHT-RandomRBF
Speed Change:,	0.01,	Centroids:,	100,	DriftCentroid:	100
GracePeriod:,	200,	TieThreshold:,	0.05,	BinarySplit:,	false,	BaseClassifier:,	HT,	
EnsembleSize:,	5
Count,	Time,	TP,	FN,	TN,	FP,	Accu,	Kappa,	Kpa_t,	Mem,	Depth,	TSize,	DcNod,	ActLf,	InacLf,	Reset,	Alter,	Switch,	Prune,	ClOp0,	ClOp1,	ClOp2,	ClOp3
50000,	3.335,	12795,	12249,	15167,	9787,	55.92,	11.86,	11.41,	
100000,	7.547,	12530,	12476,	15046,	9948,	55.15,	10.31,	9.88,	
150000,	11.864,	25417,	24643,	29923,	20015,	54.76,	9.52,	10.3,	
200000,	16.037,	25338,	24749,	29653,	20260,	54.83,	9.68,	9.94,	
250000,	20.442,	38764,	36569,	43819,	30846,	54.49,	9.0,	9.05,	
300000,	25.105,	38676,	36661,	43176,	31487,	53.72,	7.46,	7.93,	
350000,	30.049,	51705,	48658,	58064,	41571,	54.37,	8.75,	9.32,	
400000,	35.047,	50646,	49594,	58213,	41547,	54.01,	7.99,	8.67,	
450000,	40.182,	63955,	61526,	73126,	51391,	54.62,	9.3,	8.97,	
500000,	45.495,	63060,	62298,	72872,	51770,	54.15,	8.33,	7.81,	
550000,	50.747,	76339,	74207,	87691,	61761,	53.9,	7.82,	8.13,	
600000,	55.823,	75922,	74475,	87303,	62300,	54.59,	9.18,	9.07,	
650000,	61.271,	88634,	87000,	102157,	72207,	53.52,	7.07,	6.79,	
700000,	66.883,	88614,	86852,	101579,	72955,	53.94,	7.89,	8.57,	
750000,	72.518,	101562,	99213,	116075,	83148,	53.69,	7.41,	7.58,	
800000,	78.05,	101087,	99467,	116189,	83257,	54.17,	8.36,	8.28,	
850000,	83.538,	114478,	111384,	130273,	93863,	54.23,	8.47,	8.12,	
900000,	88.843,	113425,	112267,	130624,	93684,	53.55,	7.14,	6.89,	
950000,	94.078,	126902,	123945,	145088,	104063,	54.48,	8.95,	9.24,	
1000000,	99.091,	125572,	125162,	145883,	103383,	54.81,	9.64,	9.56,	

1000000,	99.091,	252474,	249107,	290971,	207446,	54.34,	8.71,	8.78,	





OzaBagAdaHT-RandomRBF
Speed Change:,	0.01,	Centroids:,	150,	DriftCentroid:	100
GracePeriod:,	200,	TieThreshold:,	0.05,	BinarySplit:,	false,	BaseClassifier:,	HT,	
EnsembleSize:,	5
Count,	Time,	TP,	FN,	TN,	FP,	Accu,	Kappa,	Kpa_t,	Mem,	Depth,	TSize,	DcNod,	ActLf,	InacLf,	Reset,	Alter,	Switch,	Prune,	ClOp0,	ClOp1,	ClOp2,	ClOp3
50000,	3.303,	12795,	12249,	15167,	9787,	55.92,	11.86,	11.41,	
100000,	7.521,	12530,	12476,	15046,	9948,	55.15,	10.31,	9.88,	
150000,	11.879,	25417,	24643,	29923,	20015,	54.76,	9.52,	10.3,	
200000,	16.233,	25338,	24749,	29653,	20260,	54.83,	9.68,	9.94,	
250000,	20.745,	38764,	36569,	43819,	30846,	54.49,	9.0,	9.05,	
300000,	25.3,	38676,	36661,	43176,	31487,	53.72,	7.46,	7.93,	
350000,	30.057,	51705,	48658,	58064,	41571,	54.37,	8.75,	9.32,	
400000,	34.981,	50646,	49594,	58213,	41547,	54.01,	7.99,	8.67,	
450000,	40.137,	63955,	61526,	73126,	51391,	54.62,	9.3,	8.97,	
500000,	45.431,	63060,	62298,	72872,	51770,	54.15,	8.33,	7.81,	
550000,	50.662,	76339,	74207,	87691,	61761,	53.9,	7.82,	8.13,	
600000,	55.619,	75922,	74475,	87303,	62300,	54.59,	9.18,	9.07,	
650000,	61.047,	88634,	87000,	102157,	72207,	53.52,	7.07,	6.79,	
700000,	66.544,	88614,	86852,	101579,	72955,	53.94,	7.89,	8.57,	
750000,	71.955,	101562,	99213,	116075,	83148,	53.69,	7.41,	7.58,	
800000,	77.292,	101087,	99467,	116189,	83257,	54.17,	8.36,	8.28,	
850000,	82.566,	114478,	111384,	130273,	93863,	54.23,	8.47,	8.12,	
900000,	87.867,	113425,	112267,	130624,	93684,	53.55,	7.14,	6.89,	
950000,	93.081,	126902,	123945,	145088,	104063,	54.48,	8.95,	9.24,	
1000000,	98.049,	125572,	125162,	145883,	103383,	54.81,	9.64,	9.56,	

1000000,	98.049,	252474,	249107,	290971,	207446,	54.34,	8.71,	8.78,	





OzaBagAdaHT-RandomRBF
Speed Change:,	0.01,	Centroids:,	200,	DriftCentroid:	100
GracePeriod:,	200,	TieThreshold:,	0.05,	BinarySplit:,	false,	BaseClassifier:,	HT,	
EnsembleSize:,	5
Count,	Time,	TP,	FN,	TN,	FP,	Accu,	Kappa,	Kpa_t,	Mem,	Depth,	TSize,	DcNod,	ActLf,	InacLf,	Reset,	Alter,	Switch,	Prune,	ClOp0,	ClOp1,	ClOp2,	ClOp3
50000,	3.32,	12795,	12249,	15167,	9787,	55.92,	11.86,	11.41,	
100000,	7.611,	12530,	12476,	15046,	9948,	55.15,	10.31,	9.88,	
150000,	12.061,	25417,	24643,	29923,	20015,	54.76,	9.52,	10.3,	
200000,	16.349,	25338,	24749,	29653,	20260,	54.83,	9.68,	9.94,	
250000,	20.725,	38764,	36569,	43819,	30846,	54.49,	9.0,	9.05,	
300000,	25.244,	38676,	36661,	43176,	31487,	53.72,	7.46,	7.93,	
350000,	30.016,	51705,	48658,	58064,	41571,	54.37,	8.75,	9.32,	
400000,	35.001,	50646,	49594,	58213,	41547,	54.01,	7.99,	8.67,	
450000,	40.147,	63955,	61526,	73126,	51391,	54.62,	9.3,	8.97,	
500000,	45.404,	63060,	62298,	72872,	51770,	54.15,	8.33,	7.81,	
550000,	50.651,	76339,	74207,	87691,	61761,	53.9,	7.82,	8.13,	
600000,	55.712,	75922,	74475,	87303,	62300,	54.59,	9.18,	9.07,	
650000,	61.144,	88634,	87000,	102157,	72207,	53.52,	7.07,	6.79,	
700000,	66.75,	88614,	86852,	101579,	72955,	53.94,	7.89,	8.57,	
750000,	72.269,	101562,	99213,	116075,	83148,	53.69,	7.41,	7.58,	
800000,	77.737,	101087,	99467,	116189,	83257,	54.17,	8.36,	8.28,	
850000,	83.278,	114478,	111384,	130273,	93863,	54.23,	8.47,	8.12,	
900000,	88.712,	113425,	112267,	130624,	93684,	53.55,	7.14,	6.89,	
950000,	94.006,	126902,	123945,	145088,	104063,	54.48,	8.95,	9.24,	
1000000,	99.04,	125572,	125162,	145883,	103383,	54.81,	9.64,	9.56,	

1000000,	99.04,	252474,	249107,	290971,	207446,	54.34,	8.71,	8.78,	





OzaBagAdaHT-RandomRBF
Speed Change:,	0.01,	Centroids:,	250,	DriftCentroid:	100
GracePeriod:,	200,	TieThreshold:,	0.05,	BinarySplit:,	false,	BaseClassifier:,	HT,	
EnsembleSize:,	5
Count,	Time,	TP,	FN,	TN,	FP,	Accu,	Kappa,	Kpa_t,	Mem,	Depth,	TSize,	DcNod,	ActLf,	InacLf,	Reset,	Alter,	Switch,	Prune,	ClOp0,	ClOp1,	ClOp2,	ClOp3
50000,	3.225,	12795,	12249,	15167,	9787,	55.92,	11.86,	11.41,	
100000,	7.406,	12530,	12476,	15046,	9948,	55.15,	10.31,	9.88,	
150000,	11.614,	25417,	24643,	29923,	20015,	54.76,	9.52,	10.3,	
200000,	15.75,	25338,	24749,	29653,	20260,	54.83,	9.68,	9.94,	
250000,	20.074,	38764,	36569,	43819,	30846,	54.49,	9.0,	9.05,	
300000,	24.603,	38676,	36661,	43176,	31487,	53.72,	7.46,	7.93,	
350000,	29.381,	51705,	48658,	58064,	41571,	54.37,	8.75,	9.32,	
400000,	34.289,	50646,	49594,	58213,	41547,	54.01,	7.99,	8.67,	
450000,	39.41,	63955,	61526,	73126,	51391,	54.62,	9.3,	8.97,	
500000,	44.719,	63060,	62298,	72872,	51770,	54.15,	8.33,	7.81,	
550000,	49.98,	76339,	74207,	87691,	61761,	53.9,	7.82,	8.13,	
600000,	55.03,	75922,	74475,	87303,	62300,	54.59,	9.18,	9.07,	
650000,	60.477,	88634,	87000,	102157,	72207,	53.52,	7.07,	6.79,	
700000,	65.882,	88614,	86852,	101579,	72955,	53.94,	7.89,	8.57,	
750000,	71.257,	101562,	99213,	116075,	83148,	53.69,	7.41,	7.58,	
800000,	76.565,	101087,	99467,	116189,	83257,	54.17,	8.36,	8.28,	
850000,	81.935,	114478,	111384,	130273,	93863,	54.23,	8.47,	8.12,	
900000,	87.194,	113425,	112267,	130624,	93684,	53.55,	7.14,	6.89,	
950000,	92.406,	126902,	123945,	145088,	104063,	54.48,	8.95,	9.24,	
1000000,	97.394,	125572,	125162,	145883,	103383,	54.81,	9.64,	9.56,	

1000000,	97.394,	252474,	249107,	290971,	207446,	54.34,	8.71,	8.78,	





OzaBagAdaHT-RandomRBF
Speed Change:,	0.01,	Centroids:,	100,	DriftCentroid:	20
GracePeriod:,	200,	TieThreshold:,	0.05,	BinarySplit:,	false,	BaseClassifier:,	HT,	
EnsembleSize:,	5
Count,	Time,	TP,	FN,	TN,	FP,	Accu,	Kappa,	Kpa_t,	Mem,	Depth,	TSize,	DcNod,	ActLf,	InacLf,	Reset,	Alter,	Switch,	Prune,	ClOp0,	ClOp1,	ClOp2,	ClOp3
50000,	2.993,	19742,	5302,	19083,	5871,	77.65,	55.3,	55.08,	
100000,	6.555,	21524,	3484,	19205,	5787,	81.46,	62.92,	62.74,	
150000,	10.462,	41890,	8170,	38310,	11628,	82.75,	65.5,	65.8,	
200000,	14.649,	43989,	6101,	38331,	11579,	83.18,	66.35,	66.47,	
250000,	19.083,	64598,	10735,	57205,	17460,	83.21,	66.36,	66.44,	
300000,	23.761,	67012,	8327,	57254,	17407,	83.89,	67.73,	67.95,	
350000,	28.537,	87641,	12722,	76253,	23382,	84.18,	68.36,	68.57,	
400000,	33.418,	89902,	10340,	76374,	23384,	84.02,	68.06,	68.26,	
450000,	38.368,	110831,	14648,	95283,	29236,	84.44,	68.86,	68.79,	
500000,	43.539,	113257,	12103,	95235,	29405,	84.43,	68.84,	68.7,	
550000,	48.804,	134156,	16383,	114217,	35242,	84.52,	69.02,	69.15,	
600000,	54.128,	136641,	13757,	114279,	35323,	84.86,	69.7,	69.68,	
650000,	59.604,	157544,	18073,	133187,	41184,	84.74,	69.45,	69.39,	
700000,	65.144,	160061,	15398,	133167,	41366,	84.63,	69.25,	69.5,	
750000,	70.817,	181138,	19590,	152012,	47220,	84.89,	69.76,	69.85,	
800000,	76.554,	183482,	16873,	152177,	47268,	85.25,	70.47,	70.47,	
850000,	82.267,	204182,	21323,	171080,	53067,	84.84,	69.66,	69.57,	
900000,	88.376,	206832,	18371,	171185,	53119,	85.3,	70.57,	70.54,	
950000,	94.38,	227259,	22911,	190115,	59046,	84.87,	69.74,	69.83,	
1000000,	100.696,	230196,	19875,	190266,	58995,	85.24,	70.47,	70.46,	

1000000,	100.696,	457455,	42786,	380381,	118041,	83.92,	67.82,	67.87,	





OzaBagAdaHT-RandomRBF
Speed Change:,	0.01,	Centroids:,	100,	DriftCentroid:	40
GracePeriod:,	200,	TieThreshold:,	0.05,	BinarySplit:,	false,	BaseClassifier:,	HT,	
EnsembleSize:,	5
Count,	Time,	TP,	FN,	TN,	FP,	Accu,	Kappa,	Kpa_t,	Mem,	Depth,	TSize,	DcNod,	ActLf,	InacLf,	Reset,	Alter,	Switch,	Prune,	ClOp0,	ClOp1,	ClOp2,	ClOp3
50000,	2.994,	14622,	10423,	16759,	8194,	62.76,	25.54,	25.15,	
100000,	6.457,	13839,	11167,	17687,	7307,	63.05,	26.11,	25.76,	
150000,	10.457,	28631,	21428,	34537,	15402,	63.57,	27.16,	27.78,	
200000,	14.664,	27488,	22598,	35612,	14302,	63.15,	26.34,	26.53,	
250000,	18.977,	42406,	32925,	52318,	22349,	63.11,	26.36,	26.29,	
300000,	23.526,	41370,	33965,	53227,	21438,	62.99,	26.11,	26.38,	
350000,	28.22,	56210,	44152,	70220,	29416,	63.41,	26.84,	27.29,	
400000,	33.133,	54832,	45407,	71494,	28267,	63.46,	26.86,	27.42,	
450000,	38.178,	69788,	55691,	88571,	35948,	63.86,	27.78,	27.5,	
500000,	43.281,	68259,	57098,	89900,	34743,	63.67,	27.4,	26.95,	
550000,	48.462,	83207,	67337,	107012,	42442,	63.72,	27.48,	27.7,	
600000,	53.721,	81662,	68734,	108270,	41334,	63.55,	27.11,	27.01,	
650000,	59.199,	96692,	78939,	125032,	49335,	63.01,	26.07,	25.82,	
700000,	64.593,	95383,	80081,	126412,	48124,	63.73,	27.49,	28.0,	
750000,	69.856,	110022,	90749,	143225,	56002,	63.05,	26.17,	26.25,	
800000,	75.157,	108662,	91889,	144972,	54477,	63.68,	27.41,	27.31,	
850000,	80.337,	123215,	102642,	161638,	62503,	63.21,	26.48,	26.15,	
900000,	85.74,	122319,	103373,	163312,	60996,	63.99,	28.07,	27.84,	
950000,	91.342,	136478,	114363,	179986,	69171,	63.22,	26.44,	26.67,	
1000000,	96.978,	135845,	114888,	181686,	67581,	63.8,	27.62,	27.55,	

1000000,	96.978,	272323,	229251,	361672,	136752,	63.4,	26.84,	26.87,	





OzaBagAdaHT-RandomRBF
Speed Change:,	0.01,	Centroids:,	100,	DriftCentroid:	60
GracePeriod:,	200,	TieThreshold:,	0.05,	BinarySplit:,	false,	BaseClassifier:,	HT,	
EnsembleSize:,	5
Count,	Time,	TP,	FN,	TN,	FP,	Accu,	Kappa,	Kpa_t,	Mem,	Depth,	TSize,	DcNod,	ActLf,	InacLf,	Reset,	Alter,	Switch,	Prune,	ClOp0,	ClOp1,	ClOp2,	ClOp3
50000,	3.335,	12795,	12249,	15167,	9787,	55.92,	11.86,	11.41,	
100000,	7.493,	12530,	12476,	15046,	9948,	55.15,	10.31,	9.88,	
150000,	11.789,	25417,	24643,	29923,	20015,	54.76,	9.52,	10.3,	
200000,	15.989,	25338,	24749,	29653,	20260,	54.83,	9.68,	9.94,	
250000,	20.436,	38764,	36569,	43819,	30846,	54.49,	9.0,	9.05,	
300000,	24.987,	38676,	36661,	43176,	31487,	53.72,	7.46,	7.93,	
350000,	29.698,	51705,	48658,	58064,	41571,	54.37,	8.75,	9.32,	
400000,	34.567,	50646,	49594,	58213,	41547,	54.01,	7.99,	8.67,	
450000,	39.781,	63955,	61526,	73126,	51391,	54.62,	9.3,	8.97,	
500000,	45.136,	63060,	62298,	72872,	51770,	54.15,	8.33,	7.81,	
550000,	50.461,	76339,	74207,	87691,	61761,	53.9,	7.82,	8.13,	
600000,	55.574,	75922,	74475,	87303,	62300,	54.59,	9.18,	9.07,	
650000,	61.057,	88634,	87000,	102157,	72207,	53.52,	7.07,	6.79,	
700000,	66.626,	88614,	86852,	101579,	72955,	53.94,	7.89,	8.57,	
750000,	72.097,	101562,	99213,	116075,	83148,	53.69,	7.41,	7.58,	
800000,	77.475,	101087,	99467,	116189,	83257,	54.17,	8.36,	8.28,	
850000,	82.834,	114478,	111384,	130273,	93863,	54.23,	8.47,	8.12,	
900000,	88.169,	113425,	112267,	130624,	93684,	53.55,	7.14,	6.89,	
950000,	93.511,	126902,	123945,	145088,	104063,	54.48,	8.95,	9.24,	
1000000,	98.6,	125572,	125162,	145883,	103383,	54.81,	9.64,	9.56,	

1000000,	98.6,	252474,	249107,	290971,	207446,	54.34,	8.71,	8.78,	





OzaBagAdaHT-RandomRBF
Speed Change:,	0.01,	Centroids:,	100,	DriftCentroid:	80
GracePeriod:,	200,	TieThreshold:,	0.05,	BinarySplit:,	false,	BaseClassifier:,	HT,	
EnsembleSize:,	5
Count,	Time,	TP,	FN,	TN,	FP,	Accu,	Kappa,	Kpa_t,	Mem,	Depth,	TSize,	DcNod,	ActLf,	InacLf,	Reset,	Alter,	Switch,	Prune,	ClOp0,	ClOp1,	ClOp2,	ClOp3
50000,	3.282,	12795,	12249,	15167,	9787,	55.92,	11.86,	11.41,	
100000,	7.603,	12530,	12476,	15046,	9948,	55.15,	10.31,	9.88,	
150000,	12.023,	25417,	24643,	29923,	20015,	54.76,	9.52,	10.3,	
200000,	16.245,	25338,	24749,	29653,	20260,	54.83,	9.68,	9.94,	
250000,	20.619,	38764,	36569,	43819,	30846,	54.49,	9.0,	9.05,	
300000,	25.146,	38676,	36661,	43176,	31487,	53.72,	7.46,	7.93,	
350000,	29.917,	51705,	48658,	58064,	41571,	54.37,	8.75,	9.32,	
400000,	34.89,	50646,	49594,	58213,	41547,	54.01,	7.99,	8.67,	
450000,	40.112,	63955,	61526,	73126,	51391,	54.62,	9.3,	8.97,	
500000,	45.509,	63060,	62298,	72872,	51770,	54.15,	8.33,	7.81,	
550000,	50.828,	76339,	74207,	87691,	61761,	53.9,	7.82,	8.13,	
600000,	55.939,	75922,	74475,	87303,	62300,	54.59,	9.18,	9.07,	
650000,	61.415,	88634,	87000,	102157,	72207,	53.52,	7.07,	6.79,	
700000,	66.927,	88614,	86852,	101579,	72955,	53.94,	7.89,	8.57,	
750000,	72.352,	101562,	99213,	116075,	83148,	53.69,	7.41,	7.58,	
800000,	77.715,	101087,	99467,	116189,	83257,	54.17,	8.36,	8.28,	
850000,	83.115,	114478,	111384,	130273,	93863,	54.23,	8.47,	8.12,	
900000,	88.399,	113425,	112267,	130624,	93684,	53.55,	7.14,	6.89,	
950000,	93.705,	126902,	123945,	145088,	104063,	54.48,	8.95,	9.24,	
1000000,	98.768,	125572,	125162,	145883,	103383,	54.81,	9.64,	9.56,	

1000000,	98.768,	252474,	249107,	290971,	207446,	54.34,	8.71,	8.78,	





OzaBagAdaHT-RandomRBF
Speed Change:,	0.01,	Centroids:,	100,	DriftCentroid:	100
GracePeriod:,	200,	TieThreshold:,	0.05,	BinarySplit:,	false,	BaseClassifier:,	HT,	
EnsembleSize:,	5
Count,	Time,	TP,	FN,	TN,	FP,	Accu,	Kappa,	Kpa_t,	Mem,	Depth,	TSize,	DcNod,	ActLf,	InacLf,	Reset,	Alter,	Switch,	Prune,	ClOp0,	ClOp1,	ClOp2,	ClOp3
50000,	3.327,	12795,	12249,	15167,	9787,	55.92,	11.86,	11.41,	
100000,	7.538,	12530,	12476,	15046,	9948,	55.15,	10.31,	9.88,	
150000,	11.823,	25417,	24643,	29923,	20015,	54.76,	9.52,	10.3,	
200000,	16.045,	25338,	24749,	29653,	20260,	54.83,	9.68,	9.94,	
250000,	20.452,	38764,	36569,	43819,	30846,	54.49,	9.0,	9.05,	
300000,	25.002,	38676,	36661,	43176,	31487,	53.72,	7.46,	7.93,	
350000,	29.753,	51705,	48658,	58064,	41571,	54.37,	8.75,	9.32,	
400000,	34.637,	50646,	49594,	58213,	41547,	54.01,	7.99,	8.67,	
450000,	39.721,	63955,	61526,	73126,	51391,	54.62,	9.3,	8.97,	
500000,	45.013,	63060,	62298,	72872,	51770,	54.15,	8.33,	7.81,	
550000,	50.251,	76339,	74207,	87691,	61761,	53.9,	7.82,	8.13,	
600000,	55.278,	75922,	74475,	87303,	62300,	54.59,	9.18,	9.07,	
650000,	60.707,	88634,	87000,	102157,	72207,	53.52,	7.07,	6.79,	
700000,	66.222,	88614,	86852,	101579,	72955,	53.94,	7.89,	8.57,	
750000,	71.753,	101562,	99213,	116075,	83148,	53.69,	7.41,	7.58,	
800000,	77.073,	101087,	99467,	116189,	83257,	54.17,	8.36,	8.28,	
850000,	82.406,	114478,	111384,	130273,	93863,	54.23,	8.47,	8.12,	
900000,	87.746,	113425,	112267,	130624,	93684,	53.55,	7.14,	6.89,	
950000,	93.062,	126902,	123945,	145088,	104063,	54.48,	8.95,	9.24,	
1000000,	98.14,	125572,	125162,	145883,	103383,	54.81,	9.64,	9.56,	

1000000,	98.14,	252474,	249107,	290971,	207446,	54.34,	8.71,	8.78,	





OzaBagAdaHT-RandomRBF
Speed Change:,	0.01,	Centroids:,	100,	DriftCentroid:	100
GracePeriod:,	200,	TieThreshold:,	0.05,	BinarySplit:,	false,	BaseClassifier:,	HT,	
EnsembleSize:,	5
Count,	Time,	TP,	FN,	TN,	FP,	Accu,	Kappa,	Kpa_t,	Mem,	Depth,	TSize,	DcNod,	ActLf,	InacLf,	Reset,	Alter,	Switch,	Prune,	ClOp0,	ClOp1,	ClOp2,	ClOp3
50000,	3.289,	12795,	12249,	15167,	9787,	55.92,	11.86,	11.41,	
100000,	7.441,	12530,	12476,	15046,	9948,	55.15,	10.31,	9.88,	
150000,	11.664,	25417,	24643,	29923,	20015,	54.76,	9.52,	10.3,	
200000,	15.827,	25338,	24749,	29653,	20260,	54.83,	9.68,	9.94,	
250000,	20.157,	38764,	36569,	43819,	30846,	54.49,	9.0,	9.05,	
300000,	24.676,	38676,	36661,	43176,	31487,	53.72,	7.46,	7.93,	
350000,	29.495,	51705,	48658,	58064,	41571,	54.37,	8.75,	9.32,	
400000,	34.38,	50646,	49594,	58213,	41547,	54.01,	7.99,	8.67,	
450000,	39.505,	63955,	61526,	73126,	51391,	54.62,	9.3,	8.97,	
500000,	44.764,	63060,	62298,	72872,	51770,	54.15,	8.33,	7.81,	
550000,	49.972,	76339,	74207,	87691,	61761,	53.9,	7.82,	8.13,	
600000,	55.025,	75922,	74475,	87303,	62300,	54.59,	9.18,	9.07,	
650000,	60.46,	88634,	87000,	102157,	72207,	53.52,	7.07,	6.79,	
700000,	65.926,	88614,	86852,	101579,	72955,	53.94,	7.89,	8.57,	
750000,	71.374,	101562,	99213,	116075,	83148,	53.69,	7.41,	7.58,	
800000,	76.665,	101087,	99467,	116189,	83257,	54.17,	8.36,	8.28,	
850000,	82.003,	114478,	111384,	130273,	93863,	54.23,	8.47,	8.12,	
900000,	87.258,	113425,	112267,	130624,	93684,	53.55,	7.14,	6.89,	
950000,	92.504,	126902,	123945,	145088,	104063,	54.48,	8.95,	9.24,	
1000000,	97.502,	125572,	125162,	145883,	103383,	54.81,	9.64,	9.56,	

1000000,	97.502,	252474,	249107,	290971,	207446,	54.34,	8.71,	8.78,	





OzaBagAdaHT-RandomRBF
Speed Change:,	0.01,	Centroids:,	100,	DriftCentroid:	100
GracePeriod:,	400,	TieThreshold:,	0.05,	BinarySplit:,	false,	BaseClassifier:,	HT,	
EnsembleSize:,	5
Count,	Time,	TP,	FN,	TN,	FP,	Accu,	Kappa,	Kpa_t,	Mem,	Depth,	TSize,	DcNod,	ActLf,	InacLf,	Reset,	Alter,	Switch,	Prune,	ClOp0,	ClOp1,	ClOp2,	ClOp3
50000,	3.284,	12853,	12191,	15173,	9781,	56.05,	12.12,	11.66,	
100000,	7.388,	12775,	12232,	14788,	10205,	55.13,	10.25,	9.83,	
150000,	11.95,	25881,	24180,	29518,	20419,	54.75,	9.5,	10.28,	
200000,	16.867,	25573,	24515,	29116,	20796,	54.25,	8.52,	8.79,	
250000,	21.731,	39340,	35993,	43060,	31605,	54.0,	8.02,	8.08,	
300000,	26.392,	39343,	35995,	42653,	32009,	54.61,	9.23,	9.7,	
350000,	31.325,	52315,	48049,	57142,	42492,	54.11,	8.23,	8.81,	
400000,	36.371,	51855,	48386,	57252,	42507,	54.22,	8.42,	9.08,	
450000,	41.67,	64512,	60970,	71974,	52542,	54.06,	8.16,	7.84,	
500000,	46.709,	64798,	60562,	71448,	53192,	54.28,	8.58,	8.08,	
550000,	51.786,	77168,	73379,	86298,	63153,	53.96,	7.94,	8.25,	
600000,	57.053,	77525,	72875,	85931,	63669,	54.42,	8.85,	8.74,	
650000,	62.238,	89965,	85671,	100570,	73792,	54.14,	8.3,	8.03,	
700000,	67.666,	90635,	84833,	99996,	74536,	54.35,	8.71,	9.4,	
750000,	73.225,	102774,	98002,	114668,	84554,	53.81,	7.66,	7.83,	
800000,	78.647,	103276,	97280,	114536,	84908,	54.36,	8.75,	8.67,	
850000,	84.053,	115692,	110170,	128774,	95362,	54.05,	8.11,	7.76,	
900000,	89.538,	116034,	109662,	128735,	95569,	53.91,	7.86,	7.63,	
950000,	95.198,	128322,	122525,	143032,	106119,	53.78,	7.55,	7.84,	
1000000,	100.817,	128366,	122371,	143405,	105858,	54.0,	8.02,	7.95,	

1000000,	100.817,	256688,	244896,	286437,	211977,	54.31,	8.64,	8.71,	





OzaBagAdaHT-RandomRBF
Speed Change:,	0.01,	Centroids:,	100,	DriftCentroid:	100
GracePeriod:,	800,	TieThreshold:,	0.05,	BinarySplit:,	false,	BaseClassifier:,	HT,	
EnsembleSize:,	5
Count,	Time,	TP,	FN,	TN,	FP,	Accu,	Kappa,	Kpa_t,	Mem,	Depth,	TSize,	DcNod,	ActLf,	InacLf,	Reset,	Alter,	Switch,	Prune,	ClOp0,	ClOp1,	ClOp2,	ClOp3
50000,	3.09,	12732,	12312,	15004,	9950,	55.47,	10.96,	10.5,	
100000,	7.03,	12451,	12555,	15160,	9834,	55.22,	10.45,	10.02,	
150000,	11.507,	25307,	24752,	29681,	20258,	54.5,	9.01,	9.8,	
200000,	15.797,	25103,	24984,	29895,	20018,	54.77,	9.57,	9.83,	
250000,	20.294,	38490,	36842,	43443,	31223,	53.89,	7.81,	7.86,	
300000,	24.708,	38333,	37004,	44049,	30614,	54.77,	9.58,	10.01,	
350000,	29.403,	51009,	49355,	58313,	41321,	54.78,	9.57,	10.13,	
400000,	34.276,	50762,	49478,	58741,	41019,	54.24,	8.45,	9.12,	
450000,	39.6,	63263,	62217,	72980,	51538,	53.84,	7.73,	7.41,	
500000,	44.842,	63408,	61949,	73220,	51423,	54.25,	8.53,	8.02,	
550000,	49.721,	76282,	74264,	87207,	62245,	54.49,	9.0,	9.31,	
600000,	54.443,	76440,	73954,	87205,	62401,	54.03,	8.07,	7.96,	
650000,	59.148,	88972,	86661,	101635,	72730,	54.24,	8.5,	8.22,	
700000,	63.952,	89418,	86044,	101417,	73121,	54.38,	8.77,	9.46,	
750000,	68.954,	101770,	99003,	115738,	83487,	53.8,	7.63,	7.8,	
800000,	74.095,	101797,	98753,	115824,	83626,	53.57,	7.17,	7.09,	
850000,	79.201,	114482,	111377,	130134,	94005,	54.22,	8.45,	8.09,	
900000,	84.263,	115244,	110447,	129370,	94939,	53.99,	7.98,	7.78,	
950000,	89.62,	127157,	123687,	144355,	104799,	53.79,	7.58,	7.87,	
1000000,	94.505,	127606,	123129,	144352,	104913,	54.69,	9.39,	9.31,	

1000000,	94.505,	254763,	246816,	288707,	209712,	54.35,	8.71,	8.78,	





OzaBagAdaHT-RandomRBF
Speed Change:,	0.01,	Centroids:,	100,	DriftCentroid:	100
GracePeriod:,	1600,	TieThreshold:,	0.05,	BinarySplit:,	false,	BaseClassifier:,	HT,	
EnsembleSize:,	5
Count,	Time,	TP,	FN,	TN,	FP,	Accu,	Kappa,	Kpa_t,	Mem,	Depth,	TSize,	DcNod,	ActLf,	InacLf,	Reset,	Alter,	Switch,	Prune,	ClOp0,	ClOp1,	ClOp2,	ClOp3
50000,	2.899,	12905,	12140,	14938,	10015,	55.69,	11.38,	10.93,	
100000,	6.839,	12525,	12482,	14858,	10135,	54.77,	9.53,	9.11,	
150000,	11.069,	25068,	24993,	30076,	19861,	54.6,	9.21,	9.99,	
200000,	15.259,	25101,	24987,	29405,	20507,	54.25,	8.52,	8.78,	
250000,	19.692,	38379,	36955,	43953,	30711,	54.38,	8.79,	8.83,	
300000,	24.072,	38271,	37067,	43272,	31390,	54.07,	8.18,	8.63,	
350000,	28.58,	50727,	49638,	58528,	41105,	53.85,	7.7,	8.28,	
400000,	33.48,	50229,	50012,	58326,	41433,	54.02,	8.01,	8.69,	
450000,	38.401,	62590,	62892,	73645,	50871,	53.96,	7.98,	7.64,	
500000,	43.481,	62514,	62845,	72952,	51689,	53.82,	7.69,	7.16,	
550000,	48.753,	75101,	75446,	88103,	61348,	53.94,	7.9,	8.21,	
600000,	53.984,	74875,	75523,	87399,	62203,	53.62,	7.24,	7.13,	
650000,	59.508,	87472,	88162,	102370,	71994,	53.28,	6.58,	6.3,	
700000,	65.161,	87097,	88369,	102086,	72448,	53.82,	7.66,	8.34,	
750000,	70.294,	99870,	100905,	117181,	82042,	54.42,	8.89,	9.03,	
800000,	75.388,	99693,	100861,	116670,	82776,	54.36,	8.75,	8.67,	
850000,	80.395,	112217,	113644,	131679,	92458,	53.69,	7.41,	7.04,	
900000,	85.285,	112269,	113426,	131463,	92842,	54.74,	9.52,	9.28,	
950000,	90.216,	124134,	126712,	146548,	102604,	53.57,	7.14,	7.43,	
1000000,	95.167,	124194,	126544,	146438,	102824,	53.8,	7.62,	7.54,	

1000000,	95.167,	248328,	253256,	292986,	205428,	54.13,	8.29,	8.35,	





OzaBagAdaHT-RandomRBF
Speed Change:,	0.01,	Centroids:,	100,	DriftCentroid:	100
GracePeriod:,	3200,	TieThreshold:,	0.05,	BinarySplit:,	false,	BaseClassifier:,	HT,	
EnsembleSize:,	5
Count,	Time,	TP,	FN,	TN,	FP,	Accu,	Kappa,	Kpa_t,	Mem,	Depth,	TSize,	DcNod,	ActLf,	InacLf,	Reset,	Alter,	Switch,	Prune,	ClOp0,	ClOp1,	ClOp2,	ClOp3
50000,	3.134,	11868,	13177,	15734,	9219,	55.2,	10.43,	9.96,	
100000,	6.798,	11666,	13342,	15625,	9367,	54.58,	9.17,	8.74,	
150000,	10.703,	24464,	25596,	30563,	19375,	54.85,	9.71,	10.48,	
200000,	14.593,	24069,	26020,	30464,	19447,	54.48,	9.0,	9.25,	
250000,	18.819,	37280,	38053,	44859,	29806,	54.22,	8.52,	8.52,	
300000,	22.528,	37492,	37846,	44540,	30122,	55.0,	10.03,	10.47,	
350000,	26.254,	49671,	50693,	59940,	39694,	54.94,	9.9,	10.46,	
400000,	29.8,	48966,	51275,	60530,	39229,	54.93,	9.79,	10.48,	
450000,	33.526,	61239,	64242,	75783,	48734,	54.82,	9.72,	9.37,	
500000,	37.464,	61345,	64014,	75506,	49135,	54.71,	9.47,	8.95,	
550000,	41.632,	73900,	76646,	90180,	59272,	54.12,	8.25,	8.56,	
600000,	45.97,	73527,	76869,	90388,	59216,	54.13,	8.27,	8.15,	
650000,	50.263,	85820,	89814,	105200,	69164,	53.88,	7.8,	7.51,	
700000,	54.627,	86031,	89429,	104790,	69750,	53.81,	7.64,	8.33,	
750000,	59.246,	98193,	102581,	119661,	79563,	53.67,	7.38,	7.54,	
800000,	63.882,	97941,	102607,	119643,	79809,	53.53,	7.09,	7.0,	
850000,	68.49,	110352,	115508,	134327,	89811,	53.65,	7.33,	6.96,	
900000,	73.16,	110049,	115638,	134479,	89834,	53.89,	7.84,	7.58,	
950000,	77.833,	122204,	128640,	149291,	99863,	53.63,	7.26,	7.55,	
1000000,	82.62,	121703,	129026,	149774,	99497,	53.9,	7.82,	7.73,	

1000000,	82.62,	243907,	257666,	299065,	199360,	54.3,	8.63,	8.68,	





OzaBagAdaHT-RandomRBF
Speed Change:,	0.01,	Centroids:,	100,	DriftCentroid:	100
GracePeriod:,	200,	TieThreshold:,	0.001,	BinarySplit:,	false,	BaseClassifier:,	HT,	
EnsembleSize:,	5
Count,	Time,	TP,	FN,	TN,	FP,	Accu,	Kappa,	Kpa_t,	Mem,	Depth,	TSize,	DcNod,	ActLf,	InacLf,	Reset,	Alter,	Switch,	Prune,	ClOp0,	ClOp1,	ClOp2,	ClOp3
50000,	1.884,	8820,	16224,	17630,	7324,	52.9,	5.86,	5.33,	
100000,	3.801,	9030,	15977,	17569,	7424,	53.2,	6.4,	5.96,	
150000,	5.723,	17859,	32201,	35268,	14670,	53.35,	6.73,	7.52,	
200000,	7.639,	18097,	31991,	35118,	14794,	53.23,	6.57,	6.76,	
250000,	9.548,	27303,	48030,	52246,	22419,	52.84,	6.01,	5.77,	
300000,	11.473,	27458,	47880,	52221,	22441,	52.93,	6.16,	6.35,	
350000,	13.367,	36661,	63703,	69375,	30259,	52.97,	5.98,	6.55,	
400000,	15.268,	36754,	63487,	69637,	30122,	53.42,	6.73,	7.5,	
450000,	17.189,	45812,	79669,	86949,	37568,	53.45,	7.05,	6.62,	
500000,	19.121,	46053,	79306,	87197,	37444,	53.72,	7.58,	6.95,	
550000,	21.05,	55070,	95476,	104394,	45058,	53.41,	6.89,	7.15,	
600000,	22.957,	55426,	94972,	104687,	44915,	53.73,	7.5,	7.35,	
650000,	24.873,	64230,	111404,	121703,	52661,	52.94,	5.99,	5.62,	
700000,	26.776,	64751,	110715,	122009,	52525,	53.29,	6.67,	7.3,	
750000,	28.699,	73456,	127318,	138989,	60235,	53.02,	6.22,	6.25,	
800000,	30.617,	73922,	126632,	139369,	60077,	53.06,	6.23,	6.07,	
850000,	32.523,	82600,	143260,	156390,	67748,	53.09,	6.29,	5.83,	
900000,	34.422,	83131,	142563,	156718,	67588,	53.12,	6.41,	6.03,	
950000,	36.33,	91663,	159182,	173805,	75348,	52.96,	5.89,	6.2,	
1000000,	38.227,	92379,	158358,	174159,	75104,	53.38,	6.81,	6.69,	

1000000,	38.227,	184042,	317540,	347964,	150452,	53.2,	6.5,	6.49,	





OzaBagAdaHT-RandomRBF
Speed Change:,	0.01,	Centroids:,	100,	DriftCentroid:	100
GracePeriod:,	200,	TieThreshold:,	0.005,	BinarySplit:,	false,	BaseClassifier:,	HT,	
EnsembleSize:,	5
Count,	Time,	TP,	FN,	TN,	FP,	Accu,	Kappa,	Kpa_t,	Mem,	Depth,	TSize,	DcNod,	ActLf,	InacLf,	Reset,	Alter,	Switch,	Prune,	ClOp0,	ClOp1,	ClOp2,	ClOp3
50000,	1.857,	8820,	16224,	17630,	7324,	52.9,	5.86,	5.33,	
100000,	3.792,	9030,	15977,	17569,	7424,	53.2,	6.4,	5.96,	
150000,	5.677,	17859,	32201,	35268,	14670,	53.35,	6.73,	7.52,	
200000,	7.577,	18097,	31991,	35118,	14794,	53.23,	6.57,	6.76,	
250000,	9.616,	28046,	47287,	51679,	22986,	53.2,	6.66,	6.47,	
300000,	11.533,	28046,	47292,	51667,	22995,	53.0,	6.25,	6.49,	
350000,	13.424,	37494,	62870,	68696,	30938,	52.93,	5.9,	6.46,	
400000,	15.323,	37113,	63128,	69279,	30480,	53.36,	6.59,	7.36,	
450000,	17.246,	46463,	79018,	86472,	38045,	53.49,	7.14,	6.7,	
500000,	19.389,	47335,	78024,	86178,	38463,	54.24,	8.6,	8.01,	
550000,	22.257,	56354,	94192,	103274,	46178,	53.39,	6.84,	7.11,	
600000,	25.161,	56904,	93494,	103364,	46238,	53.51,	7.06,	6.92,	
650000,	27.994,	65632,	110002,	120584,	53780,	53.18,	6.46,	6.1,	
700000,	30.837,	66388,	109078,	120535,	53999,	53.31,	6.7,	7.33,	
750000,	33.373,	75018,	125756,	137750,	61474,	53.1,	6.37,	6.41,	
800000,	36.117,	75474,	125080,	138198,	61248,	53.5,	7.11,	6.94,	
850000,	39.028,	84289,	141571,	155182,	68956,	53.41,	6.92,	6.47,	
900000,	42.165,	84595,	141099,	155787,	68519,	53.42,	7.02,	6.64,	
950000,	45.439,	93532,	157313,	172565,	76588,	53.25,	6.49,	6.79,	
1000000,	48.926,	93790,	156947,	173377,	75886,	53.57,	7.19,	7.08,	

1000000,	48.926,	187322,	314260,	345942,	152474,	53.33,	6.75,	6.74,	





OzaBagAdaHT-RandomRBF
Speed Change:,	0.01,	Centroids:,	100,	DriftCentroid:	100
GracePeriod:,	200,	TieThreshold:,	0.01,	BinarySplit:,	false,	BaseClassifier:,	HT,	
EnsembleSize:,	5
Count,	Time,	TP,	FN,	TN,	FP,	Accu,	Kappa,	Kpa_t,	Mem,	Depth,	TSize,	DcNod,	ActLf,	InacLf,	Reset,	Alter,	Switch,	Prune,	ClOp0,	ClOp1,	ClOp2,	ClOp3
50000,	1.882,	8820,	16224,	17630,	7324,	52.9,	5.86,	5.33,	
100000,	4.398,	9175,	15832,	17529,	7464,	53.41,	6.82,	6.38,	
150000,	7.116,	18081,	31979,	35303,	14635,	53.87,	7.76,	8.54,	
200000,	10.131,	18140,	31948,	35254,	14658,	53.38,	6.87,	7.05,	
250000,	13.057,	28168,	47165,	51976,	22689,	53.52,	7.32,	7.12,	
300000,	16.025,	28547,	46791,	51598,	23064,	53.5,	7.23,	7.49,	
350000,	19.065,	38130,	62234,	68561,	31073,	53.09,	6.22,	6.78,	
400000,	22.671,	37943,	62298,	69067,	30692,	53.73,	7.35,	8.1,	
450000,	26.772,	47996,	77485,	85817,	38700,	54.24,	8.62,	8.21,	
500000,	30.162,	47633,	77726,	86331,	38310,	53.91,	7.95,	7.33,	
550000,	33.391,	58027,	92519,	102558,	46894,	53.54,	7.15,	7.42,	
600000,	36.712,	57636,	92762,	103403,	46199,	54.15,	8.34,	8.2,	
650000,	40.421,	68089,	107545,	119299,	55065,	53.61,	7.3,	6.96,	
700000,	43.471,	67727,	107739,	120067,	54467,	53.51,	7.09,	7.73,	
750000,	46.491,	77792,	122982,	136323,	62901,	53.45,	7.06,	7.11,	
800000,	49.63,	77393,	123161,	137205,	62241,	53.61,	7.31,	7.16,	
850000,	53.377,	86822,	139038,	153863,	70275,	53.14,	6.39,	5.93,	
900000,	57.061,	87072,	138622,	154250,	70056,	53.45,	7.05,	6.7,	
950000,	60.591,	96004,	154841,	171474,	77679,	53.59,	7.15,	7.46,	
1000000,	63.823,	96030,	154707,	172069,	77194,	53.55,	7.16,	7.04,	

1000000,	63.823,	192034,	309548,	343543,	154873,	53.56,	7.21,	7.2,	





OzaBagAdaHT-RandomRBF
Speed Change:,	0.01,	Centroids:,	100,	DriftCentroid:	100
GracePeriod:,	200,	TieThreshold:,	0.05,	BinarySplit:,	false,	BaseClassifier:,	HT,	
EnsembleSize:,	5
Count,	Time,	TP,	FN,	TN,	FP,	Accu,	Kappa,	Kpa_t,	Mem,	Depth,	TSize,	DcNod,	ActLf,	InacLf,	Reset,	Alter,	Switch,	Prune,	ClOp0,	ClOp1,	ClOp2,	ClOp3
50000,	3.236,	12795,	12249,	15167,	9787,	55.92,	11.86,	11.41,	
100000,	7.396,	12530,	12476,	15046,	9948,	55.15,	10.31,	9.88,	
150000,	11.627,	25417,	24643,	29923,	20015,	54.76,	9.52,	10.3,	
200000,	15.792,	25338,	24749,	29653,	20260,	54.83,	9.68,	9.94,	
250000,	20.137,	38764,	36569,	43819,	30846,	54.49,	9.0,	9.05,	
300000,	24.588,	38676,	36661,	43176,	31487,	53.72,	7.46,	7.93,	
350000,	29.333,	51705,	48658,	58064,	41571,	54.37,	8.75,	9.32,	
400000,	34.196,	50646,	49594,	58213,	41547,	54.01,	7.99,	8.67,	
450000,	39.248,	63955,	61526,	73126,	51391,	54.62,	9.3,	8.97,	
500000,	44.485,	63060,	62298,	72872,	51770,	54.15,	8.33,	7.81,	
550000,	49.835,	76339,	74207,	87691,	61761,	53.9,	7.82,	8.13,	
600000,	54.868,	75922,	74475,	87303,	62300,	54.59,	9.18,	9.07,	
650000,	60.213,	88634,	87000,	102157,	72207,	53.52,	7.07,	6.79,	
700000,	65.561,	88614,	86852,	101579,	72955,	53.94,	7.89,	8.57,	
750000,	70.883,	101562,	99213,	116075,	83148,	53.69,	7.41,	7.58,	
800000,	76.218,	101087,	99467,	116189,	83257,	54.17,	8.36,	8.28,	
850000,	81.604,	114478,	111384,	130273,	93863,	54.23,	8.47,	8.12,	
900000,	86.982,	113425,	112267,	130624,	93684,	53.55,	7.14,	6.89,	
950000,	92.26,	126902,	123945,	145088,	104063,	54.48,	8.95,	9.24,	
1000000,	97.215,	125572,	125162,	145883,	103383,	54.81,	9.64,	9.56,	

1000000,	97.215,	252474,	249107,	290971,	207446,	54.34,	8.71,	8.78,	





OzaBagAdaHT-RandomRBF
Speed Change:,	0.01,	Centroids:,	100,	DriftCentroid:	100
GracePeriod:,	200,	TieThreshold:,	0.1,	BinarySplit:,	false,	BaseClassifier:,	HT,	
EnsembleSize:,	5
Count,	Time,	TP,	FN,	TN,	FP,	Accu,	Kappa,	Kpa_t,	Mem,	Depth,	TSize,	DcNod,	ActLf,	InacLf,	Reset,	Alter,	Switch,	Prune,	ClOp0,	ClOp1,	ClOp2,	ClOp3
50000,	4.739,	14098,	10945,	14144,	10811,	56.48,	12.97,	12.53,	
100000,	10.553,	13816,	11192,	13805,	11187,	55.24,	10.48,	10.06,	
150000,	16.657,	28048,	22009,	28162,	21779,	55.94,	11.87,	12.64,	
200000,	22.937,	27557,	22533,	27488,	22422,	54.85,	9.7,	9.98,	
250000,	29.439,	42251,	33079,	41438,	33230,	54.96,	9.89,	9.99,	
300000,	36.182,	41678,	33661,	40497,	34164,	54.26,	8.49,	9.0,	
350000,	43.4,	55848,	44517,	54793,	44840,	53.9,	7.81,	8.39,	
400000,	49.92,	55021,	45221,	54688,	45070,	55.07,	10.13,	10.76,	
450000,	57.643,	69323,	56160,	68550,	55965,	54.46,	8.93,	8.65,	
500000,	65.099,	69030,	56328,	68190,	56452,	55.02,	10.04,	9.57,	
550000,	72.896,	83284,	67264,	81739,	67711,	54.3,	8.59,	8.93,	
600000,	80.677,	82778,	67621,	81565,	68036,	54.25,	8.49,	8.39,	
650000,	93.026,	96901,	78734,	95224,	79139,	54.2,	8.41,	8.16,	
700000,	100.12,	96584,	78882,	94945,	79589,	54.37,	8.74,	9.44,	
750000,	107.632,	110600,	90176,	108659,	90563,	54.27,	8.53,	8.73,	
800000,	117.629,	110042,	90513,	108496,	90949,	54.02,	8.04,	7.98,	
850000,	125.014,	124162,	101700,	122057,	102079,	53.92,	7.84,	7.5,	
900000,	132.663,	123599,	102095,	121833,	102473,	53.79,	7.57,	7.38,	
950000,	140.953,	137533,	113314,	135654,	113497,	53.94,	7.87,	8.16,	
1000000,	147.778,	137153,	113585,	135968,	113294,	55.38,	10.76,	10.7,	

1000000,	147.778,	274686,	226899,	271622,	226791,	54.63,	9.26,	9.35,	





OzaBagAdaHT-RandomRBF
Speed Change:,	0.01,	Centroids:,	100,	DriftCentroid:	100
GracePeriod:,	200,	TieThreshold:,	0.01,	BinarySplit:,	true,	BaseClassifier:,	HT,	
EnsembleSize:,	5
Count,	Time,	TP,	FN,	TN,	FP,	Accu,	Kappa,	Kpa_t,	Mem,	Depth,	TSize,	DcNod,	ActLf,	InacLf,	Reset,	Alter,	Switch,	Prune,	ClOp0,	ClOp1,	ClOp2,	ClOp3
50000,	1.875,	8820,	16224,	17630,	7324,	52.9,	5.86,	5.33,	
100000,	4.402,	9175,	15832,	17529,	7464,	53.41,	6.82,	6.38,	
150000,	7.192,	18081,	31979,	35303,	14635,	53.87,	7.76,	8.54,	
200000,	10.314,	18140,	31948,	35254,	14658,	53.38,	6.87,	7.05,	
250000,	13.405,	28168,	47165,	51976,	22689,	53.52,	7.32,	7.12,	
300000,	16.495,	28547,	46791,	51598,	23064,	53.5,	7.23,	7.49,	
350000,	19.625,	38130,	62234,	68561,	31073,	53.09,	6.22,	6.78,	
400000,	23.23,	37943,	62298,	69067,	30692,	53.73,	7.35,	8.1,	
450000,	27.269,	47996,	77485,	85817,	38700,	54.24,	8.62,	8.21,	
500000,	30.631,	47633,	77726,	86331,	38310,	53.91,	7.95,	7.33,	
550000,	33.925,	58027,	92519,	102558,	46894,	53.54,	7.15,	7.42,	
600000,	37.255,	57636,	92762,	103403,	46199,	54.15,	8.34,	8.2,	
650000,	41.009,	68089,	107545,	119299,	55065,	53.61,	7.3,	6.96,	
700000,	44.032,	67727,	107739,	120067,	54467,	53.51,	7.09,	7.73,	
750000,	47.089,	77792,	122982,	136323,	62901,	53.45,	7.06,	7.11,	
800000,	50.292,	77393,	123161,	137205,	62241,	53.61,	7.31,	7.16,	
850000,	54.104,	86822,	139038,	153863,	70275,	53.14,	6.39,	5.93,	
900000,	57.77,	87072,	138622,	154250,	70056,	53.45,	7.05,	6.7,	
950000,	61.367,	96004,	154841,	171474,	77679,	53.59,	7.15,	7.46,	
1000000,	64.713,	96030,	154707,	172069,	77194,	53.55,	7.16,	7.04,	

1000000,	64.713,	192034,	309548,	343543,	154873,	53.56,	7.21,	7.2,	





OzaBagAdaHT-RandomRBF
Speed Change:,	0.01,	Centroids:,	100,	DriftCentroid:	100
GracePeriod:,	200,	TieThreshold:,	0.01,	BinarySplit:,	true,	BaseClassifier:,	HT,	
EnsembleSize:,	5
Count,	Time,	TP,	FN,	TN,	FP,	Accu,	Kappa,	Kpa_t,	Mem,	Depth,	TSize,	DcNod,	ActLf,	InacLf,	Reset,	Alter,	Switch,	Prune,	ClOp0,	ClOp1,	ClOp2,	ClOp3
50000,	1.888,	8820,	16224,	17630,	7324,	52.9,	5.86,	5.33,	
100000,	4.446,	9175,	15832,	17529,	7464,	53.41,	6.82,	6.38,	
150000,	7.212,	18081,	31979,	35303,	14635,	53.87,	7.76,	8.54,	
200000,	10.253,	18140,	31948,	35254,	14658,	53.38,	6.87,	7.05,	
250000,	13.225,	28168,	47165,	51976,	22689,	53.52,	7.32,	7.12,	
300000,	16.308,	28547,	46791,	51598,	23064,	53.5,	7.23,	7.49,	
350000,	19.415,	38130,	62234,	68561,	31073,	53.09,	6.22,	6.78,	
400000,	22.953,	37943,	62298,	69067,	30692,	53.73,	7.35,	8.1,	
450000,	26.978,	47996,	77485,	85817,	38700,	54.24,	8.62,	8.21,	
500000,	30.359,	47633,	77726,	86331,	38310,	53.91,	7.95,	7.33,	
550000,	33.594,	58027,	92519,	102558,	46894,	53.54,	7.15,	7.42,	
600000,	36.918,	57636,	92762,	103403,	46199,	54.15,	8.34,	8.2,	
650000,	40.634,	68089,	107545,	119299,	55065,	53.61,	7.3,	6.96,	
700000,	43.68,	67727,	107739,	120067,	54467,	53.51,	7.09,	7.73,	
750000,	46.686,	77792,	122982,	136323,	62901,	53.45,	7.06,	7.11,	
800000,	49.82,	77393,	123161,	137205,	62241,	53.61,	7.31,	7.16,	
850000,	53.492,	86822,	139038,	153863,	70275,	53.14,	6.39,	5.93,	
900000,	57.13,	87072,	138622,	154250,	70056,	53.45,	7.05,	6.7,	
950000,	60.741,	96004,	154841,	171474,	77679,	53.59,	7.15,	7.46,	
1000000,	63.999,	96030,	154707,	172069,	77194,	53.55,	7.16,	7.04,	

1000000,	63.999,	192034,	309548,	343543,	154873,	53.56,	7.21,	7.2,	





OzaBagAdaHT-RandomRBF
Speed Change:,	0.01,	Centroids:,	100,	DriftCentroid:	100
GracePeriod:,	200,	TieThreshold:,	0.01,	BinarySplit:,	true,	BaseClassifier:,	HT,	
EnsembleSize:,	5
Count,	Time,	TP,	FN,	TN,	FP,	Accu,	Kappa,	Kpa_t,	Mem,	Depth,	TSize,	DcNod,	ActLf,	InacLf,	Reset,	Alter,	Switch,	Prune,	ClOp0,	ClOp1,	ClOp2,	ClOp3
50000,	1.858,	8820,	16224,	17630,	7324,	52.9,	5.86,	5.33,	
100000,	4.381,	9175,	15832,	17529,	7464,	53.41,	6.82,	6.38,	
150000,	7.096,	18081,	31979,	35303,	14635,	53.87,	7.76,	8.54,	
200000,	10.127,	18140,	31948,	35254,	14658,	53.38,	6.87,	7.05,	
250000,	13.062,	28168,	47165,	51976,	22689,	53.52,	7.32,	7.12,	
300000,	16.044,	28547,	46791,	51598,	23064,	53.5,	7.23,	7.49,	
350000,	19.068,	38130,	62234,	68561,	31073,	53.09,	6.22,	6.78,	
400000,	22.579,	37943,	62298,	69067,	30692,	53.73,	7.35,	8.1,	
450000,	26.618,	47996,	77485,	85817,	38700,	54.24,	8.62,	8.21,	
500000,	29.938,	47633,	77726,	86331,	38310,	53.91,	7.95,	7.33,	
550000,	33.115,	58027,	92519,	102558,	46894,	53.54,	7.15,	7.42,	
600000,	36.376,	57636,	92762,	103403,	46199,	54.15,	8.34,	8.2,	
650000,	40.1,	68089,	107545,	119299,	55065,	53.61,	7.3,	6.96,	
700000,	43.108,	67727,	107739,	120067,	54467,	53.51,	7.09,	7.73,	
750000,	46.109,	77792,	122982,	136323,	62901,	53.45,	7.06,	7.11,	
800000,	49.161,	77393,	123161,	137205,	62241,	53.61,	7.31,	7.16,	
850000,	52.821,	86822,	139038,	153863,	70275,	53.14,	6.39,	5.93,	
900000,	56.42,	87072,	138622,	154250,	70056,	53.45,	7.05,	6.7,	
950000,	59.913,	96004,	154841,	171474,	77679,	53.59,	7.15,	7.46,	
1000000,	63.118,	96030,	154707,	172069,	77194,	53.55,	7.16,	7.04,	

1000000,	63.118,	192034,	309548,	343543,	154873,	53.56,	7.21,	7.2,	





OzaBagAdaHT-RandomRBF
Speed Change:,	0.01,	Centroids:,	100,	DriftCentroid:	100
GracePeriod:,	200,	TieThreshold:,	0.01,	BinarySplit:,	true,	BaseClassifier:,	HT,	
EnsembleSize:,	5
Count,	Time,	TP,	FN,	TN,	FP,	Accu,	Kappa,	Kpa_t,	Mem,	Depth,	TSize,	DcNod,	ActLf,	InacLf,	Reset,	Alter,	Switch,	Prune,	ClOp0,	ClOp1,	ClOp2,	ClOp3
50000,	1.83,	8820,	16224,	17630,	7324,	52.9,	5.86,	5.33,	
100000,	4.393,	9175,	15832,	17529,	7464,	53.41,	6.82,	6.38,	
150000,	7.176,	18081,	31979,	35303,	14635,	53.87,	7.76,	8.54,	
200000,	10.241,	18140,	31948,	35254,	14658,	53.38,	6.87,	7.05,	
250000,	13.229,	28168,	47165,	51976,	22689,	53.52,	7.32,	7.12,	
300000,	16.161,	28547,	46791,	51598,	23064,	53.5,	7.23,	7.49,	
350000,	19.128,	38130,	62234,	68561,	31073,	53.09,	6.22,	6.78,	
400000,	22.652,	37943,	62298,	69067,	30692,	53.73,	7.35,	8.1,	
450000,	26.612,	47996,	77485,	85817,	38700,	54.24,	8.62,	8.21,	
500000,	29.897,	47633,	77726,	86331,	38310,	53.91,	7.95,	7.33,	
550000,	33.089,	58027,	92519,	102558,	46894,	53.54,	7.15,	7.42,	
600000,	36.32,	57636,	92762,	103403,	46199,	54.15,	8.34,	8.2,	
650000,	40.076,	68089,	107545,	119299,	55065,	53.61,	7.3,	6.96,	
700000,	43.118,	67727,	107739,	120067,	54467,	53.51,	7.09,	7.73,	
750000,	46.126,	77792,	122982,	136323,	62901,	53.45,	7.06,	7.11,	
800000,	49.2,	77393,	123161,	137205,	62241,	53.61,	7.31,	7.16,	
850000,	52.821,	86822,	139038,	153863,	70275,	53.14,	6.39,	5.93,	
900000,	56.386,	87072,	138622,	154250,	70056,	53.45,	7.05,	6.7,	
950000,	59.888,	96004,	154841,	171474,	77679,	53.59,	7.15,	7.46,	
1000000,	63.107,	96030,	154707,	172069,	77194,	53.55,	7.16,	7.04,	

1000000,	63.107,	192034,	309548,	343543,	154873,	53.56,	7.21,	7.2,	





OzaBagAdaHT-RandomRBF
Speed Change:,	0.01,	Centroids:,	100,	DriftCentroid:	100
GracePeriod:,	200,	TieThreshold:,	0.01,	BinarySplit:,	true,	BaseClassifier:,	HT,	
EnsembleSize:,	5
Count,	Time,	TP,	FN,	TN,	FP,	Accu,	Kappa,	Kpa_t,	Mem,	Depth,	TSize,	DcNod,	ActLf,	InacLf,	Reset,	Alter,	Switch,	Prune,	ClOp0,	ClOp1,	ClOp2,	ClOp3
50000,	1.855,	8820,	16224,	17630,	7324,	52.9,	5.86,	5.33,	
100000,	4.366,	9175,	15832,	17529,	7464,	53.41,	6.82,	6.38,	
150000,	7.087,	18081,	31979,	35303,	14635,	53.87,	7.76,	8.54,	
200000,	10.101,	18140,	31948,	35254,	14658,	53.38,	6.87,	7.05,	
250000,	13.043,	28168,	47165,	51976,	22689,	53.52,	7.32,	7.12,	
300000,	16.049,	28547,	46791,	51598,	23064,	53.5,	7.23,	7.49,	
350000,	19.075,	38130,	62234,	68561,	31073,	53.09,	6.22,	6.78,	
400000,	22.65,	37943,	62298,	69067,	30692,	53.73,	7.35,	8.1,	
450000,	26.716,	47996,	77485,	85817,	38700,	54.24,	8.62,	8.21,	
500000,	30.087,	47633,	77726,	86331,	38310,	53.91,	7.95,	7.33,	
550000,	33.296,	58027,	92519,	102558,	46894,	53.54,	7.15,	7.42,	
600000,	36.546,	57636,	92762,	103403,	46199,	54.15,	8.34,	8.2,	
650000,	40.27,	68089,	107545,	119299,	55065,	53.61,	7.3,	6.96,	
700000,	43.29,	67727,	107739,	120067,	54467,	53.51,	7.09,	7.73,	
750000,	46.273,	77792,	122982,	136323,	62901,	53.45,	7.06,	7.11,	
800000,	49.34,	77393,	123161,	137205,	62241,	53.61,	7.31,	7.16,	
850000,	52.979,	86822,	139038,	153863,	70275,	53.14,	6.39,	5.93,	
900000,	56.559,	87072,	138622,	154250,	70056,	53.45,	7.05,	6.7,	
950000,	60.03,	96004,	154841,	171474,	77679,	53.59,	7.15,	7.46,	
1000000,	63.268,	96030,	154707,	172069,	77194,	53.55,	7.16,	7.04,	

1000000,	63.268,	192034,	309548,	343543,	154873,	53.56,	7.21,	7.2,	





