OzaBoostAdaHT-RandomRBF
Speed Change:,	0.0,	Centroids:,	100,	DriftCentroid:	100
GracePeriod:,	200,	TieThreshold:,	0.05,	BinarySplit:,	false,	BaseClassifier:,	HT,	
EnsembleSize:,	1
Count,	Time,	TP,	FN,	TN,	FP,	Accu,	Kappa,	Kpa_t,	Mem,	Depth,	TSize,	DcNod,	ActLf,	InacLf,	Reset,	Alter,	Switch,	Prune,	ClOp0,	ClOp1,	ClOp2,	ClOp3
50000,	0.868,	20279,	4494,	21160,	3732,	83.42,	66.84,	66.67,	
100000,	1.749,	21793,	2897,	22535,	2380,	89.29,	78.57,	78.47,	
150000,	2.681,	42356,	7014,	43597,	6209,	89.87,	79.73,	79.91,	
200000,	3.712,	42986,	5166,	45107,	4651,	90.77,	81.53,	81.59,	
250000,	4.827,	64105,	9348,	66184,	8276,	91.05,	82.1,	82.12,	
300000,	5.998,	64284,	7280,	67812,	6620,	91.68,	83.36,	83.45,	
350000,	7.145,	84467,	11381,	89118,	10246,	91.86,	83.72,	83.83,	
400000,	8.323,	85200,	9176,	90808,	8651,	92.0,	84.01,	84.12,	
450000,	9.501,	104924,	13260,	112049,	12141,	92.34,	84.67,	84.63,	
500000,	10.76,	104211,	11122,	113732,	10549,	92.19,	84.38,	84.3,	
550000,	12.055,	123310,	15090,	134983,	14092,	92.34,	84.68,	84.73,	
600000,	13.387,	122668,	12989,	136690,	12507,	92.26,	84.52,	84.5,	
650000,	14.75,	141413,	16895,	157917,	16007,	92.43,	84.87,	84.83,	
700000,	16.119,	141031,	14704,	159595,	14471,	92.52,	85.03,	85.15,	
750000,	17.506,	158908,	18678,	180870,	17866,	92.62,	85.24,	85.27,	
800000,	18.894,	158099,	16417,	182717,	16218,	92.99,	85.99,	85.98,	
850000,	20.339,	175651,	20424,	203888,	19691,	92.72,	85.43,	85.38,	
900000,	21.737,	174021,	18115,	205633,	18092,	92.72,	85.43,	85.4,	
950000,	23.124,	191778,	22020,	227060,	21479,	93.12,	86.24,	86.29,	
1000000,	24.558,	189259,	19880,	228788,	19847,	92.87,	85.73,	85.72,	

1000000,	24.558,	381037,	41900,	455848,	41326,	91.55,	83.1,	83.12,	





OzaBoostAdaHT-RandomRBF
Speed Change:,	0.0,	Centroids:,	100,	DriftCentroid:	100
GracePeriod:,	200,	TieThreshold:,	0.05,	BinarySplit:,	false,	BaseClassifier:,	HT,	
EnsembleSize:,	2
Count,	Time,	TP,	FN,	TN,	FP,	Accu,	Kappa,	Kpa_t,	Mem,	Depth,	TSize,	DcNod,	ActLf,	InacLf,	Reset,	Alter,	Switch,	Prune,	ClOp0,	ClOp1,	ClOp2,	ClOp3
50000,	1.597,	21667,	3376,	21524,	3429,	86.38,	72.77,	72.63,	
100000,	3.293,	22860,	2145,	22323,	2672,	90.37,	80.73,	80.64,	
150000,	5.022,	44791,	5263,	44084,	5855,	91.37,	82.74,	82.89,	
200000,	6.865,	46012,	4070,	45089,	4825,	91.84,	83.69,	83.74,	
250000,	8.822,	68215,	7107,	66670,	7996,	92.03,	84.06,	84.07,	
300000,	10.851,	69600,	5719,	67750,	6916,	92.52,	85.04,	85.12,	
350000,	12.967,	91272,	8897,	89701,	9934,	92.54,	85.09,	85.18,	
400000,	15.133,	91988,	7369,	90913,	8850,	92.83,	85.66,	85.76,	
450000,	17.378,	114300,	10459,	112756,	11762,	93.22,	86.44,	86.4,	
500000,	19.641,	115101,	9041,	113892,	10751,	92.85,	85.7,	85.63,	
550000,	21.97,	137658,	11982,	135711,	13743,	92.99,	85.98,	86.03,	
600000,	24.36,	136802,	10559,	136963,	12641,	93.18,	86.37,	86.35,	
650000,	26.774,	158664,	13543,	158800,	15566,	93.23,	86.46,	86.43,	
700000,	29.287,	157936,	12134,	160040,	14495,	93.14,	86.28,	86.38,	
750000,	31.913,	180732,	15055,	181844,	17381,	93.35,	86.69,	86.72,	
800000,	34.494,	178616,	13650,	183127,	16320,	93.32,	86.64,	86.63,	
850000,	37.034,	201007,	16564,	204962,	19177,	93.39,	86.78,	86.73,	
900000,	39.624,	198227,	15119,	206206,	18100,	93.5,	87.0,	86.97,	
950000,	42.299,	220744,	18047,	228227,	20928,	93.53,	87.06,	87.1,	
1000000,	45.049,	218128,	16729,	229461,	19803,	93.37,	86.75,	86.74,	

1000000,	45.049,	438872,	34776,	457688,	40731,	92.45,	84.9,	84.91,	





OzaBoostAdaHT-RandomRBF
Speed Change:,	0.0,	Centroids:,	100,	DriftCentroid:	100
GracePeriod:,	200,	TieThreshold:,	0.05,	BinarySplit:,	false,	BaseClassifier:,	HT,	
EnsembleSize:,	3
Count,	Time,	TP,	FN,	TN,	FP,	Accu,	Kappa,	Kpa_t,	Mem,	Depth,	TSize,	DcNod,	ActLf,	InacLf,	Reset,	Alter,	Switch,	Prune,	ClOp0,	ClOp1,	ClOp2,	ClOp3
50000,	2.14,	22075,	2969,	21757,	3195,	87.67,	75.33,	75.21,	
100000,	4.47,	22971,	2036,	22735,	2258,	91.41,	82.82,	82.74,	
150000,	6.977,	45256,	4803,	44735,	5202,	92.32,	84.64,	84.77,	
200000,	9.631,	46243,	3846,	45762,	4149,	92.6,	85.2,	85.24,	
250000,	12.406,	68774,	6557,	67608,	7057,	92.78,	85.56,	85.58,	
300000,	15.368,	69887,	5450,	68678,	5985,	93.12,	86.24,	86.31,	
350000,	18.474,	92182,	8177,	90747,	8887,	93.1,	86.2,	86.29,	
400000,	21.641,	93173,	7068,	92030,	7729,	93.28,	86.55,	86.65,	
450000,	24.977,	115637,	9837,	113946,	10572,	93.31,	86.62,	86.58,	
500000,	28.476,	116691,	8666,	115158,	9483,	93.3,	86.59,	86.52,	
550000,	31.977,	139198,	11316,	137072,	12381,	93.42,	86.85,	86.9,	
600000,	35.521,	140119,	10175,	138350,	11252,	93.44,	86.89,	86.87,	
650000,	39.12,	162793,	12808,	160216,	14149,	93.48,	86.96,	86.92,	
700000,	42.682,	163773,	11584,	161569,	12965,	93.76,	87.51,	87.61,	
750000,	46.337,	186503,	14232,	183365,	15861,	93.73,	87.45,	87.48,	
800000,	50.046,	186711,	13006,	184798,	14648,	93.79,	87.58,	87.57,	
850000,	53.743,	209073,	15670,	206629,	17513,	93.82,	87.64,	87.59,	
900000,	57.557,	210228,	14369,	207971,	16337,	93.9,	87.79,	87.77,	
950000,	61.379,	232246,	17081,	230054,	19103,	94.0,	88.0,	88.03,	
1000000,	65.308,	233178,	15872,	231343,	17922,	93.82,	87.65,	87.64,	

1000000,	65.308,	465424,	32953,	461397,	37025,	93.0,	86.0,	86.02,	





OzaBoostAdaHT-RandomRBF
Speed Change:,	0.0,	Centroids:,	100,	DriftCentroid:	100
GracePeriod:,	200,	TieThreshold:,	0.05,	BinarySplit:,	false,	BaseClassifier:,	HT,	
EnsembleSize:,	4
Count,	Time,	TP,	FN,	TN,	FP,	Accu,	Kappa,	Kpa_t,	Mem,	Depth,	TSize,	DcNod,	ActLf,	InacLf,	Reset,	Alter,	Switch,	Prune,	ClOp0,	ClOp1,	ClOp2,	ClOp3
50000,	2.726,	22144,	2897,	22017,	2935,	88.33,	76.65,	76.53,	
100000,	5.924,	23161,	1846,	22843,	2150,	92.01,	84.02,	83.94,	
150000,	9.269,	45449,	4609,	45005,	4930,	92.59,	85.17,	85.3,	
200000,	12.803,	46527,	3560,	45937,	3976,	92.92,	85.84,	85.88,	
250000,	16.429,	69123,	6207,	67997,	6666,	93.33,	86.66,	86.68,	
300000,	20.213,	70207,	5130,	68887,	5776,	93.26,	86.52,	86.59,	
350000,	24.121,	92593,	7765,	91253,	8382,	93.45,	86.9,	86.99,	
400000,	28.082,	93626,	6612,	92272,	7490,	93.61,	87.22,	87.3,	
450000,	32.112,	116211,	9263,	114442,	10077,	93.61,	87.23,	87.19,	
500000,	36.172,	117277,	8079,	115422,	9222,	93.6,	87.2,	87.14,	
550000,	40.438,	139847,	10692,	137611,	11843,	93.61,	87.22,	87.27,	
600000,	44.956,	140845,	9549,	138711,	10895,	93.71,	87.43,	87.41,	
650000,	49.489,	163508,	12116,	160823,	13543,	93.75,	87.5,	87.47,	
700000,	53.969,	164541,	10917,	161941,	12597,	93.86,	87.72,	87.81,	
750000,	58.324,	187147,	13614,	183904,	15322,	93.45,	86.89,	86.92,	
800000,	62.691,	188144,	12398,	185129,	14321,	93.59,	87.18,	87.17,	
850000,	67.236,	210801,	15031,	207169,	16971,	93.87,	87.74,	87.69,	
900000,	71.756,	211905,	13771,	208328,	15982,	93.93,	87.86,	87.84,	
950000,	76.338,	234355,	16463,	230571,	18583,	93.91,	87.82,	87.86,	
1000000,	81.1,	235484,	15234,	231662,	17606,	93.83,	87.65,	87.64,	

1000000,	81.1,	469839,	31697,	462233,	36189,	93.21,	86.42,	86.43,	





OzaBoostAdaHT-RandomRBF
Speed Change:,	0.0,	Centroids:,	100,	DriftCentroid:	100
GracePeriod:,	200,	TieThreshold:,	0.05,	BinarySplit:,	false,	BaseClassifier:,	HT,	
EnsembleSize:,	5
Count,	Time,	TP,	FN,	TN,	FP,	Accu,	Kappa,	Kpa_t,	Mem,	Depth,	TSize,	DcNod,	ActLf,	InacLf,	Reset,	Alter,	Switch,	Prune,	ClOp0,	ClOp1,	ClOp2,	ClOp3
50000,	3.446,	22311,	2733,	22095,	2858,	88.81,	77.62,	77.51,	
100000,	7.268,	23345,	1661,	22859,	2135,	92.41,	84.82,	84.74,	
150000,	11.213,	45711,	4348,	45179,	4759,	92.97,	85.94,	86.06,	
200000,	15.516,	46819,	3264,	45981,	3936,	93.19,	86.38,	86.43,	
250000,	19.996,	69450,	5878,	68173,	6496,	93.47,	86.93,	86.94,	
300000,	24.734,	70616,	4716,	68947,	5721,	93.53,	87.05,	87.12,	
350000,	29.606,	93033,	7325,	91540,	8099,	93.9,	87.8,	87.88,	
400000,	34.338,	93991,	6245,	92373,	7391,	93.6,	87.2,	87.29,	
450000,	39.393,	116680,	8795,	114849,	9673,	93.91,	87.82,	87.79,	
500000,	44.388,	117704,	7650,	115518,	9128,	93.72,	87.43,	87.37,	
550000,	49.371,	140397,	10143,	138025,	11432,	93.79,	87.57,	87.62,	
600000,	54.531,	141314,	9079,	138803,	10804,	93.79,	87.58,	87.57,	
650000,	59.716,	164012,	11614,	161390,	12981,	93.96,	87.92,	87.89,	
700000,	64.958,	164940,	10517,	162113,	12430,	93.87,	87.74,	87.84,	
750000,	70.462,	187725,	13040,	184601,	14631,	93.85,	87.69,	87.72,	
800000,	75.385,	188626,	11919,	185399,	14056,	93.94,	87.89,	87.88,	
850000,	80.703,	211391,	14460,	207929,	16217,	93.99,	87.98,	87.93,	
900000,	85.911,	212386,	13299,	208676,	15639,	94.07,	88.15,	88.12,	
950000,	91.182,	235056,	15779,	231323,	17839,	94.12,	88.24,	88.27,	
1000000,	96.708,	236033,	14692,	232028,	17246,	94.0,	88.0,	87.99,	

1000000,	96.708,	471089,	30471,	463351,	35085,	93.44,	86.89,	86.9,	





OzaBoostAdaHT-RandomRBF
Speed Change:,	0.0,	Centroids:,	100,	DriftCentroid:	100
GracePeriod:,	200,	TieThreshold:,	0.05,	BinarySplit:,	false,	BaseClassifier:,	HT,	
EnsembleSize:,	6
Count,	Time,	TP,	FN,	TN,	FP,	Accu,	Kappa,	Kpa_t,	Mem,	Depth,	TSize,	DcNod,	ActLf,	InacLf,	Reset,	Alter,	Switch,	Prune,	ClOp0,	ClOp1,	ClOp2,	ClOp3
50000,	4.203,	22209,	2832,	22020,	2935,	88.46,	76.92,	76.8,	
100000,	8.92,	23286,	1721,	22958,	2035,	92.49,	84.98,	84.91,	
150000,	13.946,	45653,	4403,	45087,	4853,	93.02,	86.04,	86.17,	
200000,	18.921,	46664,	3422,	46030,	3884,	92.9,	85.8,	85.84,	
250000,	23.961,	69334,	5995,	67935,	6732,	93.06,	86.11,	86.13,	
300000,	29.271,	70306,	5028,	68977,	5689,	93.18,	86.35,	86.43,	
350000,	34.777,	92909,	7452,	91155,	8480,	93.59,	87.18,	87.26,	
400000,	40.422,	93763,	6471,	92322,	7444,	93.6,	87.21,	87.3,	
450000,	46.415,	116534,	8943,	114355,	10164,	93.65,	87.3,	87.26,	
500000,	52.493,	117464,	7891,	115453,	9192,	93.66,	87.33,	87.26,	
550000,	58.621,	140189,	10352,	137580,	11875,	93.76,	87.52,	87.56,	
600000,	64.624,	141104,	9289,	138789,	10818,	93.95,	87.9,	87.89,	
650000,	70.988,	163826,	11803,	160853,	13514,	93.82,	87.64,	87.61,	
700000,	77.609,	164781,	10680,	162004,	12535,	93.78,	87.57,	87.66,	
750000,	84.223,	187586,	13183,	184070,	15157,	93.95,	87.91,	87.93,	
800000,	90.814,	188475,	12070,	185278,	14177,	93.94,	87.87,	87.86,	
850000,	97.0,	211237,	14617,	207357,	16785,	93.88,	87.75,	87.71,	
900000,	103.265,	212196,	13488,	208494,	15822,	93.87,	87.75,	87.72,	
950000,	109.623,	234843,	15996,	230782,	18375,	94.06,	88.12,	88.16,	
1000000,	116.054,	235836,	14890,	231853,	17421,	94.0,	88.0,	87.99,	

1000000,	116.054,	470679,	30886,	462635,	35796,	93.33,	86.66,	86.68,	





OzaBoostAdaHT-RandomRBF
Speed Change:,	0.0,	Centroids:,	100,	DriftCentroid:	100
GracePeriod:,	200,	TieThreshold:,	0.05,	BinarySplit:,	false,	BaseClassifier:,	HT,	
EnsembleSize:,	7
Count,	Time,	TP,	FN,	TN,	FP,	Accu,	Kappa,	Kpa_t,	Mem,	Depth,	TSize,	DcNod,	ActLf,	InacLf,	Reset,	Alter,	Switch,	Prune,	ClOp0,	ClOp1,	ClOp2,	ClOp3
50000,	4.841,	22652,	2390,	22145,	2809,	89.6,	79.19,	79.09,	
100000,	10.209,	23440,	1565,	23155,	1840,	93.19,	86.38,	86.32,	
150000,	15.993,	46112,	3945,	45305,	4634,	93.24,	86.48,	86.6,	
200000,	21.89,	46994,	3091,	46294,	3621,	93.39,	86.77,	86.81,	
250000,	27.82,	69982,	5349,	68216,	6449,	93.56,	87.12,	87.13,	
300000,	33.976,	70850,	4482,	69383,	5285,	93.89,	87.78,	87.84,	
350000,	40.168,	93609,	6754,	91473,	8160,	93.77,	87.54,	87.62,	
400000,	46.286,	94412,	5821,	92782,	6985,	93.92,	87.84,	87.93,	
450000,	52.958,	117301,	8178,	114821,	9696,	94.08,	88.16,	88.12,	
500000,	59.574,	118096,	7254,	116038,	8612,	93.88,	87.76,	87.7,	
550000,	66.258,	140981,	9562,	138102,	11351,	93.92,	87.84,	87.89,	
600000,	73.134,	141709,	8679,	139378,	10234,	93.91,	87.81,	87.8,	
650000,	80.377,	164688,	10941,	161338,	13029,	93.89,	87.77,	87.74,	
700000,	87.78,	165428,	10025,	162597,	11950,	93.88,	87.75,	87.85,	
750000,	94.658,	188467,	12302,	184549,	14678,	93.98,	87.96,	87.99,	
800000,	101.869,	189184,	11357,	185953,	13506,	94.22,	88.45,	88.44,	
850000,	109.16,	212255,	13599,	207946,	16196,	94.37,	88.74,	88.7,	
900000,	116.769,	213061,	12619,	209262,	15058,	94.37,	88.74,	88.72,	
950000,	124.08,	235939,	14900,	231439,	17718,	94.35,	88.71,	88.74,	
1000000,	131.486,	236756,	13966,	232768,	16510,	94.4,	88.8,	88.8,	

1000000,	131.486,	472695,	28866,	464207,	34228,	93.69,	87.38,	87.39,	





OzaBoostAdaHT-RandomRBF
Speed Change:,	0.0,	Centroids:,	100,	DriftCentroid:	100
GracePeriod:,	200,	TieThreshold:,	0.05,	BinarySplit:,	false,	BaseClassifier:,	HT,	
EnsembleSize:,	8
Count,	Time,	TP,	FN,	TN,	FP,	Accu,	Kappa,	Kpa_t,	Mem,	Depth,	TSize,	DcNod,	ActLf,	InacLf,	Reset,	Alter,	Switch,	Prune,	ClOp0,	ClOp1,	ClOp2,	ClOp3
50000,	5.488,	22655,	2388,	22417,	2536,	90.15,	80.29,	80.19,	
100000,	11.356,	23388,	1620,	23154,	1838,	93.08,	86.17,	86.1,	
150000,	17.452,	46128,	3931,	45562,	4375,	93.24,	86.47,	86.59,	
200000,	23.894,	46956,	3132,	46327,	3585,	93.48,	86.96,	87.01,	
250000,	30.83,	69902,	5428,	68548,	6118,	93.52,	87.04,	87.05,	
300000,	37.338,	70836,	4501,	69339,	5324,	93.78,	87.56,	87.63,	
350000,	44.016,	93597,	6763,	91861,	7775,	94.02,	88.03,	88.11,	
400000,	50.78,	94336,	5904,	92837,	6923,	94.0,	87.99,	88.08,	
450000,	57.898,	117341,	8135,	115153,	9367,	94.07,	88.14,	88.11,	
500000,	64.789,	118037,	7321,	116049,	8593,	93.83,	87.65,	87.59,	
550000,	71.986,	141083,	9455,	138440,	11018,	94.06,	88.12,	88.16,	
600000,	79.322,	141688,	8706,	139432,	10174,	94.07,	88.14,	88.12,	
650000,	86.721,	164787,	10837,	161642,	12730,	93.81,	87.62,	87.59,	
700000,	94.267,	165429,	10029,	162682,	11860,	93.98,	87.96,	88.06,	
750000,	101.683,	188562,	12201,	184865,	14368,	94.0,	87.99,	88.02,	
800000,	109.458,	189196,	11346,	186043,	13415,	94.26,	88.51,	88.51,	
850000,	117.186,	212291,	13556,	208216,	15933,	94.16,	88.32,	88.28,	
900000,	125.224,	213053,	12624,	209323,	15000,	94.27,	88.55,	88.52,	
950000,	133.154,	235971,	14859,	231691,	17475,	94.31,	88.62,	88.66,	
1000000,	140.987,	236767,	13955,	232765,	16513,	94.31,	88.62,	88.62,	

1000000,	140.987,	472738,	28814,	464456,	33988,	93.72,	87.44,	87.45,	





OzaBoostAdaHT-RandomRBF
Speed Change:,	0.0,	Centroids:,	100,	DriftCentroid:	100
GracePeriod:,	200,	TieThreshold:,	0.05,	BinarySplit:,	false,	BaseClassifier:,	HT,	
EnsembleSize:,	9
Count,	Time,	TP,	FN,	TN,	FP,	Accu,	Kappa,	Kpa_t,	Mem,	Depth,	TSize,	DcNod,	ActLf,	InacLf,	Reset,	Alter,	Switch,	Prune,	ClOp0,	ClOp1,	ClOp2,	ClOp3
50000,	5.969,	22709,	2335,	22231,	2721,	89.88,	79.76,	79.66,	
100000,	12.807,	23382,	1623,	23184,	1811,	93.13,	86.26,	86.2,	
150000,	20.004,	46205,	3852,	45374,	4565,	93.28,	86.56,	86.67,	
200000,	27.141,	46979,	3105,	46314,	3602,	93.45,	86.91,	86.95,	
250000,	34.523,	70026,	5305,	68366,	6299,	93.63,	87.25,	87.26,	
300000,	42.145,	70794,	4538,	69326,	5342,	93.65,	87.31,	87.37,	
350000,	49.951,	93631,	6730,	91610,	8025,	93.7,	87.4,	87.48,	
400000,	57.878,	94381,	5854,	92758,	7007,	94.04,	88.08,	88.16,	
450000,	66.295,	117387,	8086,	114839,	9684,	93.97,	87.94,	87.9,	
500000,	74.881,	118133,	7220,	115955,	8692,	93.9,	87.79,	87.73,	
550000,	83.131,	141098,	9438,	138131,	11329,	94.01,	88.01,	88.06,	
600000,	91.523,	141823,	8570,	139279,	10328,	94.03,	88.06,	88.04,	
650000,	100.312,	164854,	10770,	161348,	13024,	93.95,	87.89,	87.86,	
700000,	109.049,	165550,	9906,	162533,	12011,	93.96,	87.92,	88.02,	
750000,	117.354,	188667,	12096,	184494,	14739,	93.92,	87.83,	87.86,	
800000,	125.613,	189326,	11218,	185784,	13672,	94.05,	88.11,	88.1,	
850000,	133.881,	212392,	13457,	207778,	16369,	94.02,	88.04,	87.99,	
900000,	142.608,	213231,	12451,	209004,	15314,	94.25,	88.5,	88.48,	
950000,	151.089,	236048,	14785,	231185,	17978,	94.13,	88.25,	88.29,	
1000000,	159.651,	236920,	13801,	232386,	16893,	94.14,	88.28,	88.28,	

1000000,	159.651,	472968,	28586,	463571,	34871,	93.65,	87.31,	87.32,	





OzaBoostAdaHT-RandomRBF
Speed Change:,	0.0,	Centroids:,	100,	DriftCentroid:	100
GracePeriod:,	200,	TieThreshold:,	0.05,	BinarySplit:,	false,	BaseClassifier:,	HT,	
EnsembleSize:,	10
Count,	Time,	TP,	FN,	TN,	FP,	Accu,	Kappa,	Kpa_t,	Mem,	Depth,	TSize,	DcNod,	ActLf,	InacLf,	Reset,	Alter,	Switch,	Prune,	ClOp0,	ClOp1,	ClOp2,	ClOp3
50000,	6.647,	22693,	2350,	22204,	2749,	89.8,	79.59,	79.49,	
100000,	14.192,	23486,	1521,	23042,	1951,	93.06,	86.11,	86.05,	
150000,	21.878,	46177,	3880,	45430,	4509,	93.42,	86.84,	86.95,	
200000,	29.773,	47119,	2966,	46184,	3731,	93.55,	87.1,	87.14,	
250000,	37.678,	69978,	5349,	68466,	6203,	93.67,	87.35,	87.36,	
300000,	45.885,	70947,	4386,	69239,	5428,	93.77,	87.53,	87.6,	
350000,	54.302,	93610,	6746,	91793,	7847,	93.92,	87.84,	87.91,	
400000,	62.769,	94454,	5781,	92672,	7093,	93.88,	87.76,	87.85,	
450000,	71.731,	117323,	8150,	114979,	9544,	93.8,	87.6,	87.56,	
500000,	80.737,	118163,	7189,	115840,	8808,	93.75,	87.51,	87.44,	
550000,	89.444,	141063,	9473,	138222,	11238,	93.97,	87.93,	87.98,	
600000,	98.792,	141827,	8563,	139156,	10454,	93.96,	87.92,	87.91,	
650000,	108.192,	164818,	10805,	161470,	12903,	94.01,	88.01,	87.98,	
700000,	117.813,	165584,	9870,	162432,	12114,	94.07,	88.13,	88.22,	
750000,	127.433,	188681,	12079,	184669,	14567,	94.12,	88.25,	88.27,	
800000,	136.954,	189349,	11186,	185844,	13621,	94.35,	88.71,	88.7,	
850000,	147.069,	212447,	13397,	207996,	16156,	94.19,	88.37,	88.33,	
900000,	156.368,	213224,	12450,	209127,	15199,	94.32,	88.63,	88.61,	
950000,	165.683,	236191,	14635,	231459,	17711,	94.41,	88.83,	88.86,	
1000000,	175.284,	236961,	13756,	232480,	16803,	94.18,	88.36,	88.35,	

1000000,	175.284,	473152,	28391,	463939,	34514,	93.71,	87.42,	87.43,	





OzaBoostAdaHT-RandomRBF
Speed Change:,	0.0,	Centroids:,	100,	DriftCentroid:	100
GracePeriod:,	200,	TieThreshold:,	0.05,	BinarySplit:,	false,	BaseClassifier:,	HT,	
EnsembleSize:,	5
Count,	Time,	TP,	FN,	TN,	FP,	Accu,	Kappa,	Kpa_t,	Mem,	Depth,	TSize,	DcNod,	ActLf,	InacLf,	Reset,	Alter,	Switch,	Prune,	ClOp0,	ClOp1,	ClOp2,	ClOp3
50000,	3.539,	22311,	2733,	22095,	2858,	88.81,	77.62,	77.51,	
100000,	7.387,	23345,	1661,	22859,	2135,	92.41,	84.82,	84.74,	
150000,	11.317,	45711,	4348,	45179,	4759,	92.97,	85.94,	86.06,	
200000,	15.618,	46819,	3264,	45981,	3936,	93.19,	86.38,	86.43,	
250000,	20.078,	69450,	5878,	68173,	6496,	93.47,	86.93,	86.94,	
300000,	24.772,	70616,	4716,	68947,	5721,	93.53,	87.05,	87.12,	
350000,	29.712,	93033,	7325,	91540,	8099,	93.9,	87.8,	87.88,	
400000,	34.67,	93991,	6245,	92373,	7391,	93.6,	87.2,	87.29,	
450000,	39.63,	116680,	8795,	114849,	9673,	93.91,	87.82,	87.79,	
500000,	44.69,	117704,	7650,	115518,	9128,	93.72,	87.43,	87.37,	
550000,	49.8,	140397,	10143,	138025,	11432,	93.79,	87.57,	87.62,	
600000,	55.051,	141314,	9079,	138803,	10804,	93.79,	87.58,	87.57,	
650000,	60.266,	164012,	11614,	161390,	12981,	93.96,	87.92,	87.89,	
700000,	65.572,	164940,	10517,	162113,	12430,	93.87,	87.74,	87.84,	
750000,	71.095,	187725,	13040,	184601,	14631,	93.85,	87.69,	87.72,	
800000,	76.246,	188626,	11919,	185399,	14056,	93.94,	87.89,	87.88,	
850000,	81.588,	211391,	14460,	207929,	16217,	93.99,	87.98,	87.93,	
900000,	86.872,	212386,	13299,	208676,	15639,	94.07,	88.15,	88.12,	
950000,	92.09,	235056,	15779,	231323,	17839,	94.12,	88.24,	88.27,	
1000000,	97.482,	236033,	14692,	232028,	17246,	94.0,	88.0,	87.99,	

1000000,	97.482,	471089,	30471,	463351,	35085,	93.44,	86.89,	86.9,	





OzaBoostAdaHT-RandomRBF
Speed Change:,	0.001,	Centroids:,	100,	DriftCentroid:	100
GracePeriod:,	200,	TieThreshold:,	0.05,	BinarySplit:,	false,	BaseClassifier:,	HT,	
EnsembleSize:,	5
Count,	Time,	TP,	FN,	TN,	FP,	Accu,	Kappa,	Kpa_t,	Mem,	Depth,	TSize,	DcNod,	ActLf,	InacLf,	Reset,	Alter,	Switch,	Prune,	ClOp0,	ClOp1,	ClOp2,	ClOp3
50000,	3.801,	18063,	6981,	18359,	6594,	72.84,	45.69,	45.42,	
100000,	7.826,	18317,	6689,	18130,	6864,	72.89,	45.79,	45.53,	
150000,	11.952,	36723,	13336,	36761,	13177,	74.12,	48.25,	48.7,	
200000,	15.871,	37147,	12940,	36277,	13636,	73.95,	47.9,	48.07,	
250000,	19.99,	55590,	19742,	54626,	20039,	73.46,	46.91,	46.97,	
300000,	23.946,	56178,	19158,	54596,	20068,	74.7,	49.39,	49.67,	
350000,	27.889,	74291,	26072,	73012,	26622,	74.17,	48.35,	48.68,	
400000,	31.909,	75078,	25162,	73129,	26631,	74.87,	49.74,	50.08,	
450000,	35.955,	93105,	32375,	91319,	33198,	74.24,	48.48,	48.33,	
500000,	40.032,	93655,	31702,	91352,	33291,	73.6,	47.2,	46.92,	
550000,	44.167,	111632,	38913,	109573,	39879,	73.56,	47.12,	47.31,	
600000,	47.985,	112118,	38278,	109636,	39968,	73.49,	46.99,	46.93,	
650000,	52.038,	130252,	45381,	127897,	46467,	73.89,	47.77,	47.63,	
700000,	55.982,	130718,	44746,	127559,	46977,	73.05,	46.09,	46.5,	
750000,	59.963,	148761,	52013,	145895,	53328,	73.01,	46.02,	46.14,	
800000,	63.939,	149195,	51357,	145951,	53497,	73.74,	47.48,	47.44,	
850000,	67.98,	166972,	58889,	164101,	60035,	72.83,	45.67,	45.47,	
900000,	71.92,	167839,	57853,	163888,	60420,	73.16,	46.32,	46.21,	
950000,	75.69,	185290,	65556,	182667,	66484,	73.77,	47.54,	47.7,	
1000000,	79.772,	186346,	64387,	182326,	66941,	73.89,	47.78,	47.74,	

1000000,	79.772,	371636,	129943,	364993,	133425,	73.66,	47.32,	47.38,	





OzaBoostAdaHT-RandomRBF
Speed Change:,	0.01,	Centroids:,	100,	DriftCentroid:	100
GracePeriod:,	200,	TieThreshold:,	0.05,	BinarySplit:,	false,	BaseClassifier:,	HT,	
EnsembleSize:,	5
Count,	Time,	TP,	FN,	TN,	FP,	Accu,	Kappa,	Kpa_t,	Mem,	Depth,	TSize,	DcNod,	ActLf,	InacLf,	Reset,	Alter,	Switch,	Prune,	ClOp0,	ClOp1,	ClOp2,	ClOp3
50000,	3.933,	13786,	11257,	13894,	11059,	55.36,	10.72,	10.28,	
100000,	8.878,	13172,	11835,	13864,	11129,	54.07,	8.14,	7.71,	
150000,	14.085,	27172,	22887,	27681,	22256,	54.35,	8.69,	9.48,	
200000,	19.149,	26446,	23642,	27526,	22386,	53.87,	7.75,	8.03,	
250000,	24.521,	40625,	34707,	41124,	33540,	53.79,	7.59,	7.66,	
300000,	29.546,	40522,	34816,	40784,	33878,	54.67,	9.32,	9.81,	
350000,	34.958,	53984,	46379,	54829,	44804,	54.13,	8.26,	8.84,	
400000,	40.599,	53719,	46522,	54691,	45068,	54.21,	8.41,	9.05,	
450000,	46.581,	66980,	58500,	68476,	56040,	53.29,	6.59,	6.29,	
500000,	53.021,	66847,	58512,	68278,	56363,	53.43,	6.87,	6.37,	
550000,	59.51,	80597,	69949,	81243,	68207,	52.77,	5.53,	5.87,	
600000,	65.698,	80227,	70171,	81761,	67841,	53.73,	7.45,	7.35,	
650000,	71.855,	93679,	81954,	94964,	79399,	53.61,	7.22,	6.96,	
700000,	77.931,	93517,	81949,	95117,	79417,	53.29,	6.59,	7.3,	
750000,	84.363,	106958,	93816,	108310,	90912,	53.25,	6.5,	6.7,	
800000,	90.945,	106312,	94242,	108819,	90627,	52.99,	6.0,	5.93,	
850000,	97.789,	119953,	105906,	121784,	102353,	52.94,	5.88,	5.53,	
900000,	104.744,	119100,	106593,	122543,	101764,	53.02,	6.07,	5.85,	
950000,	111.2,	132833,	118011,	135857,	113295,	53.91,	7.81,	8.1,	
1000000,	117.885,	132143,	118593,	136462,	112802,	53.92,	7.85,	7.79,	

1000000,	117.885,	264976,	236604,	272319,	226097,	53.73,	7.46,	7.55,	





OzaBoostAdaHT-RandomRBF
Speed Change:,	0.1,	Centroids:,	100,	DriftCentroid:	100
GracePeriod:,	200,	TieThreshold:,	0.05,	BinarySplit:,	false,	BaseClassifier:,	HT,	
EnsembleSize:,	5
Count,	Time,	TP,	FN,	TN,	FP,	Accu,	Kappa,	Kpa_t,	Mem,	Depth,	TSize,	DcNod,	ActLf,	InacLf,	Reset,	Alter,	Switch,	Prune,	ClOp0,	ClOp1,	ClOp2,	ClOp3
50000,	3.688,	12482,	12366,	14064,	10678,	53.48,	6.98,	6.5,	
100000,	8.382,	13161,	11845,	13686,	11308,	53.69,	7.39,	6.95,	
150000,	13.42,	26105,	23759,	27662,	22064,	54.44,	8.88,	9.68,	
200000,	19.11,	26968,	23117,	26975,	22940,	54.19,	8.38,	8.67,	
250000,	24.955,	40530,	34609,	40325,	34126,	54.18,	8.29,	8.43,	
300000,	31.008,	41083,	34252,	40240,	34425,	54.76,	9.5,	10.0,	
350000,	37.151,	54399,	45769,	53692,	45730,	54.47,	8.94,	9.52,	
400000,	43.495,	54649,	45589,	53938,	45824,	54.53,	9.06,	9.69,	
450000,	49.911,	68094,	57192,	67476,	56828,	54.96,	9.92,	9.64,	
500000,	56.624,	68320,	57037,	67904,	56739,	55.27,	10.55,	10.08,	
550000,	63.508,	81713,	68638,	81025,	68214,	54.34,	8.67,	9.0,	
600000,	70.466,	82140,	68256,	81514,	68090,	54.86,	9.72,	9.62,	
650000,	77.362,	95287,	80152,	94965,	79186,	55.03,	10.06,	9.81,	
700000,	84.508,	95792,	79671,	95328,	79209,	54.93,	9.87,	10.55,	
750000,	91.606,	108987,	91592,	108795,	90216,	55.06,	10.13,	10.31,	
800000,	98.802,	109524,	91027,	109299,	90150,	55.41,	10.82,	10.76,	
850000,	106.04,	122533,	103132,	122833,	101092,	55.17,	10.34,	10.0,	
900000,	113.439,	123242,	102449,	123132,	101177,	55.1,	10.21,	10.01,	
950000,	120.77,	136092,	114558,	136841,	112099,	55.13,	10.27,	10.55,	
1000000,	128.185,	136759,	113974,	137424,	111843,	55.62,	11.24,	11.18,	

1000000,	128.185,	272851,	228532,	274265,	223942,	54.73,	9.46,	9.55,	





OzaBoostAdaHT-RandomRBF
Speed Change:,	1.0,	Centroids:,	100,	DriftCentroid:	100
GracePeriod:,	200,	TieThreshold:,	0.05,	BinarySplit:,	false,	BaseClassifier:,	HT,	
EnsembleSize:,	5
Count,	Time,	TP,	FN,	TN,	FP,	Accu,	Kappa,	Kpa_t,	Mem,	Depth,	TSize,	DcNod,	ActLf,	InacLf,	Reset,	Alter,	Switch,	Prune,	ClOp0,	ClOp1,	ClOp2,	ClOp3
50000,	3.813,	14203,	10584,	14177,	10514,	57.27,	14.55,	14.12,	
100000,	8.888,	15560,	9448,	15420,	9572,	61.96,	23.92,	23.56,	
150000,	14.227,	30823,	18981,	30063,	19611,	65.01,	30.02,	30.63,	
200000,	19.981,	32263,	17826,	31735,	18176,	66.04,	32.07,	32.29,	
250000,	26.155,	47681,	27396,	46462,	27939,	66.51,	33.02,	33.08,	
300000,	32.612,	49474,	25865,	48424,	26237,	67.8,	35.59,	35.94,	
350000,	39.335,	64943,	35165,	63479,	35891,	68.56,	37.12,	37.52,	
400000,	46.093,	66833,	33409,	65643,	34115,	69.16,	38.31,	38.74,	
450000,	52.891,	82395,	42830,	80769,	43484,	69.48,	38.97,	38.78,	
500000,	59.88,	84498,	40861,	82892,	41749,	69.83,	39.65,	39.34,	
550000,	66.949,	100179,	50111,	98021,	51167,	70.07,	40.14,	40.36,	
600000,	74.127,	102283,	48115,	100312,	49290,	70.41,	40.82,	40.75,	
650000,	81.338,	118183,	57194,	115560,	58541,	71.09,	42.17,	42.01,	
700000,	88.742,	120239,	55227,	117978,	56556,	71.24,	42.49,	42.93,	
750000,	96.229,	136065,	64452,	133169,	65792,	70.98,	41.96,	42.09,	
800000,	103.904,	138364,	62190,	135737,	63709,	71.77,	43.53,	43.5,	
850000,	111.475,	154181,	71423,	150888,	72986,	71.67,	43.34,	43.13,	
900000,	119.016,	156613,	69081,	153481,	70825,	71.99,	43.97,	43.85,	
950000,	126.649,	172513,	78076,	168752,	80137,	72.39,	44.78,	44.96,	
1000000,	134.346,	174818,	75919,	171318,	77945,	72.08,	44.17,	44.13,	

1000000,	134.346,	347331,	153995,	340070,	158082,	68.77,	37.53,	37.59,	





OzaBoostAdaHT-RandomRBF
Speed Change:,	0.01,	Centroids:,	50,	DriftCentroid:	50
GracePeriod:,	200,	TieThreshold:,	0.05,	BinarySplit:,	false,	BaseClassifier:,	HT,	
EnsembleSize:,	5
Count,	Time,	TP,	FN,	TN,	FP,	Accu,	Kappa,	Kpa_t,	Mem,	Depth,	TSize,	DcNod,	ActLf,	InacLf,	Reset,	Alter,	Switch,	Prune,	ClOp0,	ClOp1,	ClOp2,	ClOp3
50000,	3.99,	13786,	11257,	13894,	11059,	55.36,	10.72,	10.28,	
100000,	9.073,	13172,	11835,	13864,	11129,	54.07,	8.14,	7.71,	
150000,	14.585,	27172,	22887,	27681,	22256,	54.35,	8.69,	9.48,	
200000,	19.93,	26446,	23642,	27526,	22386,	53.87,	7.75,	8.03,	
250000,	25.592,	40625,	34707,	41124,	33540,	53.79,	7.59,	7.66,	
300000,	30.782,	40522,	34816,	40784,	33878,	54.67,	9.32,	9.81,	
350000,	36.285,	53984,	46379,	54829,	44804,	54.13,	8.26,	8.84,	
400000,	41.985,	53719,	46522,	54691,	45068,	54.21,	8.41,	9.05,	
450000,	48.109,	66980,	58500,	68476,	56040,	53.29,	6.59,	6.29,	
500000,	54.684,	66847,	58512,	68278,	56363,	53.43,	6.87,	6.37,	
550000,	61.363,	80597,	69949,	81243,	68207,	52.77,	5.53,	5.87,	
600000,	67.589,	80227,	70171,	81761,	67841,	53.73,	7.45,	7.35,	
650000,	73.72,	93679,	81954,	94964,	79399,	53.61,	7.22,	6.96,	
700000,	79.785,	93517,	81949,	95117,	79417,	53.29,	6.59,	7.3,	
750000,	86.28,	106958,	93816,	108310,	90912,	53.25,	6.5,	6.7,	
800000,	93.162,	106312,	94242,	108819,	90627,	52.99,	6.0,	5.93,	
850000,	100.626,	119953,	105906,	121784,	102353,	52.94,	5.88,	5.53,	
900000,	108.412,	119100,	106593,	122543,	101764,	53.02,	6.07,	5.85,	
950000,	114.822,	132833,	118011,	135857,	113295,	53.91,	7.81,	8.1,	
1000000,	121.405,	132143,	118593,	136462,	112802,	53.92,	7.85,	7.79,	

1000000,	121.405,	264976,	236604,	272319,	226097,	53.73,	7.46,	7.55,	





OzaBoostAdaHT-RandomRBF
Speed Change:,	0.01,	Centroids:,	100,	DriftCentroid:	100
GracePeriod:,	200,	TieThreshold:,	0.05,	BinarySplit:,	false,	BaseClassifier:,	HT,	
EnsembleSize:,	5
Count,	Time,	TP,	FN,	TN,	FP,	Accu,	Kappa,	Kpa_t,	Mem,	Depth,	TSize,	DcNod,	ActLf,	InacLf,	Reset,	Alter,	Switch,	Prune,	ClOp0,	ClOp1,	ClOp2,	ClOp3
50000,	3.943,	13786,	11257,	13894,	11059,	55.36,	10.72,	10.28,	
100000,	8.986,	13172,	11835,	13864,	11129,	54.07,	8.14,	7.71,	
150000,	14.121,	27172,	22887,	27681,	22256,	54.35,	8.69,	9.48,	
200000,	19.198,	26446,	23642,	27526,	22386,	53.87,	7.75,	8.03,	
250000,	24.718,	40625,	34707,	41124,	33540,	53.79,	7.59,	7.66,	
300000,	29.744,	40522,	34816,	40784,	33878,	54.67,	9.32,	9.81,	
350000,	35.185,	53984,	46379,	54829,	44804,	54.13,	8.26,	8.84,	
400000,	40.738,	53719,	46522,	54691,	45068,	54.21,	8.41,	9.05,	
450000,	46.71,	66980,	58500,	68476,	56040,	53.29,	6.59,	6.29,	
500000,	52.919,	66847,	58512,	68278,	56363,	53.43,	6.87,	6.37,	
550000,	59.312,	80597,	69949,	81243,	68207,	52.77,	5.53,	5.87,	
600000,	65.375,	80227,	70171,	81761,	67841,	53.73,	7.45,	7.35,	
650000,	71.341,	93679,	81954,	94964,	79399,	53.61,	7.22,	6.96,	
700000,	77.269,	93517,	81949,	95117,	79417,	53.29,	6.59,	7.3,	
750000,	83.548,	106958,	93816,	108310,	90912,	53.25,	6.5,	6.7,	
800000,	89.957,	106312,	94242,	108819,	90627,	52.99,	6.0,	5.93,	
850000,	96.626,	119953,	105906,	121784,	102353,	52.94,	5.88,	5.53,	
900000,	103.539,	119100,	106593,	122543,	101764,	53.02,	6.07,	5.85,	
950000,	109.861,	132833,	118011,	135857,	113295,	53.91,	7.81,	8.1,	
1000000,	116.439,	132143,	118593,	136462,	112802,	53.92,	7.85,	7.79,	

1000000,	116.439,	264976,	236604,	272319,	226097,	53.73,	7.46,	7.55,	





OzaBoostAdaHT-RandomRBF
Speed Change:,	0.01,	Centroids:,	150,	DriftCentroid:	100
GracePeriod:,	200,	TieThreshold:,	0.05,	BinarySplit:,	false,	BaseClassifier:,	HT,	
EnsembleSize:,	5
Count,	Time,	TP,	FN,	TN,	FP,	Accu,	Kappa,	Kpa_t,	Mem,	Depth,	TSize,	DcNod,	ActLf,	InacLf,	Reset,	Alter,	Switch,	Prune,	ClOp0,	ClOp1,	ClOp2,	ClOp3
50000,	3.957,	13786,	11257,	13894,	11059,	55.36,	10.72,	10.28,	
100000,	8.954,	13172,	11835,	13864,	11129,	54.07,	8.14,	7.71,	
150000,	14.085,	27172,	22887,	27681,	22256,	54.35,	8.69,	9.48,	
200000,	19.17,	26446,	23642,	27526,	22386,	53.87,	7.75,	8.03,	
250000,	24.653,	40625,	34707,	41124,	33540,	53.79,	7.59,	7.66,	
300000,	29.716,	40522,	34816,	40784,	33878,	54.67,	9.32,	9.81,	
350000,	35.174,	53984,	46379,	54829,	44804,	54.13,	8.26,	8.84,	
400000,	40.77,	53719,	46522,	54691,	45068,	54.21,	8.41,	9.05,	
450000,	46.753,	66980,	58500,	68476,	56040,	53.29,	6.59,	6.29,	
500000,	52.951,	66847,	58512,	68278,	56363,	53.43,	6.87,	6.37,	
550000,	59.353,	80597,	69949,	81243,	68207,	52.77,	5.53,	5.87,	
600000,	65.431,	80227,	70171,	81761,	67841,	53.73,	7.45,	7.35,	
650000,	71.451,	93679,	81954,	94964,	79399,	53.61,	7.22,	6.96,	
700000,	77.443,	93517,	81949,	95117,	79417,	53.29,	6.59,	7.3,	
750000,	83.729,	106958,	93816,	108310,	90912,	53.25,	6.5,	6.7,	
800000,	90.214,	106312,	94242,	108819,	90627,	52.99,	6.0,	5.93,	
850000,	96.927,	119953,	105906,	121784,	102353,	52.94,	5.88,	5.53,	
900000,	103.877,	119100,	106593,	122543,	101764,	53.02,	6.07,	5.85,	
950000,	110.215,	132833,	118011,	135857,	113295,	53.91,	7.81,	8.1,	
1000000,	116.768,	132143,	118593,	136462,	112802,	53.92,	7.85,	7.79,	

1000000,	116.768,	264976,	236604,	272319,	226097,	53.73,	7.46,	7.55,	





OzaBoostAdaHT-RandomRBF
Speed Change:,	0.01,	Centroids:,	200,	DriftCentroid:	100
GracePeriod:,	200,	TieThreshold:,	0.05,	BinarySplit:,	false,	BaseClassifier:,	HT,	
EnsembleSize:,	5
Count,	Time,	TP,	FN,	TN,	FP,	Accu,	Kappa,	Kpa_t,	Mem,	Depth,	TSize,	DcNod,	ActLf,	InacLf,	Reset,	Alter,	Switch,	Prune,	ClOp0,	ClOp1,	ClOp2,	ClOp3
50000,	3.956,	13786,	11257,	13894,	11059,	55.36,	10.72,	10.28,	
100000,	8.976,	13172,	11835,	13864,	11129,	54.07,	8.14,	7.71,	
150000,	14.139,	27172,	22887,	27681,	22256,	54.35,	8.69,	9.48,	
200000,	19.113,	26446,	23642,	27526,	22386,	53.87,	7.75,	8.03,	
250000,	24.525,	40625,	34707,	41124,	33540,	53.79,	7.59,	7.66,	
300000,	29.576,	40522,	34816,	40784,	33878,	54.67,	9.32,	9.81,	
350000,	34.979,	53984,	46379,	54829,	44804,	54.13,	8.26,	8.84,	
400000,	40.664,	53719,	46522,	54691,	45068,	54.21,	8.41,	9.05,	
450000,	46.668,	66980,	58500,	68476,	56040,	53.29,	6.59,	6.29,	
500000,	53.155,	66847,	58512,	68278,	56363,	53.43,	6.87,	6.37,	
550000,	59.785,	80597,	69949,	81243,	68207,	52.77,	5.53,	5.87,	
600000,	66.035,	80227,	70171,	81761,	67841,	53.73,	7.45,	7.35,	
650000,	72.141,	93679,	81954,	94964,	79399,	53.61,	7.22,	6.96,	
700000,	78.183,	93517,	81949,	95117,	79417,	53.29,	6.59,	7.3,	
750000,	84.641,	106958,	93816,	108310,	90912,	53.25,	6.5,	6.7,	
800000,	91.446,	106312,	94242,	108819,	90627,	52.99,	6.0,	5.93,	
850000,	98.2,	119953,	105906,	121784,	102353,	52.94,	5.88,	5.53,	
900000,	105.249,	119100,	106593,	122543,	101764,	53.02,	6.07,	5.85,	
950000,	111.861,	132833,	118011,	135857,	113295,	53.91,	7.81,	8.1,	
1000000,	118.565,	132143,	118593,	136462,	112802,	53.92,	7.85,	7.79,	

1000000,	118.565,	264976,	236604,	272319,	226097,	53.73,	7.46,	7.55,	





OzaBoostAdaHT-RandomRBF
Speed Change:,	0.01,	Centroids:,	250,	DriftCentroid:	100
GracePeriod:,	200,	TieThreshold:,	0.05,	BinarySplit:,	false,	BaseClassifier:,	HT,	
EnsembleSize:,	5
Count,	Time,	TP,	FN,	TN,	FP,	Accu,	Kappa,	Kpa_t,	Mem,	Depth,	TSize,	DcNod,	ActLf,	InacLf,	Reset,	Alter,	Switch,	Prune,	ClOp0,	ClOp1,	ClOp2,	ClOp3
50000,	4.112,	13786,	11257,	13894,	11059,	55.36,	10.72,	10.28,	
100000,	9.196,	13172,	11835,	13864,	11129,	54.07,	8.14,	7.71,	
150000,	14.537,	27172,	22887,	27681,	22256,	54.35,	8.69,	9.48,	
200000,	19.792,	26446,	23642,	27526,	22386,	53.87,	7.75,	8.03,	
250000,	25.415,	40625,	34707,	41124,	33540,	53.79,	7.59,	7.66,	
300000,	30.588,	40522,	34816,	40784,	33878,	54.67,	9.32,	9.81,	
350000,	36.154,	53984,	46379,	54829,	44804,	54.13,	8.26,	8.84,	
400000,	41.885,	53719,	46522,	54691,	45068,	54.21,	8.41,	9.05,	
450000,	47.984,	66980,	58500,	68476,	56040,	53.29,	6.59,	6.29,	
500000,	54.534,	66847,	58512,	68278,	56363,	53.43,	6.87,	6.37,	
550000,	61.35,	80597,	69949,	81243,	68207,	52.77,	5.53,	5.87,	
600000,	67.767,	80227,	70171,	81761,	67841,	53.73,	7.45,	7.35,	
650000,	74.092,	93679,	81954,	94964,	79399,	53.61,	7.22,	6.96,	
700000,	80.485,	93517,	81949,	95117,	79417,	53.29,	6.59,	7.3,	
750000,	87.161,	106958,	93816,	108310,	90912,	53.25,	6.5,	6.7,	
800000,	93.928,	106312,	94242,	108819,	90627,	52.99,	6.0,	5.93,	
850000,	100.93,	119953,	105906,	121784,	102353,	52.94,	5.88,	5.53,	
900000,	107.957,	119100,	106593,	122543,	101764,	53.02,	6.07,	5.85,	
950000,	114.528,	132833,	118011,	135857,	113295,	53.91,	7.81,	8.1,	
1000000,	121.201,	132143,	118593,	136462,	112802,	53.92,	7.85,	7.79,	

1000000,	121.201,	264976,	236604,	272319,	226097,	53.73,	7.46,	7.55,	





OzaBoostAdaHT-RandomRBF
Speed Change:,	0.01,	Centroids:,	100,	DriftCentroid:	20
GracePeriod:,	200,	TieThreshold:,	0.05,	BinarySplit:,	false,	BaseClassifier:,	HT,	
EnsembleSize:,	5
Count,	Time,	TP,	FN,	TN,	FP,	Accu,	Kappa,	Kpa_t,	Mem,	Depth,	TSize,	DcNod,	ActLf,	InacLf,	Reset,	Alter,	Switch,	Prune,	ClOp0,	ClOp1,	ClOp2,	ClOp3
50000,	3.897,	19614,	5430,	19092,	5861,	77.41,	54.82,	54.6,	
100000,	8.582,	20547,	4461,	19852,	5140,	80.8,	61.6,	61.42,	
150000,	13.61,	40308,	9751,	39091,	10847,	81.39,	62.77,	63.1,	
200000,	18.782,	41589,	8502,	39707,	10202,	81.79,	63.58,	63.7,	
250000,	24.209,	61504,	13827,	58758,	15908,	81.73,	63.43,	63.48,	
300000,	29.827,	62769,	12572,	59427,	15232,	81.8,	63.58,	63.79,	
350000,	35.568,	82783,	17579,	78491,	21144,	82.02,	64.05,	64.28,	
400000,	41.54,	83982,	16262,	79261,	20495,	82.09,	64.2,	64.44,	
450000,	47.322,	104149,	21330,	98339,	26179,	82.43,	64.85,	64.75,	
500000,	53.243,	105512,	19849,	98996,	25643,	82.53,	65.05,	64.88,	
550000,	59.104,	125575,	24968,	118176,	31278,	82.53,	65.05,	65.18,	
600000,	65.094,	126995,	23405,	118914,	30686,	82.8,	65.6,	65.57,	
650000,	71.21,	147112,	28518,	137985,	36382,	82.69,	65.38,	65.29,	
700000,	77.34,	148647,	26821,	138583,	35949,	82.64,	65.28,	65.55,	
750000,	83.516,	168696,	32073,	157722,	41506,	82.64,	65.27,	65.36,	
800000,	89.78,	170418,	30138,	158449,	40995,	83.27,	66.54,	66.53,	
850000,	96.095,	190206,	35648,	177590,	46553,	82.76,	65.5,	65.38,	
900000,	102.489,	192183,	33513,	178190,	46114,	83.01,	66.01,	65.95,	
950000,	109.128,	211827,	39012,	197497,	51661,	83.06,	66.11,	66.22,	
1000000,	115.667,	213953,	36786,	198069,	51192,	83.3,	66.59,	66.57,	

1000000,	115.667,	425780,	75798,	395566,	102853,	82.13,	64.26,	64.3,	





OzaBoostAdaHT-RandomRBF
Speed Change:,	0.01,	Centroids:,	100,	DriftCentroid:	40
GracePeriod:,	200,	TieThreshold:,	0.05,	BinarySplit:,	false,	BaseClassifier:,	HT,	
EnsembleSize:,	5
Count,	Time,	TP,	FN,	TN,	FP,	Accu,	Kappa,	Kpa_t,	Mem,	Depth,	TSize,	DcNod,	ActLf,	InacLf,	Reset,	Alter,	Switch,	Prune,	ClOp0,	ClOp1,	ClOp2,	ClOp3
50000,	3.705,	15845,	9199,	15619,	9334,	62.93,	25.86,	25.48,	
100000,	8.069,	15827,	9180,	15584,	9409,	62.82,	25.64,	25.29,	
150000,	12.66,	31534,	18526,	31095,	18842,	62.33,	24.66,	25.31,	
200000,	17.598,	31437,	18650,	31289,	18624,	62.63,	25.26,	25.5,	
250000,	23.19,	47122,	28211,	46489,	28175,	61.96,	23.93,	23.99,	
300000,	29.12,	47052,	28283,	46569,	28096,	61.79,	23.58,	23.98,	
350000,	35.33,	62522,	37842,	62113,	37520,	62.05,	24.1,	24.58,	
400000,	41.632,	62047,	38190,	62845,	36918,	62.54,	25.07,	25.6,	
450000,	48.099,	77439,	48041,	78384,	46133,	62.38,	24.77,	24.53,	
500000,	54.861,	77348,	48007,	78728,	45917,	62.37,	24.75,	24.34,	
550000,	61.645,	92654,	57891,	94214,	55238,	62.09,	24.19,	24.45,	
600000,	68.548,	92699,	57695,	94278,	55328,	61.8,	23.61,	23.52,	
650000,	75.56,	108228,	67405,	109498,	64866,	61.72,	23.43,	23.22,	
700000,	82.112,	108568,	66893,	109562,	64977,	62.31,	24.61,	25.19,	
750000,	88.493,	123622,	77151,	125000,	74224,	61.79,	23.59,	23.75,	
800000,	94.712,	124382,	76166,	124940,	74512,	62.38,	24.76,	24.72,	
850000,	100.981,	139053,	86804,	140551,	83589,	61.96,	23.93,	23.65,	
900000,	106.814,	140190,	85499,	140345,	83966,	62.43,	24.85,	24.69,	
950000,	112.78,	154371,	96471,	156205,	92950,	61.94,	23.89,	24.12,	
1000000,	119.038,	155444,	95287,	156033,	93236,	61.88,	23.77,	23.72,	

1000000,	119.038,	309815,	191758,	312238,	186186,	62.21,	24.41,	24.48,	





OzaBoostAdaHT-RandomRBF
Speed Change:,	0.01,	Centroids:,	100,	DriftCentroid:	60
GracePeriod:,	200,	TieThreshold:,	0.05,	BinarySplit:,	false,	BaseClassifier:,	HT,	
EnsembleSize:,	5
Count,	Time,	TP,	FN,	TN,	FP,	Accu,	Kappa,	Kpa_t,	Mem,	Depth,	TSize,	DcNod,	ActLf,	InacLf,	Reset,	Alter,	Switch,	Prune,	ClOp0,	ClOp1,	ClOp2,	ClOp3
50000,	4.002,	13786,	11257,	13894,	11059,	55.36,	10.72,	10.28,	
100000,	9.102,	13172,	11835,	13864,	11129,	54.07,	8.14,	7.71,	
150000,	14.38,	27172,	22887,	27681,	22256,	54.35,	8.69,	9.48,	
200000,	19.49,	26446,	23642,	27526,	22386,	53.87,	7.75,	8.03,	
250000,	25.165,	40625,	34707,	41124,	33540,	53.79,	7.59,	7.66,	
300000,	30.337,	40522,	34816,	40784,	33878,	54.67,	9.32,	9.81,	
350000,	35.949,	53984,	46379,	54829,	44804,	54.13,	8.26,	8.84,	
400000,	41.75,	53719,	46522,	54691,	45068,	54.21,	8.41,	9.05,	
450000,	47.868,	66980,	58500,	68476,	56040,	53.29,	6.59,	6.29,	
500000,	54.179,	66847,	58512,	68278,	56363,	53.43,	6.87,	6.37,	
550000,	60.599,	80597,	69949,	81243,	68207,	52.77,	5.53,	5.87,	
600000,	66.75,	80227,	70171,	81761,	67841,	53.73,	7.45,	7.35,	
650000,	72.838,	93679,	81954,	94964,	79399,	53.61,	7.22,	6.96,	
700000,	78.856,	93517,	81949,	95117,	79417,	53.29,	6.59,	7.3,	
750000,	85.322,	106958,	93816,	108310,	90912,	53.25,	6.5,	6.7,	
800000,	91.816,	106312,	94242,	108819,	90627,	52.99,	6.0,	5.93,	
850000,	98.604,	119953,	105906,	121784,	102353,	52.94,	5.88,	5.53,	
900000,	105.504,	119100,	106593,	122543,	101764,	53.02,	6.07,	5.85,	
950000,	111.89,	132833,	118011,	135857,	113295,	53.91,	7.81,	8.1,	
1000000,	118.445,	132143,	118593,	136462,	112802,	53.92,	7.85,	7.79,	

1000000,	118.445,	264976,	236604,	272319,	226097,	53.73,	7.46,	7.55,	





OzaBoostAdaHT-RandomRBF
Speed Change:,	0.01,	Centroids:,	100,	DriftCentroid:	80
GracePeriod:,	200,	TieThreshold:,	0.05,	BinarySplit:,	false,	BaseClassifier:,	HT,	
EnsembleSize:,	5
Count,	Time,	TP,	FN,	TN,	FP,	Accu,	Kappa,	Kpa_t,	Mem,	Depth,	TSize,	DcNod,	ActLf,	InacLf,	Reset,	Alter,	Switch,	Prune,	ClOp0,	ClOp1,	ClOp2,	ClOp3
50000,	3.98,	13786,	11257,	13894,	11059,	55.36,	10.72,	10.28,	
100000,	8.967,	13172,	11835,	13864,	11129,	54.07,	8.14,	7.71,	
150000,	14.141,	27172,	22887,	27681,	22256,	54.35,	8.69,	9.48,	
200000,	19.192,	26446,	23642,	27526,	22386,	53.87,	7.75,	8.03,	
250000,	24.671,	40625,	34707,	41124,	33540,	53.79,	7.59,	7.66,	
300000,	29.734,	40522,	34816,	40784,	33878,	54.67,	9.32,	9.81,	
350000,	35.191,	53984,	46379,	54829,	44804,	54.13,	8.26,	8.84,	
400000,	40.83,	53719,	46522,	54691,	45068,	54.21,	8.41,	9.05,	
450000,	46.793,	66980,	58500,	68476,	56040,	53.29,	6.59,	6.29,	
500000,	53.128,	66847,	58512,	68278,	56363,	53.43,	6.87,	6.37,	
550000,	59.625,	80597,	69949,	81243,	68207,	52.77,	5.53,	5.87,	
600000,	65.75,	80227,	70171,	81761,	67841,	53.73,	7.45,	7.35,	
650000,	71.852,	93679,	81954,	94964,	79399,	53.61,	7.22,	6.96,	
700000,	77.768,	93517,	81949,	95117,	79417,	53.29,	6.59,	7.3,	
750000,	84.056,	106958,	93816,	108310,	90912,	53.25,	6.5,	6.7,	
800000,	90.591,	106312,	94242,	108819,	90627,	52.99,	6.0,	5.93,	
850000,	97.403,	119953,	105906,	121784,	102353,	52.94,	5.88,	5.53,	
900000,	104.376,	119100,	106593,	122543,	101764,	53.02,	6.07,	5.85,	
950000,	110.752,	132833,	118011,	135857,	113295,	53.91,	7.81,	8.1,	
1000000,	117.327,	132143,	118593,	136462,	112802,	53.92,	7.85,	7.79,	

1000000,	117.327,	264976,	236604,	272319,	226097,	53.73,	7.46,	7.55,	





OzaBoostAdaHT-RandomRBF
Speed Change:,	0.01,	Centroids:,	100,	DriftCentroid:	100
GracePeriod:,	200,	TieThreshold:,	0.05,	BinarySplit:,	false,	BaseClassifier:,	HT,	
EnsembleSize:,	5
Count,	Time,	TP,	FN,	TN,	FP,	Accu,	Kappa,	Kpa_t,	Mem,	Depth,	TSize,	DcNod,	ActLf,	InacLf,	Reset,	Alter,	Switch,	Prune,	ClOp0,	ClOp1,	ClOp2,	ClOp3
50000,	4.005,	13786,	11257,	13894,	11059,	55.36,	10.72,	10.28,	
100000,	8.924,	13172,	11835,	13864,	11129,	54.07,	8.14,	7.71,	
150000,	14.137,	27172,	22887,	27681,	22256,	54.35,	8.69,	9.48,	
200000,	19.237,	26446,	23642,	27526,	22386,	53.87,	7.75,	8.03,	
250000,	24.73,	40625,	34707,	41124,	33540,	53.79,	7.59,	7.66,	
300000,	29.832,	40522,	34816,	40784,	33878,	54.67,	9.32,	9.81,	
350000,	35.227,	53984,	46379,	54829,	44804,	54.13,	8.26,	8.84,	
400000,	40.862,	53719,	46522,	54691,	45068,	54.21,	8.41,	9.05,	
450000,	46.823,	66980,	58500,	68476,	56040,	53.29,	6.59,	6.29,	
500000,	53.12,	66847,	58512,	68278,	56363,	53.43,	6.87,	6.37,	
550000,	59.65,	80597,	69949,	81243,	68207,	52.77,	5.53,	5.87,	
600000,	65.937,	80227,	70171,	81761,	67841,	53.73,	7.45,	7.35,	
650000,	72.038,	93679,	81954,	94964,	79399,	53.61,	7.22,	6.96,	
700000,	78.097,	93517,	81949,	95117,	79417,	53.29,	6.59,	7.3,	
750000,	84.427,	106958,	93816,	108310,	90912,	53.25,	6.5,	6.7,	
800000,	91.034,	106312,	94242,	108819,	90627,	52.99,	6.0,	5.93,	
850000,	97.858,	119953,	105906,	121784,	102353,	52.94,	5.88,	5.53,	
900000,	104.817,	119100,	106593,	122543,	101764,	53.02,	6.07,	5.85,	
950000,	111.247,	132833,	118011,	135857,	113295,	53.91,	7.81,	8.1,	
1000000,	117.825,	132143,	118593,	136462,	112802,	53.92,	7.85,	7.79,	

1000000,	117.825,	264976,	236604,	272319,	226097,	53.73,	7.46,	7.55,	





OzaBoostAdaHT-RandomRBF
Speed Change:,	0.01,	Centroids:,	100,	DriftCentroid:	100
GracePeriod:,	200,	TieThreshold:,	0.05,	BinarySplit:,	false,	BaseClassifier:,	HT,	
EnsembleSize:,	5
Count,	Time,	TP,	FN,	TN,	FP,	Accu,	Kappa,	Kpa_t,	Mem,	Depth,	TSize,	DcNod,	ActLf,	InacLf,	Reset,	Alter,	Switch,	Prune,	ClOp0,	ClOp1,	ClOp2,	ClOp3
50000,	4.002,	13786,	11257,	13894,	11059,	55.36,	10.72,	10.28,	
100000,	8.961,	13172,	11835,	13864,	11129,	54.07,	8.14,	7.71,	
150000,	14.101,	27172,	22887,	27681,	22256,	54.35,	8.69,	9.48,	
200000,	19.185,	26446,	23642,	27526,	22386,	53.87,	7.75,	8.03,	
250000,	24.808,	40625,	34707,	41124,	33540,	53.79,	7.59,	7.66,	
300000,	29.933,	40522,	34816,	40784,	33878,	54.67,	9.32,	9.81,	
350000,	35.426,	53984,	46379,	54829,	44804,	54.13,	8.26,	8.84,	
400000,	41.137,	53719,	46522,	54691,	45068,	54.21,	8.41,	9.05,	
450000,	47.138,	66980,	58500,	68476,	56040,	53.29,	6.59,	6.29,	
500000,	53.485,	66847,	58512,	68278,	56363,	53.43,	6.87,	6.37,	
550000,	60.05,	80597,	69949,	81243,	68207,	52.77,	5.53,	5.87,	
600000,	66.279,	80227,	70171,	81761,	67841,	53.73,	7.45,	7.35,	
650000,	72.318,	93679,	81954,	94964,	79399,	53.61,	7.22,	6.96,	
700000,	78.367,	93517,	81949,	95117,	79417,	53.29,	6.59,	7.3,	
750000,	84.792,	106958,	93816,	108310,	90912,	53.25,	6.5,	6.7,	
800000,	91.313,	106312,	94242,	108819,	90627,	52.99,	6.0,	5.93,	
850000,	98.163,	119953,	105906,	121784,	102353,	52.94,	5.88,	5.53,	
900000,	105.135,	119100,	106593,	122543,	101764,	53.02,	6.07,	5.85,	
950000,	111.639,	132833,	118011,	135857,	113295,	53.91,	7.81,	8.1,	
1000000,	118.192,	132143,	118593,	136462,	112802,	53.92,	7.85,	7.79,	

1000000,	118.192,	264976,	236604,	272319,	226097,	53.73,	7.46,	7.55,	





OzaBoostAdaHT-RandomRBF
Speed Change:,	0.01,	Centroids:,	100,	DriftCentroid:	100
GracePeriod:,	400,	TieThreshold:,	0.05,	BinarySplit:,	false,	BaseClassifier:,	HT,	
EnsembleSize:,	5
Count,	Time,	TP,	FN,	TN,	FP,	Accu,	Kappa,	Kpa_t,	Mem,	Depth,	TSize,	DcNod,	ActLf,	InacLf,	Reset,	Alter,	Switch,	Prune,	ClOp0,	ClOp1,	ClOp2,	ClOp3
50000,	3.769,	13696,	11346,	14242,	10712,	55.88,	11.76,	11.31,	
100000,	8.299,	13280,	11726,	14034,	10960,	54.63,	9.26,	8.83,	
150000,	13.405,	27002,	23056,	28152,	21786,	54.43,	8.87,	9.66,	
200000,	19.015,	26708,	23379,	27211,	22702,	53.21,	6.42,	6.71,	
250000,	24.303,	40949,	34382,	41496,	33169,	54.58,	9.15,	9.24,	
300000,	29.357,	40948,	34389,	40313,	34350,	54.68,	9.34,	9.84,	
350000,	34.187,	54313,	46050,	55440,	44193,	54.62,	9.23,	9.81,	
400000,	39.604,	53809,	46431,	54407,	45353,	53.91,	7.8,	8.46,	
450000,	45.3,	67637,	57843,	69028,	55488,	53.82,	7.65,	7.37,	
500000,	51.101,	67724,	57634,	67437,	57205,	53.89,	7.77,	7.3,	
550000,	56.905,	81132,	69412,	82314,	67138,	53.56,	7.12,	7.46,	
600000,	62.479,	81195,	69202,	80764,	68839,	53.6,	7.19,	7.09,	
650000,	68.326,	94849,	80783,	95486,	78878,	53.78,	7.55,	7.3,	
700000,	74.129,	94488,	80977,	94258,	80277,	53.57,	7.15,	7.86,	
750000,	80.033,	107929,	92842,	109145,	90080,	53.48,	6.97,	7.16,	
800000,	85.925,	107615,	92940,	108103,	91342,	53.94,	7.9,	7.83,	
850000,	91.682,	121500,	104357,	122487,	101652,	53.83,	7.65,	7.31,	
900000,	97.301,	121092,	104604,	121525,	102779,	53.8,	7.6,	7.4,	
950000,	103.382,	134349,	116492,	136353,	112802,	53.43,	6.86,	7.15,	
1000000,	109.684,	133909,	116828,	135624,	113639,	53.83,	7.67,	7.6,	

1000000,	109.684,	268258,	233320,	271977,	226441,	54.02,	8.05,	8.14,	





OzaBoostAdaHT-RandomRBF
Speed Change:,	0.01,	Centroids:,	100,	DriftCentroid:	100
GracePeriod:,	800,	TieThreshold:,	0.05,	BinarySplit:,	false,	BaseClassifier:,	HT,	
EnsembleSize:,	5
Count,	Time,	TP,	FN,	TN,	FP,	Accu,	Kappa,	Kpa_t,	Mem,	Depth,	TSize,	DcNod,	ActLf,	InacLf,	Reset,	Alter,	Switch,	Prune,	ClOp0,	ClOp1,	ClOp2,	ClOp3
50000,	3.654,	13350,	11693,	14342,	10611,	55.39,	10.78,	10.32,	
100000,	8.302,	13362,	11646,	13816,	11176,	54.36,	8.71,	8.28,	
150000,	13.402,	26354,	23706,	28195,	21741,	53.71,	7.43,	8.23,	
200000,	18.475,	26689,	23399,	27465,	22447,	53.95,	7.91,	8.19,	
250000,	24.003,	40249,	35083,	41173,	33491,	53.75,	7.47,	7.57,	
300000,	29.36,	40107,	35231,	41087,	33575,	54.08,	8.18,	8.64,	
350000,	35.106,	53343,	47020,	55152,	44481,	54.15,	8.3,	8.88,	
400000,	40.719,	53043,	47199,	55069,	44689,	53.84,	7.66,	8.31,	
450000,	46.574,	66535,	58943,	69043,	55475,	54.17,	8.35,	8.06,	
500000,	52.587,	66068,	59293,	68834,	55805,	53.58,	7.18,	6.67,	
550000,	58.501,	80090,	70453,	82303,	67150,	53.63,	7.26,	7.59,	
600000,	64.488,	79565,	70834,	82117,	67484,	53.56,	7.12,	7.02,	
650000,	70.356,	93410,	82221,	95740,	78625,	53.51,	7.03,	6.77,	
700000,	76.207,	92949,	82519,	95539,	78993,	53.61,	7.23,	7.93,	
750000,	82.412,	106783,	93988,	109123,	90102,	53.51,	7.03,	7.22,	
800000,	88.81,	105983,	94574,	109081,	90362,	53.15,	6.31,	6.25,	
850000,	94.879,	120141,	105716,	122651,	101488,	53.77,	7.55,	7.2,	
900000,	101.22,	119251,	106446,	122617,	101686,	53.61,	7.22,	7.02,	
950000,	107.697,	133240,	117602,	136036,	113118,	52.97,	5.94,	6.23,	
1000000,	114.402,	132511,	118229,	136353,	112907,	53.99,	7.99,	7.92,	

1000000,	114.402,	265751,	235831,	272389,	226025,	53.81,	7.63,	7.72,	





OzaBoostAdaHT-RandomRBF
Speed Change:,	0.01,	Centroids:,	100,	DriftCentroid:	100
GracePeriod:,	1600,	TieThreshold:,	0.05,	BinarySplit:,	false,	BaseClassifier:,	HT,	
EnsembleSize:,	5
Count,	Time,	TP,	FN,	TN,	FP,	Accu,	Kappa,	Kpa_t,	Mem,	Depth,	TSize,	DcNod,	ActLf,	InacLf,	Reset,	Alter,	Switch,	Prune,	ClOp0,	ClOp1,	ClOp2,	ClOp3
50000,	3.541,	13311,	11732,	14448,	10505,	55.52,	11.05,	10.59,	
100000,	7.866,	13112,	11893,	14097,	10898,	54.42,	8.84,	8.41,	
150000,	12.798,	26343,	23716,	28530,	21407,	54.23,	8.46,	9.25,	
200000,	17.401,	26482,	23604,	28091,	21823,	54.73,	9.46,	9.74,	
250000,	21.972,	39959,	35373,	41897,	32767,	53.97,	7.93,	8.01,	
300000,	26.788,	40678,	34658,	40766,	33898,	53.74,	7.44,	7.97,	
350000,	32.098,	53081,	47281,	55357,	44277,	53.16,	6.33,	6.92,	
400000,	37.479,	53668,	46571,	54729,	45032,	53.91,	7.8,	8.45,	
450000,	42.431,	66659,	58820,	68916,	55601,	54.27,	8.55,	8.27,	
500000,	47.788,	66803,	58554,	68477,	56166,	53.77,	7.54,	7.05,	
550000,	53.293,	79930,	70614,	82452,	67000,	53.61,	7.23,	7.56,	
600000,	59.037,	80344,	70052,	81801,	67803,	53.73,	7.46,	7.36,	
650000,	64.734,	93363,	82269,	95738,	78626,	53.44,	6.88,	6.62,	
700000,	70.749,	93474,	81991,	95232,	79303,	53.12,	6.25,	6.96,	
750000,	76.746,	105974,	94798,	109573,	89651,	52.89,	5.81,	5.99,	
800000,	82.91,	106545,	94008,	108786,	90661,	53.25,	6.51,	6.44,	
850000,	88.493,	118986,	106874,	123305,	100831,	53.49,	6.99,	6.63,	
900000,	93.972,	119930,	105764,	122271,	102035,	53.74,	7.48,	7.28,	
950000,	99.755,	132146,	118700,	136863,	112287,	53.44,	6.87,	7.16,	
1000000,	105.376,	133074,	117663,	136223,	113040,	54.19,	8.39,	8.32,	

1000000,	105.376,	265220,	236363,	273086,	225327,	53.83,	7.67,	7.75,	





OzaBoostAdaHT-RandomRBF
Speed Change:,	0.01,	Centroids:,	100,	DriftCentroid:	100
GracePeriod:,	3200,	TieThreshold:,	0.05,	BinarySplit:,	false,	BaseClassifier:,	HT,	
EnsembleSize:,	5
Count,	Time,	TP,	FN,	TN,	FP,	Accu,	Kappa,	Kpa_t,	Mem,	Depth,	TSize,	DcNod,	ActLf,	InacLf,	Reset,	Alter,	Switch,	Prune,	ClOp0,	ClOp1,	ClOp2,	ClOp3
50000,	3.531,	13369,	11675,	14424,	10528,	55.59,	11.18,	10.73,	
100000,	7.645,	12391,	12616,	14818,	10175,	54.42,	8.84,	8.41,	
150000,	12.429,	26554,	23506,	28113,	21823,	53.75,	7.5,	8.3,	
200000,	17.246,	25873,	24215,	28053,	21859,	53.43,	6.87,	7.16,	
250000,	22.266,	39805,	35528,	41543,	33120,	53.36,	6.74,	6.8,	
300000,	26.791,	39970,	35368,	41322,	33340,	54.73,	9.44,	9.94,	
350000,	31.307,	52857,	47507,	55653,	43979,	54.32,	8.65,	9.23,	
400000,	36.137,	52525,	47716,	55589,	44170,	53.64,	7.26,	7.93,	
450000,	41.233,	65792,	59689,	69641,	54874,	53.85,	7.71,	7.41,	
500000,	46.481,	65692,	59667,	69233,	55408,	53.62,	7.25,	6.76,	
550000,	52.042,	79358,	71187,	82755,	66696,	53.36,	6.72,	7.05,	
600000,	57.834,	78951,	71447,	82602,	67000,	53.26,	6.51,	6.41,	
650000,	63.577,	92493,	83139,	96199,	78165,	53.16,	6.32,	6.06,	
700000,	69.003,	92109,	83355,	96444,	78092,	54.0,	8.01,	8.7,	
750000,	74.257,	105420,	95352,	110307,	88917,	54.07,	8.17,	8.34,	
800000,	79.722,	104596,	95955,	110808,	88641,	53.7,	7.43,	7.35,	
850000,	85.47,	118623,	107235,	123770,	100368,	53.33,	6.67,	6.32,	
900000,	91.112,	117357,	108333,	124757,	99553,	53.42,	6.87,	6.64,	
950000,	96.67,	131400,	119442,	137532,	111622,	53.08,	6.15,	6.45,	
1000000,	102.597,	130081,	120652,	138725,	110542,	53.38,	6.78,	6.7,	

1000000,	102.597,	261481,	240094,	276257,	222164,	53.77,	7.56,	7.64,	





OzaBoostAdaHT-RandomRBF
Speed Change:,	0.01,	Centroids:,	100,	DriftCentroid:	100
GracePeriod:,	200,	TieThreshold:,	0.001,	BinarySplit:,	false,	BaseClassifier:,	HT,	
EnsembleSize:,	5
Count,	Time,	TP,	FN,	TN,	FP,	Accu,	Kappa,	Kpa_t,	Mem,	Depth,	TSize,	DcNod,	ActLf,	InacLf,	Reset,	Alter,	Switch,	Prune,	ClOp0,	ClOp1,	ClOp2,	ClOp3
50000,	1.726,	9900,	15143,	16529,	8424,	52.86,	5.76,	5.25,	
100000,	3.866,	9301,	15706,	17252,	7741,	53.11,	6.22,	5.77,	
150000,	6.032,	19350,	30709,	33729,	16208,	53.3,	6.62,	7.41,	
200000,	8.127,	18736,	31352,	34415,	15497,	53.2,	6.49,	6.69,	
250000,	10.057,	29406,	45926,	50138,	24526,	52.93,	6.13,	5.94,	
300000,	11.964,	28745,	46593,	50862,	23800,	52.91,	6.08,	6.32,	
350000,	13.895,	39360,	61003,	66632,	33001,	52.9,	5.82,	6.39,	
400000,	15.838,	38569,	61672,	67709,	32050,	53.34,	6.58,	7.33,	
450000,	17.764,	49015,	76465,	83674,	40842,	53.39,	6.92,	6.51,	
500000,	19.67,	48372,	76987,	84669,	39972,	53.53,	7.18,	6.57,	
550000,	21.606,	58807,	91738,	100568,	48883,	53.37,	6.81,	7.08,	
600000,	23.54,	58263,	92135,	101563,	48039,	53.57,	7.18,	7.04,	
650000,	25.46,	68518,	107115,	117313,	57050,	52.91,	5.92,	5.57,	
700000,	27.421,	68155,	107311,	118300,	56234,	53.26,	6.59,	7.23,	
750000,	29.384,	78356,	122417,	134020,	65203,	53.09,	6.33,	6.38,	
800000,	31.307,	77920,	122634,	135064,	64382,	53.06,	6.21,	6.06,	
850000,	33.251,	88088,	137771,	150814,	73323,	53.05,	6.2,	5.76,	
900000,	35.177,	87713,	137981,	151805,	72501,	53.07,	6.28,	5.94,	
950000,	37.074,	97748,	153096,	167646,	81506,	52.98,	5.95,	6.26,	
1000000,	38.954,	97554,	153183,	168596,	80667,	53.26,	6.57,	6.46,	

1000000,	38.954,	195302,	306279,	336242,	162173,	53.15,	6.39,	6.4,	





OzaBoostAdaHT-RandomRBF
Speed Change:,	0.01,	Centroids:,	100,	DriftCentroid:	100
GracePeriod:,	200,	TieThreshold:,	0.005,	BinarySplit:,	false,	BaseClassifier:,	HT,	
EnsembleSize:,	5
Count,	Time,	TP,	FN,	TN,	FP,	Accu,	Kappa,	Kpa_t,	Mem,	Depth,	TSize,	DcNod,	ActLf,	InacLf,	Reset,	Alter,	Switch,	Prune,	ClOp0,	ClOp1,	ClOp2,	ClOp3
50000,	1.691,	9900,	15143,	16529,	8424,	52.86,	5.76,	5.25,	
100000,	3.83,	9301,	15706,	17252,	7741,	53.11,	6.22,	5.77,	
150000,	5.997,	19350,	30709,	33729,	16208,	53.3,	6.62,	7.41,	
200000,	8.08,	18736,	31352,	34415,	15497,	53.2,	6.49,	6.69,	
250000,	10.332,	30228,	45104,	49464,	25200,	53.23,	6.66,	6.53,	
300000,	12.987,	29671,	45667,	50020,	24642,	53.08,	6.34,	6.65,	
350000,	15.178,	40059,	60304,	66115,	33518,	52.96,	5.96,	6.53,	
400000,	17.374,	38798,	61443,	67603,	32156,	53.42,	6.72,	7.49,	
450000,	19.546,	49293,	76187,	83627,	40889,	53.49,	7.13,	6.7,	
500000,	21.985,	48877,	76482,	84576,	40065,	54.1,	8.33,	7.73,	
550000,	24.825,	60508,	90037,	99135,	50316,	53.45,	6.93,	7.23,	
600000,	27.411,	59353,	91045,	100877,	48725,	53.55,	7.14,	7.0,	
650000,	30.128,	70803,	104830,	115400,	58963,	53.12,	6.32,	5.98,	
700000,	32.708,	69828,	105638,	117126,	57408,	53.45,	6.96,	7.61,	
750000,	35.38,	81493,	119280,	131207,	68016,	52.99,	6.1,	6.19,	
800000,	38.322,	79570,	120984,	133906,	65540,	53.04,	6.18,	6.03,	
850000,	40.576,	91216,	134643,	148052,	76085,	53.14,	6.36,	5.93,	
900000,	42.557,	89448,	136246,	150592,	73714,	53.13,	6.4,	6.06,	
950000,	44.809,	101300,	149544,	164465,	84687,	52.99,	5.97,	6.28,	
1000000,	47.426,	99109,	151628,	167649,	81614,	53.44,	6.92,	6.81,	

1000000,	47.426,	200409,	301172,	332114,	166301,	53.25,	6.58,	6.59,	





OzaBoostAdaHT-RandomRBF
Speed Change:,	0.01,	Centroids:,	100,	DriftCentroid:	100
GracePeriod:,	200,	TieThreshold:,	0.01,	BinarySplit:,	false,	BaseClassifier:,	HT,	
EnsembleSize:,	5
Count,	Time,	TP,	FN,	TN,	FP,	Accu,	Kappa,	Kpa_t,	Mem,	Depth,	TSize,	DcNod,	ActLf,	InacLf,	Reset,	Alter,	Switch,	Prune,	ClOp0,	ClOp1,	ClOp2,	ClOp3
50000,	1.708,	9900,	15143,	16529,	8424,	52.86,	5.76,	5.25,	
100000,	4.467,	10281,	14726,	16272,	8721,	53.11,	6.22,	5.77,	
150000,	7.511,	20548,	29511,	32713,	17224,	53.66,	7.34,	8.13,	
200000,	10.376,	20942,	29146,	32158,	17754,	53.09,	6.25,	6.48,	
250000,	13.865,	32172,	43160,	47788,	26876,	53.4,	6.95,	6.87,	
300000,	16.616,	32555,	42783,	47114,	27548,	53.14,	6.41,	6.77,	
350000,	19.583,	42510,	57853,	64036,	35597,	53.17,	6.37,	6.94,	
400000,	22.964,	42883,	57358,	63591,	36168,	53.61,	7.13,	7.86,	
450000,	26.927,	53475,	72005,	79964,	44552,	53.79,	7.66,	7.29,	
500000,	30.171,	53496,	71863,	79827,	44814,	53.7,	7.5,	6.91,	
550000,	33.653,	64718,	85827,	95426,	54025,	53.41,	6.86,	7.15,	
600000,	36.777,	64451,	85947,	95817,	53785,	53.89,	7.81,	7.68,	
650000,	40.031,	75616,	100017,	111016,	63347,	52.98,	6.02,	5.7,	
700000,	42.785,	75442,	100024,	111586,	62948,	53.52,	7.09,	7.75,	
750000,	45.546,	86365,	114408,	126762,	72461,	52.99,	6.09,	6.18,	
800000,	48.587,	85545,	115009,	128138,	71308,	53.31,	6.71,	6.56,	
850000,	51.755,	97477,	128382,	142641,	81496,	53.98,	8.03,	7.62,	
900000,	55.34,	95921,	129773,	144563,	79743,	53.6,	7.33,	7.01,	
950000,	58.505,	108255,	142589,	158513,	90639,	53.3,	6.59,	6.89,	
1000000,	62.199,	106711,	144026,	160503,	88760,	53.46,	6.95,	6.86,	

1000000,	62.199,	214966,	286615,	319016,	179399,	53.4,	6.86,	6.89,	





OzaBoostAdaHT-RandomRBF
Speed Change:,	0.01,	Centroids:,	100,	DriftCentroid:	100
GracePeriod:,	200,	TieThreshold:,	0.05,	BinarySplit:,	false,	BaseClassifier:,	HT,	
EnsembleSize:,	5
Count,	Time,	TP,	FN,	TN,	FP,	Accu,	Kappa,	Kpa_t,	Mem,	Depth,	TSize,	DcNod,	ActLf,	InacLf,	Reset,	Alter,	Switch,	Prune,	ClOp0,	ClOp1,	ClOp2,	ClOp3
50000,	3.975,	13786,	11257,	13894,	11059,	55.36,	10.72,	10.28,	
100000,	8.951,	13172,	11835,	13864,	11129,	54.07,	8.14,	7.71,	
150000,	14.178,	27172,	22887,	27681,	22256,	54.35,	8.69,	9.48,	
200000,	19.271,	26446,	23642,	27526,	22386,	53.87,	7.75,	8.03,	
250000,	24.692,	40625,	34707,	41124,	33540,	53.79,	7.59,	7.66,	
300000,	29.722,	40522,	34816,	40784,	33878,	54.67,	9.32,	9.81,	
350000,	35.116,	53984,	46379,	54829,	44804,	54.13,	8.26,	8.84,	
400000,	40.693,	53719,	46522,	54691,	45068,	54.21,	8.41,	9.05,	
450000,	46.689,	66980,	58500,	68476,	56040,	53.29,	6.59,	6.29,	
500000,	53.057,	66847,	58512,	68278,	56363,	53.43,	6.87,	6.37,	
550000,	59.458,	80597,	69949,	81243,	68207,	52.77,	5.53,	5.87,	
600000,	65.621,	80227,	70171,	81761,	67841,	53.73,	7.45,	7.35,	
650000,	71.605,	93679,	81954,	94964,	79399,	53.61,	7.22,	6.96,	
700000,	77.646,	93517,	81949,	95117,	79417,	53.29,	6.59,	7.3,	
750000,	83.915,	106958,	93816,	108310,	90912,	53.25,	6.5,	6.7,	
800000,	90.408,	106312,	94242,	108819,	90627,	52.99,	6.0,	5.93,	
850000,	97.18,	119953,	105906,	121784,	102353,	52.94,	5.88,	5.53,	
900000,	104.108,	119100,	106593,	122543,	101764,	53.02,	6.07,	5.85,	
950000,	110.488,	132833,	118011,	135857,	113295,	53.91,	7.81,	8.1,	
1000000,	117.18,	132143,	118593,	136462,	112802,	53.92,	7.85,	7.79,	

1000000,	117.18,	264976,	236604,	272319,	226097,	53.73,	7.46,	7.55,	





OzaBoostAdaHT-RandomRBF
Speed Change:,	0.01,	Centroids:,	100,	DriftCentroid:	100
GracePeriod:,	200,	TieThreshold:,	0.1,	BinarySplit:,	false,	BaseClassifier:,	HT,	
EnsembleSize:,	5
Count,	Time,	TP,	FN,	TN,	FP,	Accu,	Kappa,	Kpa_t,	Mem,	Depth,	TSize,	DcNod,	ActLf,	InacLf,	Reset,	Alter,	Switch,	Prune,	ClOp0,	ClOp1,	ClOp2,	ClOp3
50000,	5.559,	14033,	11008,	14097,	10858,	56.26,	12.52,	12.08,	
100000,	12.676,	13950,	11055,	13400,	11595,	54.7,	9.4,	8.97,	
150000,	20.581,	27807,	22249,	27082,	22858,	53.52,	7.03,	7.84,	
200000,	28.953,	27810,	22274,	26405,	23511,	53.73,	7.45,	7.75,	
250000,	36.62,	41880,	33447,	40074,	34595,	54.13,	8.23,	8.34,	
300000,	44.673,	42015,	33319,	39460,	35206,	54.52,	9.01,	9.52,	
350000,	52.753,	55884,	44475,	53328,	46309,	54.52,	9.03,	9.61,	
400000,	61.088,	55842,	44394,	52480,	47284,	53.69,	7.4,	8.03,	
450000,	69.776,	69823,	55654,	66321,	58198,	53.86,	7.71,	7.45,	
500000,	78.644,	69835,	55520,	65769,	58876,	54.56,	9.12,	8.65,	
550000,	85.994,	83791,	66749,	79682,	69774,	54.66,	9.31,	9.64,	
600000,	94.027,	83610,	66784,	79134,	70472,	54.28,	8.56,	8.46,	
650000,	101.679,	97599,	78029,	93223,	81145,	54.7,	9.39,	9.15,	
700000,	108.67,	97869,	77596,	92799,	81736,	55.85,	11.69,	12.37,	
750000,	115.707,	111765,	89004,	106708,	92519,	55.3,	10.59,	10.8,	
800000,	123.107,	111858,	88695,	106163,	93284,	54.71,	9.41,	9.36,	
850000,	130.528,	125506,	100348,	120103,	104039,	54.27,	8.54,	8.21,	
900000,	138.491,	125766,	99926,	119334,	104974,	54.16,	8.3,	8.12,	
950000,	147.105,	139114,	111725,	133763,	115394,	54.54,	9.07,	9.35,	
1000000,	154.861,	139445,	111290,	133056,	116209,	54.8,	9.6,	9.54,	

1000000,	154.861,	278559,	223015,	266819,	231603,	54.54,	9.07,	9.16,	





OzaBoostAdaHT-RandomRBF
Speed Change:,	0.01,	Centroids:,	100,	DriftCentroid:	100
GracePeriod:,	200,	TieThreshold:,	0.01,	BinarySplit:,	true,	BaseClassifier:,	HT,	
EnsembleSize:,	5
Count,	Time,	TP,	FN,	TN,	FP,	Accu,	Kappa,	Kpa_t,	Mem,	Depth,	TSize,	DcNod,	ActLf,	InacLf,	Reset,	Alter,	Switch,	Prune,	ClOp0,	ClOp1,	ClOp2,	ClOp3
50000,	1.718,	9900,	15143,	16529,	8424,	52.86,	5.76,	5.25,	
100000,	4.499,	10281,	14726,	16272,	8721,	53.11,	6.22,	5.77,	
150000,	7.56,	20548,	29511,	32713,	17224,	53.66,	7.34,	8.13,	
200000,	10.438,	20942,	29146,	32158,	17754,	53.09,	6.25,	6.48,	
250000,	13.939,	32172,	43160,	47788,	26876,	53.4,	6.95,	6.87,	
300000,	16.734,	32555,	42783,	47114,	27548,	53.14,	6.41,	6.77,	
350000,	19.75,	42510,	57853,	64036,	35597,	53.17,	6.37,	6.94,	
400000,	23.142,	42883,	57358,	63591,	36168,	53.61,	7.13,	7.86,	
450000,	27.189,	53475,	72005,	79964,	44552,	53.79,	7.66,	7.29,	
500000,	30.49,	53496,	71863,	79827,	44814,	53.7,	7.5,	6.91,	
550000,	33.994,	64718,	85827,	95426,	54025,	53.41,	6.86,	7.15,	
600000,	37.22,	64451,	85947,	95817,	53785,	53.89,	7.81,	7.68,	
650000,	40.462,	75616,	100017,	111016,	63347,	52.98,	6.02,	5.7,	
700000,	43.201,	75442,	100024,	111586,	62948,	53.52,	7.09,	7.75,	
750000,	45.954,	86365,	114408,	126762,	72461,	52.99,	6.09,	6.18,	
800000,	48.958,	85545,	115009,	128138,	71308,	53.31,	6.71,	6.56,	
850000,	52.157,	97477,	128382,	142641,	81496,	53.98,	8.03,	7.62,	
900000,	55.754,	95921,	129773,	144563,	79743,	53.6,	7.33,	7.01,	
950000,	58.962,	108255,	142589,	158513,	90639,	53.3,	6.59,	6.89,	
1000000,	62.663,	106711,	144026,	160503,	88760,	53.46,	6.95,	6.86,	

1000000,	62.663,	214966,	286615,	319016,	179399,	53.4,	6.86,	6.89,	





OzaBoostAdaHT-RandomRBF
Speed Change:,	0.01,	Centroids:,	100,	DriftCentroid:	100
GracePeriod:,	200,	TieThreshold:,	0.01,	BinarySplit:,	true,	BaseClassifier:,	HT,	
EnsembleSize:,	5
Count,	Time,	TP,	FN,	TN,	FP,	Accu,	Kappa,	Kpa_t,	Mem,	Depth,	TSize,	DcNod,	ActLf,	InacLf,	Reset,	Alter,	Switch,	Prune,	ClOp0,	ClOp1,	ClOp2,	ClOp3
50000,	1.722,	9900,	15143,	16529,	8424,	52.86,	5.76,	5.25,	
100000,	4.439,	10281,	14726,	16272,	8721,	53.11,	6.22,	5.77,	
150000,	7.472,	20548,	29511,	32713,	17224,	53.66,	7.34,	8.13,	
200000,	10.342,	20942,	29146,	32158,	17754,	53.09,	6.25,	6.48,	
250000,	13.86,	32172,	43160,	47788,	26876,	53.4,	6.95,	6.87,	
300000,	16.618,	32555,	42783,	47114,	27548,	53.14,	6.41,	6.77,	
350000,	19.597,	42510,	57853,	64036,	35597,	53.17,	6.37,	6.94,	
400000,	22.975,	42883,	57358,	63591,	36168,	53.61,	7.13,	7.86,	
450000,	26.963,	53475,	72005,	79964,	44552,	53.79,	7.66,	7.29,	
500000,	30.301,	53496,	71863,	79827,	44814,	53.7,	7.5,	6.91,	
550000,	33.832,	64718,	85827,	95426,	54025,	53.41,	6.86,	7.15,	
600000,	36.978,	64451,	85947,	95817,	53785,	53.89,	7.81,	7.68,	
650000,	40.174,	75616,	100017,	111016,	63347,	52.98,	6.02,	5.7,	
700000,	42.885,	75442,	100024,	111586,	62948,	53.52,	7.09,	7.75,	
750000,	45.651,	86365,	114408,	126762,	72461,	52.99,	6.09,	6.18,	
800000,	48.665,	85545,	115009,	128138,	71308,	53.31,	6.71,	6.56,	
850000,	51.866,	97477,	128382,	142641,	81496,	53.98,	8.03,	7.62,	
900000,	55.444,	95921,	129773,	144563,	79743,	53.6,	7.33,	7.01,	
950000,	58.599,	108255,	142589,	158513,	90639,	53.3,	6.59,	6.89,	
1000000,	62.266,	106711,	144026,	160503,	88760,	53.46,	6.95,	6.86,	

1000000,	62.266,	214966,	286615,	319016,	179399,	53.4,	6.86,	6.89,	





OzaBoostAdaHT-RandomRBF
Speed Change:,	0.01,	Centroids:,	100,	DriftCentroid:	100
GracePeriod:,	200,	TieThreshold:,	0.01,	BinarySplit:,	true,	BaseClassifier:,	HT,	
EnsembleSize:,	5
Count,	Time,	TP,	FN,	TN,	FP,	Accu,	Kappa,	Kpa_t,	Mem,	Depth,	TSize,	DcNod,	ActLf,	InacLf,	Reset,	Alter,	Switch,	Prune,	ClOp0,	ClOp1,	ClOp2,	ClOp3
50000,	1.728,	9900,	15143,	16529,	8424,	52.86,	5.76,	5.25,	
100000,	4.466,	10281,	14726,	16272,	8721,	53.11,	6.22,	5.77,	
150000,	7.491,	20548,	29511,	32713,	17224,	53.66,	7.34,	8.13,	
200000,	10.34,	20942,	29146,	32158,	17754,	53.09,	6.25,	6.48,	
250000,	13.825,	32172,	43160,	47788,	26876,	53.4,	6.95,	6.87,	
300000,	16.604,	32555,	42783,	47114,	27548,	53.14,	6.41,	6.77,	
350000,	19.621,	42510,	57853,	64036,	35597,	53.17,	6.37,	6.94,	
400000,	22.993,	42883,	57358,	63591,	36168,	53.61,	7.13,	7.86,	
450000,	26.999,	53475,	72005,	79964,	44552,	53.79,	7.66,	7.29,	
500000,	30.263,	53496,	71863,	79827,	44814,	53.7,	7.5,	6.91,	
550000,	33.758,	64718,	85827,	95426,	54025,	53.41,	6.86,	7.15,	
600000,	36.887,	64451,	85947,	95817,	53785,	53.89,	7.81,	7.68,	
650000,	40.104,	75616,	100017,	111016,	63347,	52.98,	6.02,	5.7,	
700000,	42.821,	75442,	100024,	111586,	62948,	53.52,	7.09,	7.75,	
750000,	45.615,	86365,	114408,	126762,	72461,	52.99,	6.09,	6.18,	
800000,	48.684,	85545,	115009,	128138,	71308,	53.31,	6.71,	6.56,	
850000,	51.909,	97477,	128382,	142641,	81496,	53.98,	8.03,	7.62,	
900000,	55.502,	95921,	129773,	144563,	79743,	53.6,	7.33,	7.01,	
950000,	58.67,	108255,	142589,	158513,	90639,	53.3,	6.59,	6.89,	
1000000,	62.315,	106711,	144026,	160503,	88760,	53.46,	6.95,	6.86,	

1000000,	62.315,	214966,	286615,	319016,	179399,	53.4,	6.86,	6.89,	





OzaBoostAdaHT-RandomRBF
Speed Change:,	0.01,	Centroids:,	100,	DriftCentroid:	100
GracePeriod:,	200,	TieThreshold:,	0.01,	BinarySplit:,	true,	BaseClassifier:,	HT,	
EnsembleSize:,	5
Count,	Time,	TP,	FN,	TN,	FP,	Accu,	Kappa,	Kpa_t,	Mem,	Depth,	TSize,	DcNod,	ActLf,	InacLf,	Reset,	Alter,	Switch,	Prune,	ClOp0,	ClOp1,	ClOp2,	ClOp3
50000,	1.711,	9900,	15143,	16529,	8424,	52.86,	5.76,	5.25,	
100000,	4.41,	10281,	14726,	16272,	8721,	53.11,	6.22,	5.77,	
150000,	7.469,	20548,	29511,	32713,	17224,	53.66,	7.34,	8.13,	
200000,	10.302,	20942,	29146,	32158,	17754,	53.09,	6.25,	6.48,	
250000,	13.825,	32172,	43160,	47788,	26876,	53.4,	6.95,	6.87,	
300000,	16.561,	32555,	42783,	47114,	27548,	53.14,	6.41,	6.77,	
350000,	19.499,	42510,	57853,	64036,	35597,	53.17,	6.37,	6.94,	
400000,	22.82,	42883,	57358,	63591,	36168,	53.61,	7.13,	7.86,	
450000,	26.803,	53475,	72005,	79964,	44552,	53.79,	7.66,	7.29,	
500000,	30.072,	53496,	71863,	79827,	44814,	53.7,	7.5,	6.91,	
550000,	33.507,	64718,	85827,	95426,	54025,	53.41,	6.86,	7.15,	
600000,	36.619,	64451,	85947,	95817,	53785,	53.89,	7.81,	7.68,	
650000,	39.815,	75616,	100017,	111016,	63347,	52.98,	6.02,	5.7,	
700000,	42.49,	75442,	100024,	111586,	62948,	53.52,	7.09,	7.75,	
750000,	45.203,	86365,	114408,	126762,	72461,	52.99,	6.09,	6.18,	
800000,	48.204,	85545,	115009,	128138,	71308,	53.31,	6.71,	6.56,	
850000,	51.387,	97477,	128382,	142641,	81496,	53.98,	8.03,	7.62,	
900000,	54.947,	95921,	129773,	144563,	79743,	53.6,	7.33,	7.01,	
950000,	58.113,	108255,	142589,	158513,	90639,	53.3,	6.59,	6.89,	
1000000,	61.793,	106711,	144026,	160503,	88760,	53.46,	6.95,	6.86,	

1000000,	61.793,	214966,	286615,	319016,	179399,	53.4,	6.86,	6.89,	





OzaBoostAdaHT-RandomRBF
Speed Change:,	0.01,	Centroids:,	100,	DriftCentroid:	100
GracePeriod:,	200,	TieThreshold:,	0.01,	BinarySplit:,	true,	BaseClassifier:,	HT,	
EnsembleSize:,	5
Count,	Time,	TP,	FN,	TN,	FP,	Accu,	Kappa,	Kpa_t,	Mem,	Depth,	TSize,	DcNod,	ActLf,	InacLf,	Reset,	Alter,	Switch,	Prune,	ClOp0,	ClOp1,	ClOp2,	ClOp3
50000,	1.708,	9900,	15143,	16529,	8424,	52.86,	5.76,	5.25,	
100000,	4.454,	10281,	14726,	16272,	8721,	53.11,	6.22,	5.77,	
150000,	7.528,	20548,	29511,	32713,	17224,	53.66,	7.34,	8.13,	
200000,	10.453,	20942,	29146,	32158,	17754,	53.09,	6.25,	6.48,	
250000,	13.934,	32172,	43160,	47788,	26876,	53.4,	6.95,	6.87,	
300000,	16.673,	32555,	42783,	47114,	27548,	53.14,	6.41,	6.77,	
350000,	19.665,	42510,	57853,	64036,	35597,	53.17,	6.37,	6.94,	
400000,	23.041,	42883,	57358,	63591,	36168,	53.61,	7.13,	7.86,	
450000,	26.999,	53475,	72005,	79964,	44552,	53.79,	7.66,	7.29,	
500000,	30.257,	53496,	71863,	79827,	44814,	53.7,	7.5,	6.91,	
550000,	33.781,	64718,	85827,	95426,	54025,	53.41,	6.86,	7.15,	
600000,	36.922,	64451,	85947,	95817,	53785,	53.89,	7.81,	7.68,	
650000,	40.13,	75616,	100017,	111016,	63347,	52.98,	6.02,	5.7,	
700000,	42.808,	75442,	100024,	111586,	62948,	53.52,	7.09,	7.75,	
750000,	45.538,	86365,	114408,	126762,	72461,	52.99,	6.09,	6.18,	
800000,	48.559,	85545,	115009,	128138,	71308,	53.31,	6.71,	6.56,	
850000,	51.75,	97477,	128382,	142641,	81496,	53.98,	8.03,	7.62,	
900000,	55.409,	95921,	129773,	144563,	79743,	53.6,	7.33,	7.01,	
950000,	58.583,	108255,	142589,	158513,	90639,	53.3,	6.59,	6.89,	
1000000,	62.238,	106711,	144026,	160503,	88760,	53.46,	6.95,	6.86,	

1000000,	62.238,	214966,	286615,	319016,	179399,	53.4,	6.86,	6.89,	





