OzaBoostAdaHT-ProcessRBF
Speed Change:,	0.0,	Centroids:,	100,	DriftCentroid:	100
GracePeriod:,	200,	TieThreshold:,	0.05,	BinarySplit:,	false,	BaseClassifier:,	HT,	
EnsembleSize:,	1
Count,	Time,	TP,	FN,	TN,	FP,	Accu,	Kappa,	Kpa_t,	Mem,	Depth,	TSize,	DcNod,	ActLf,	InacLf,	Reset,	Alter,	Switch,	Prune,	ClOp0,	ClOp1,	ClOp2,	ClOp3
50000,	6.676,	14531,	4444,	27028,	3833,	83.23,	64.26,	64.25,	
100000,	11.948,	16544,	2113,	28485,	2455,	90.66,	80.25,	80.06,	
150000,	16.739,	31397,	6411,	56081,	5741,	92.06,	83.14,	83.14,	
200000,	21.171,	32975,	4077,	58029,	3957,	92.98,	85.01,	84.95,	
250000,	25.084,	46418,	8395,	85212,	7393,	92.58,	84.27,	84.38,	
300000,	28.547,	47462,	5975,	87456,	5514,	92.94,	84.96,	84.92,	
350000,	31.551,	61723,	10307,	114762,	8755,	93.32,	85.75,	85.67,	
400000,	34.073,	62370,	7826,	117028,	6819,	93.57,	86.3,	86.24,	
450000,	36.104,	75659,	12183,	144330,	9993,	93.67,	86.52,	86.67,	
500000,	37.614,	75656,	9469,	146974,	8078,	94.1,	87.36,	87.42,	
550000,	39.674,	87944,	13857,	174126,	11250,	94.05,	87.3,	87.41,	
600000,	45.992,	87650,	11202,	176807,	9349,	93.87,	86.9,	86.92,	
650000,	51.723,	100254,	15598,	203935,	12443,	93.99,	87.16,	87.29,	
700000,	56.839,	99748,	12873,	206427,	10533,	94.16,	87.59,	87.75,	
750000,	61.366,	111589,	17245,	233982,	13516,	94.46,	88.13,	88.13,	
800000,	65.448,	111966,	14530,	236356,	11721,	94.2,	87.59,	87.64,	
850000,	69.05,	123231,	18897,	263902,	14665,	94.29,	87.79,	87.76,	
900000,	72.17,	123683,	16074,	266270,	12912,	94.47,	88.2,	88.25,	
950000,	74.802,	134784,	20469,	293846,	15772,	94.58,	88.42,	88.51,	
1000000,	76.938,	135168,	17645,	296242,	14026,	94.54,	88.33,	88.38,	

1000000,	76.938,	269952,	38114,	590088,	29798,	93.09,	85.25,	85.29,	
Pool,	TP,	FN,	TN,	FP
1,	6813,	4389,	5377,	1449,	
2,	11049,	1706,	56038,	3589,	
3,	70800,	11644,	72135,	5963,	
4,	66960,	11029,	187568,	10573,	
5,	114330,	9346,	268970,	8224,	





OzaBoostAdaHT-ProcessRBF
Speed Change:,	0.0,	Centroids:,	100,	DriftCentroid:	100
GracePeriod:,	200,	TieThreshold:,	0.05,	BinarySplit:,	false,	BaseClassifier:,	HT,	
EnsembleSize:,	2
Count,	Time,	TP,	FN,	TN,	FP,	Accu,	Kappa,	Kpa_t,	Mem,	Depth,	TSize,	DcNod,	ActLf,	InacLf,	Reset,	Alter,	Switch,	Prune,	ClOp0,	ClOp1,	ClOp2,	ClOp3
50000,	7.409,	18393,	3977,	24048,	3573,	84.89,	69.4,	69.58,	
100000,	13.374,	19845,	2342,	25094,	2718,	89.88,	79.54,	79.63,	
150000,	18.841,	38132,	6360,	49416,	6083,	90.21,	80.18,	80.17,	
200000,	23.902,	39377,	4768,	50947,	4907,	90.77,	81.24,	81.23,	
250000,	28.554,	57802,	8712,	75353,	8123,	91.21,	82.15,	82.14,	
300000,	32.677,	59631,	6680,	76729,	6959,	92.07,	83.95,	83.86,	
350000,	36.356,	77880,	10679,	101334,	10091,	92.13,	84.03,	84.0,	
400000,	39.678,	80015,	8616,	102370,	8928,	92.19,	84.21,	84.15,	
450000,	42.484,	97854,	12567,	127292,	12072,	92.26,	84.31,	84.39,	
500000,	44.875,	99192,	10523,	128427,	10823,	92.39,	84.57,	84.53,	
550000,	47.704,	117966,	14434,	153383,	13957,	92.49,	84.77,	84.82,	
600000,	54.766,	119549,	12357,	154363,	12695,	92.59,	84.99,	84.94,	
650000,	61.248,	138011,	16355,	179577,	15744,	92.58,	84.94,	84.89,	
700000,	67.198,	139861,	14154,	180250,	14494,	92.81,	85.45,	85.5,	
750000,	72.673,	157876,	18120,	205400,	17608,	92.74,	85.32,	85.36,	
800000,	77.697,	159953,	15938,	206215,	16292,	92.83,	85.49,	85.48,	
850000,	82.226,	177829,	19804,	231495,	19399,	93.05,	85.92,	85.93,	
900000,	86.28,	179566,	17633,	232408,	18052,	93.09,	85.99,	85.87,	
950000,	89.891,	196617,	21480,	257433,	21319,	92.81,	85.44,	85.39,	
1000000,	92.921,	198950,	19161,	258359,	19912,	93.22,	86.3,	86.23,	

1000000,	92.921,	395567,	40641,	515792,	41231,	91.81,	83.41,	83.4,	
Pool,	TP,	FN,	TN,	FP
1,	6746,	2431,	6017,	3004,	
2,	27318,	4875,	34241,	6317,	
3,	39847,	7784,	97802,	15963,	
4,	166137,	12086,	103093,	6576,	
5,	155519,	13465,	274639,	9371,	





OzaBoostAdaHT-ProcessRBF
Speed Change:,	0.0,	Centroids:,	100,	DriftCentroid:	100
GracePeriod:,	200,	TieThreshold:,	0.05,	BinarySplit:,	false,	BaseClassifier:,	HT,	
EnsembleSize:,	3
Count,	Time,	TP,	FN,	TN,	FP,	Accu,	Kappa,	Kpa_t,	Mem,	Depth,	TSize,	DcNod,	ActLf,	InacLf,	Reset,	Alter,	Switch,	Prune,	ClOp0,	ClOp1,	ClOp2,	ClOp3
50000,	8.4,	24907,	3542,	17039,	4494,	83.91,	67.01,	67.22,	
100000,	14.984,	26056,	2320,	18531,	3093,	89.17,	77.85,	77.98,	
150000,	21.164,	51124,	5750,	35846,	7262,	90.05,	79.65,	79.67,	
200000,	26.908,	52090,	4496,	37730,	5684,	90.47,	80.57,	80.63,	
250000,	32.268,	77461,	7789,	55049,	9683,	91.08,	81.79,	81.81,	
300000,	37.18,	78040,	6533,	57303,	8124,	91.05,	81.8,	81.86,	
350000,	41.57,	103737,	9706,	74442,	12097,	91.34,	82.34,	82.31,	
400000,	45.611,	104485,	8342,	76814,	10358,	91.91,	83.51,	83.61,	
450000,	49.168,	130277,	11580,	93690,	14435,	91.58,	82.79,	82.77,	
500000,	52.203,	131051,	10145,	96205,	12597,	91.92,	83.49,	83.52,	
550000,	55.632,	156497,	13393,	113124,	16635,	91.97,	83.62,	83.5,	
600000,	63.501,	157076,	11874,	115924,	14744,	92.25,	84.21,	84.29,	
650000,	70.689,	182941,	15119,	132706,	18877,	92.06,	83.82,	83.73,	
700000,	77.412,	183600,	13587,	135584,	16847,	92.37,	84.44,	84.39,	
750000,	83.667,	209100,	16753,	152297,	20947,	92.59,	84.88,	84.85,	
800000,	89.448,	209141,	15289,	155286,	18915,	92.46,	84.63,	84.54,	
850000,	94.781,	235156,	18453,	171939,	22930,	92.63,	84.97,	84.98,	
900000,	99.688,	234687,	16979,	175069,	21000,	92.45,	84.63,	84.58,	
950000,	104.158,	261422,	20205,	191615,	24998,	92.36,	84.43,	84.43,	
1000000,	108.139,	260586,	18637,	194707,	22992,	92.7,	85.1,	85.19,	

1000000,	108.139,	522008,	38842,	386322,	47990,	91.32,	82.28,	82.29,	
Pool,	TP,	FN,	TN,	FP
1,	6359,	1848,	7395,	2621,	
2,	33075,	2425,	34353,	2828,	
3,	106401,	8705,	43884,	4680,	
4,	187162,	8805,	82771,	7679,	
5,	189011,	17059,	217919,	30182,	





OzaBoostAdaHT-ProcessRBF
Speed Change:,	0.0,	Centroids:,	100,	DriftCentroid:	100
GracePeriod:,	200,	TieThreshold:,	0.05,	BinarySplit:,	false,	BaseClassifier:,	HT,	
EnsembleSize:,	4
Count,	Time,	TP,	FN,	TN,	FP,	Accu,	Kappa,	Kpa_t,	Mem,	Depth,	TSize,	DcNod,	ActLf,	InacLf,	Reset,	Alter,	Switch,	Prune,	ClOp0,	ClOp1,	ClOp2,	ClOp3
50000,	8.504,	21895,	3270,	21267,	3559,	86.33,	72.66,	72.46,	
100000,	15.638,	22867,	2185,	22624,	2324,	90.98,	81.96,	81.96,	
150000,	22.313,	45167,	5190,	44106,	5528,	92.22,	84.44,	84.44,	
200000,	28.639,	46065,	3925,	45837,	4173,	92.82,	85.64,	85.77,	
250000,	34.546,	68351,	7031,	67388,	7221,	92.93,	85.86,	85.73,	
300000,	40.129,	69461,	5688,	68966,	5885,	93.05,	86.1,	86.09,	
350000,	45.189,	91864,	8629,	90476,	9022,	93.2,	86.4,	86.41,	
400000,	49.801,	92816,	7225,	92418,	7541,	93.61,	87.23,	87.22,	
450000,	54.042,	115503,	10281,	113557,	10650,	93.44,	86.88,	86.92,	
500000,	57.893,	116439,	8770,	115606,	9185,	93.62,	87.24,	87.2,	
550000,	61.933,	138774,	11891,	136971,	12354,	93.37,	86.74,	86.7,	
600000,	70.488,	139857,	10366,	138943,	10834,	93.51,	87.02,	87.17,	
650000,	78.408,	162390,	13409,	160185,	14006,	93.66,	87.32,	87.28,	
700000,	85.784,	163452,	11922,	162208,	12418,	93.72,	87.44,	87.45,	
750000,	92.726,	186007,	14956,	183447,	15580,	93.76,	87.52,	87.51,	
800000,	99.238,	186954,	13465,	185581,	14000,	93.75,	87.5,	87.44,	
850000,	105.352,	209420,	16440,	206962,	17168,	93.86,	87.71,	87.71,	
900000,	110.898,	210516,	14953,	208998,	15533,	93.96,	87.92,	87.93,	
950000,	115.942,	232865,	17871,	230505,	18749,	93.98,	87.95,	87.91,	
1000000,	120.584,	234248,	16476,	232170,	17106,	93.81,	87.61,	87.55,	

1000000,	120.584,	467113,	34347,	462675,	35855,	92.98,	85.96,	85.95,	
Pool,	TP,	FN,	TN,	FP
1,	8340,	1131,	7238,	1467,	
2,	34439,	3880,	28996,	5427,	
3,	85277,	12030,	58613,	7689,	
4,	166624,	11917,	105873,	6360,	
5,	172433,	5389,	261955,	14912,	





OzaBoostAdaHT-ProcessRBF
Speed Change:,	0.0,	Centroids:,	100,	DriftCentroid:	100
GracePeriod:,	200,	TieThreshold:,	0.05,	BinarySplit:,	false,	BaseClassifier:,	HT,	
EnsembleSize:,	5
Count,	Time,	TP,	FN,	TN,	FP,	Accu,	Kappa,	Kpa_t,	Mem,	Depth,	TSize,	DcNod,	ActLf,	InacLf,	Reset,	Alter,	Switch,	Prune,	ClOp0,	ClOp1,	ClOp2,	ClOp3
50000,	9.286,	23036,	3274,	20036,	3640,	86.16,	72.22,	72.15,	
100000,	17.394,	24141,	2046,	21782,	2031,	91.85,	83.66,	83.63,	
150000,	24.97,	47642,	4984,	41801,	5559,	92.74,	85.44,	85.35,	
200000,	32.091,	48604,	3745,	43983,	3668,	93.33,	86.63,	86.63,	
250000,	38.806,	72458,	6417,	63943,	7168,	93.92,	87.8,	87.69,	
300000,	45.102,	73423,	5209,	66138,	5230,	93.95,	87.86,	87.81,	
350000,	51.013,	97073,	7854,	86289,	8770,	93.92,	87.82,	87.76,	
400000,	56.515,	98199,	6639,	88244,	6918,	93.76,	87.49,	87.53,	
450000,	61.425,	121977,	9266,	108439,	10304,	94.11,	88.18,	88.24,	
500000,	65.757,	123132,	8078,	110291,	8499,	93.96,	87.88,	87.88,	
550000,	70.627,	146809,	10673,	130583,	11921,	93.95,	87.87,	87.78,	
600000,	79.956,	147863,	9463,	132644,	10030,	94.17,	88.31,	88.27,	
650000,	88.732,	171822,	12056,	152676,	13432,	94.21,	88.38,	88.41,	
700000,	96.927,	172887,	10847,	154775,	11491,	94.31,	88.58,	88.54,	
750000,	104.559,	196863,	13327,	174906,	14890,	94.54,	89.05,	89.05,	
800000,	111.775,	197851,	12171,	177089,	12889,	94.56,	89.08,	89.11,	
850000,	118.666,	221710,	14595,	197322,	16359,	94.53,	89.03,	88.96,	
900000,	125.05,	222833,	13412,	199383,	14360,	94.58,	89.12,	89.17,	
950000,	130.816,	246410,	15960,	219759,	17857,	94.27,	88.52,	88.52,	
1000000,	135.988,	247684,	14841,	221682,	15781,	94.3,	88.57,	88.52,	

1000000,	135.988,	494094,	30801,	441441,	33638,	93.56,	87.07,	87.05,	
Pool,	TP,	FN,	TN,	FP
1,	8927,	1531,	5810,	1861,	
2,	33548,	3418,	32553,	3267,	
3,	40375,	4873,	111436,	6966,	
4,	130476,	9959,	140062,	10435,	
5,	280768,	11020,	151580,	11109,	





OzaBoostAdaHT-ProcessRBF
Speed Change:,	0.0,	Centroids:,	100,	DriftCentroid:	100
GracePeriod:,	200,	TieThreshold:,	0.05,	BinarySplit:,	false,	BaseClassifier:,	HT,	
EnsembleSize:,	6
Count,	Time,	TP,	FN,	TN,	FP,	Accu,	Kappa,	Kpa_t,	Mem,	Depth,	TSize,	DcNod,	ActLf,	InacLf,	Reset,	Alter,	Switch,	Prune,	ClOp0,	ClOp1,	ClOp2,	ClOp3
50000,	9.377,	22356,	3363,	20582,	3695,	85.88,	71.72,	71.75,	
100000,	17.593,	23459,	2138,	21948,	2455,	90.81,	81.61,	81.64,	
150000,	25.525,	45979,	5287,	42714,	6016,	91.51,	83.01,	83.06,	
200000,	33.123,	47317,	4029,	44022,	4632,	91.86,	83.71,	83.64,	
250000,	40.286,	69750,	7128,	65086,	8032,	92.29,	84.56,	84.49,	
300000,	47.151,	71087,	5798,	66535,	6580,	92.57,	85.12,	85.07,	
350000,	53.571,	93661,	8798,	87574,	9963,	92.8,	85.58,	85.52,	
400000,	59.516,	95159,	7521,	88826,	8494,	92.73,	85.43,	85.43,	
450000,	65.04,	117709,	10381,	110092,	11814,	93.13,	86.25,	86.24,	
500000,	70.074,	119053,	9115,	111518,	10314,	93.17,	86.34,	86.27,	
550000,	75.722,	141599,	12033,	132712,	13652,	93.02,	86.03,	86.08,	
600000,	85.482,	143115,	10703,	134068,	12114,	93.22,	86.44,	86.45,	
650000,	94.736,	165869,	13699,	155017,	15411,	93.15,	86.28,	86.22,	
700000,	103.529,	167100,	12283,	156698,	13919,	93.23,	86.45,	86.35,	
750000,	112.066,	189700,	15296,	177767,	17233,	93.16,	86.32,	86.25,	
800000,	120.077,	191373,	13806,	179246,	15575,	93.64,	87.27,	87.26,	
850000,	127.592,	213802,	16844,	200351,	18999,	93.37,	86.73,	86.63,	
900000,	134.634,	215284,	15361,	201997,	17323,	93.39,	86.78,	86.77,	
950000,	141.143,	237373,	18355,	222801,	20839,	93.3,	86.58,	86.59,	
1000000,	147.204,	239579,	16982,	224402,	19002,	93.4,	86.78,	86.71,	

1000000,	147.204,	476952,	35337,	447203,	39841,	92.48,	84.95,	84.92,	
Pool,	TP,	FN,	TN,	FP
1,	7206,	1870,	6636,	2480,	
2,	38526,	3961,	26174,	4115,	
3,	83035,	8211,	65635,	6826,	
4,	136018,	11730,	133056,	10009,	
5,	212167,	9565,	215702,	16411,	





OzaBoostAdaHT-ProcessRBF
Speed Change:,	0.0,	Centroids:,	100,	DriftCentroid:	100
GracePeriod:,	200,	TieThreshold:,	0.05,	BinarySplit:,	false,	BaseClassifier:,	HT,	
EnsembleSize:,	7
Count,	Time,	TP,	FN,	TN,	FP,	Accu,	Kappa,	Kpa_t,	Mem,	Depth,	TSize,	DcNod,	ActLf,	InacLf,	Reset,	Alter,	Switch,	Prune,	ClOp0,	ClOp1,	ClOp2,	ClOp3
50000,	10.035,	25194,	2998,	18163,	3640,	86.72,	72.91,	72.95,	
100000,	19.125,	25712,	2052,	19803,	2433,	91.03,	81.81,	81.88,	
150000,	27.974,	51121,	4971,	38066,	5837,	91.66,	83.07,	83.08,	
200000,	36.436,	51889,	3908,	39614,	4589,	91.98,	83.69,	83.69,	
250000,	44.518,	77264,	6755,	58057,	7919,	92.27,	84.3,	84.43,	
300000,	52.102,	78248,	5639,	59482,	6631,	92.45,	84.65,	84.66,	
350000,	59.223,	103607,	8511,	77903,	9974,	92.38,	84.49,	84.44,	
400000,	65.689,	104581,	7379,	79345,	8695,	92.39,	84.53,	84.49,	
450000,	71.78,	129843,	10216,	97955,	11981,	92.58,	84.92,	85.1,	
500000,	77.444,	131046,	8962,	99392,	10600,	93.02,	85.81,	85.84,	
550000,	83.629,	156152,	11833,	118077,	13933,	92.86,	85.5,	85.49,	
600000,	94.494,	157464,	10532,	119488,	12516,	93.03,	85.83,	85.81,	
650000,	104.587,	182538,	13410,	138250,	15797,	93.12,	86.02,	86.09,	
700000,	114.248,	183654,	12103,	139875,	14368,	93.15,	86.12,	86.02,	
750000,	123.484,	208766,	15076,	158404,	17749,	92.76,	85.31,	85.33,	
800000,	132.458,	210039,	13730,	160000,	16231,	93.02,	85.82,	85.68,	
850000,	140.716,	235252,	16645,	178552,	19546,	93.27,	86.32,	86.26,	
900000,	148.23,	236549,	15296,	180040,	18115,	93.1,	85.97,	86.06,	
950000,	155.394,	261837,	18192,	198472,	21494,	93.01,	85.77,	85.86,	
1000000,	162.075,	262963,	16886,	200066,	20085,	92.88,	85.52,	85.53,	

1000000,	162.075,	524800,	35078,	398538,	41579,	92.33,	84.42,	84.44,	
Pool,	TP,	FN,	TN,	FP
1,	10382,	1288,	5049,	1455,	
2,	30976,	2312,	33680,	5746,	
3,	82005,	8552,	65905,	7297,	
4,	131102,	7961,	136493,	15206,	
5,	270335,	14965,	157411,	11875,	





OzaBoostAdaHT-ProcessRBF
Speed Change:,	0.0,	Centroids:,	100,	DriftCentroid:	100
GracePeriod:,	200,	TieThreshold:,	0.05,	BinarySplit:,	false,	BaseClassifier:,	HT,	
EnsembleSize:,	8
Count,	Time,	TP,	FN,	TN,	FP,	Accu,	Kappa,	Kpa_t,	Mem,	Depth,	TSize,	DcNod,	ActLf,	InacLf,	Reset,	Alter,	Switch,	Prune,	ClOp0,	ClOp1,	ClOp2,	ClOp3
50000,	10.702,	22755,	2959,	21022,	3259,	87.56,	75.09,	75.02,	
100000,	20.245,	23650,	2049,	22172,	2129,	91.64,	83.27,	83.31,	
150000,	29.522,	46497,	4726,	43454,	5318,	92.35,	84.69,	84.84,	
200000,	38.463,	47623,	3862,	44462,	4053,	92.53,	85.04,	84.95,	
250000,	46.897,	70360,	6550,	65977,	7108,	92.77,	85.53,	85.59,	
300000,	54.917,	71461,	5540,	67214,	5785,	93.18,	86.35,	86.39,	
350000,	62.519,	94213,	8261,	88669,	8852,	93.09,	86.17,	86.07,	
400000,	69.722,	95617,	7181,	89676,	7526,	93.24,	86.46,	86.51,	
450000,	76.526,	118049,	9905,	111463,	10578,	93.26,	86.51,	86.53,	
500000,	82.814,	119526,	8765,	112534,	9175,	93.53,	87.06,	87.12,	
550000,	89.675,	142008,	11559,	134169,	12259,	93.33,	86.65,	86.62,	
600000,	101.016,	143598,	10420,	135214,	10768,	93.5,	87.0,	86.94,	
650000,	111.788,	166008,	13261,	156870,	13856,	93.4,	86.8,	86.74,	
700000,	122.093,	167750,	12016,	157856,	12378,	93.59,	87.16,	87.17,	
750000,	131.856,	190068,	14852,	179681,	15394,	93.74,	87.48,	87.56,	
800000,	140.978,	191717,	13665,	180634,	13984,	93.49,	86.97,	87.0,	
850000,	149.516,	214217,	16437,	202338,	17003,	93.61,	87.21,	87.17,	
900000,	157.731,	215886,	15234,	203235,	15645,	93.54,	87.07,	87.11,	
950000,	165.568,	238348,	18017,	224961,	18669,	93.51,	87.0,	86.93,	
1000000,	172.885,	240025,	16854,	225837,	17284,	93.48,	86.95,	86.96,	

1000000,	172.885,	478373,	34871,	450798,	35953,	92.92,	85.82,	85.83,	
Pool,	TP,	FN,	TN,	FP
1,	6757,	1726,	7924,	1778,	
2,	35238,	3845,	29684,	3968,	
3,	51160,	4641,	100315,	7334,	
4,	196069,	20297,	73538,	1087,	
5,	189149,	4362,	239337,	21786,	





OzaBoostAdaHT-ProcessRBF
Speed Change:,	0.0,	Centroids:,	100,	DriftCentroid:	100
GracePeriod:,	200,	TieThreshold:,	0.05,	BinarySplit:,	false,	BaseClassifier:,	HT,	
EnsembleSize:,	9
Count,	Time,	TP,	FN,	TN,	FP,	Accu,	Kappa,	Kpa_t,	Mem,	Depth,	TSize,	DcNod,	ActLf,	InacLf,	Reset,	Alter,	Switch,	Prune,	ClOp0,	ClOp1,	ClOp2,	ClOp3
50000,	11.457,	23259,	2864,	20417,	3452,	87.36,	74.64,	74.6,	
100000,	21.774,	23806,	2015,	22001,	2178,	91.61,	83.21,	83.23,	
150000,	31.822,	47224,	4793,	42566,	5409,	92.23,	84.44,	84.42,	
200000,	41.416,	47990,	3820,	44133,	4057,	92.63,	85.24,	85.34,	
250000,	50.602,	71718,	6498,	64483,	7293,	92.82,	85.61,	85.6,	
300000,	59.456,	72367,	5482,	66161,	5990,	92.81,	85.59,	85.66,	
350000,	68.033,	96325,	8057,	86459,	9151,	93.17,	86.29,	86.31,	
400000,	75.971,	96478,	7240,	88392,	7890,	92.68,	85.35,	85.26,	
450000,	83.455,	120454,	9743,	108731,	11064,	92.8,	85.58,	85.6,	
500000,	90.36,	120637,	8893,	110894,	9576,	93.32,	86.63,	86.63,	
550000,	97.834,	144873,	11436,	130921,	12762,	93.22,	86.41,	86.3,	
600000,	109.96,	145091,	10534,	133120,	11255,	93.36,	86.69,	86.72,	
650000,	121.352,	169322,	13104,	153004,	14562,	93.06,	86.1,	86.02,	
700000,	132.208,	169291,	12179,	155578,	12952,	93.32,	86.62,	86.65,	
750000,	142.615,	193765,	14691,	175306,	16230,	93.49,	86.96,	87.01,	
800000,	152.506,	193630,	13709,	178081,	14580,	93.68,	87.35,	87.41,	
850000,	162.043,	218129,	16327,	197619,	17917,	93.35,	86.69,	86.63,	
900000,	171.012,	218163,	15330,	200224,	16283,	93.35,	86.67,	86.58,	
950000,	179.553,	242600,	17932,	219858,	19602,	93.42,	86.81,	86.74,	
1000000,	187.622,	242636,	16917,	222556,	17891,	93.61,	87.2,	87.14,	

1000000,	187.622,	485236,	34849,	442414,	37493,	92.77,	85.5,	85.49,	
Pool,	TP,	FN,	TN,	FP
1,	8358,	1638,	6862,	1332,	
2,	26212,	3857,	36373,	6196,	
3,	101765,	7303,	47870,	6776,	
4,	132208,	12578,	135328,	10493,	
5,	216693,	9473,	215981,	12696,	





OzaBoostAdaHT-ProcessRBF
Speed Change:,	0.0,	Centroids:,	100,	DriftCentroid:	100
GracePeriod:,	200,	TieThreshold:,	0.05,	BinarySplit:,	false,	BaseClassifier:,	HT,	
EnsembleSize:,	10
Count,	Time,	TP,	FN,	TN,	FP,	Accu,	Kappa,	Kpa_t,	Mem,	Depth,	TSize,	DcNod,	ActLf,	InacLf,	Reset,	Alter,	Switch,	Prune,	ClOp0,	ClOp1,	ClOp2,	ClOp3
50000,	11.763,	19703,	2664,	25212,	2412,	89.84,	79.43,	79.37,	
100000,	22.402,	20295,	1825,	26176,	1704,	92.94,	85.69,	85.73,	
150000,	32.424,	40252,	4309,	51309,	4121,	93.29,	86.42,	86.34,	
200000,	42.218,	41180,	3326,	52314,	3180,	94.05,	87.96,	87.99,	
250000,	51.647,	61072,	5762,	77606,	5551,	94.23,	88.33,	88.38,	
300000,	60.853,	61710,	4837,	78826,	4627,	94.08,	88.0,	87.99,	
350000,	69.347,	81804,	7264,	103958,	6965,	94.17,	88.19,	88.25,	
400000,	77.591,	82508,	6321,	105127,	6044,	94.2,	88.25,	88.2,	
450000,	85.293,	102839,	8700,	130058,	8394,	94.27,	88.42,	88.39,	
500000,	92.364,	103373,	7740,	131448,	7439,	94.37,	88.61,	88.62,	
550000,	100.128,	123630,	10128,	156413,	9820,	94.29,	88.44,	88.42,	
600000,	112.413,	124038,	9259,	157894,	8809,	94.22,	88.29,	88.36,	
650000,	124.162,	144354,	11579,	182879,	11179,	94.38,	88.61,	88.67,	
700000,	135.392,	144994,	10676,	184263,	10067,	94.65,	89.17,	89.24,	
750000,	146.196,	165302,	13003,	209221,	12465,	94.58,	89.03,	89.06,	
800000,	156.391,	165718,	12082,	210844,	11356,	94.61,	89.07,	89.14,	
850000,	165.993,	185875,	14444,	235895,	13777,	94.49,	88.82,	88.87,	
900000,	175.178,	186603,	13575,	237172,	12650,	94.43,	88.72,	88.7,	
950000,	184.01,	206762,	15837,	262279,	15113,	94.54,	88.95,	88.99,	
1000000,	192.488,	207649,	14985,	263456,	13910,	94.66,	89.2,	89.21,	

1000000,	192.488,	414411,	30822,	525735,	29023,	94.02,	87.88,	87.9,	
Pool,	TP,	FN,	TN,	FP
1,	4474,	1418,	9292,	2943,	
2,	29024,	3525,	34177,	5899,	
3,	71999,	4341,	83711,	3630,	
4,	190408,	13742,	82715,	4081,	
5,	118506,	7796,	315840,	12470,	





OzaBoostAdaHT-ProcessRBF
Speed Change:,	0.0,	Centroids:,	100,	DriftCentroid:	100
GracePeriod:,	200,	TieThreshold:,	0.05,	BinarySplit:,	false,	BaseClassifier:,	HT,	
EnsembleSize:,	5
Count,	Time,	TP,	FN,	TN,	FP,	Accu,	Kappa,	Kpa_t,	Mem,	Depth,	TSize,	DcNod,	ActLf,	InacLf,	Reset,	Alter,	Switch,	Prune,	ClOp0,	ClOp1,	ClOp2,	ClOp3
50000,	9.059,	30934,	2065,	13187,	3805,	88.25,	73.16,	73.9,	
100000,	16.888,	31597,	1352,	14837,	2214,	92.87,	83.94,	84.05,	
150000,	24.392,	62616,	3240,	28418,	5717,	93.83,	86.16,	86.26,	
200000,	31.483,	63396,	2591,	29883,	4130,	93.69,	85.79,	85.94,	
250000,	38.086,	94349,	4353,	43787,	7502,	94.2,	87.02,	87.09,	
300000,	44.267,	95070,	3772,	45294,	5864,	94.17,	86.96,	87.1,	
350000,	50.034,	126262,	5488,	59059,	9182,	94.37,	87.34,	87.39,	
400000,	55.376,	126953,	4864,	60594,	7589,	94.37,	87.34,	87.45,	
450000,	60.28,	158050,	6511,	74657,	10773,	94.77,	88.32,	88.45,	
500000,	64.87,	158946,	5849,	75994,	9211,	94.79,	88.28,	88.49,	
550000,	70.3,	189977,	7536,	90107,	12371,	94.75,	88.23,	88.28,	
600000,	79.461,	190767,	6800,	91672,	10761,	95.0,	88.83,	88.94,	
650000,	88.013,	222073,	8588,	105423,	13907,	94.82,	88.33,	88.34,	
700000,	96.155,	222461,	7823,	107411,	12302,	94.87,	88.58,	88.64,	
750000,	103.959,	254123,	9598,	120832,	15436,	94.92,	88.58,	88.59,	
800000,	111.138,	254203,	8828,	123064,	13902,	94.79,	88.38,	88.49,	
850000,	117.974,	286122,	10591,	136373,	16903,	95.08,	88.96,	88.99,	
900000,	124.296,	286271,	9785,	138618,	15320,	95.25,	89.34,	89.38,	
950000,	130.002,	317900,	11581,	152069,	18439,	94.95,	88.73,	88.78,	
1000000,	135.212,	318380,	10814,	153969,	16831,	94.92,	88.56,	88.62,	

1000000,	135.212,	636280,	22395,	306038,	35270,	94.23,	87.06,	87.16,	
Pool,	TP,	FN,	TN,	FP
1,	6895,	741,	7775,	2806,	
2,	34771,	1800,	30916,	5182,	
3,	110954,	5105,	41133,	6462,	
4,	186031,	6697,	86465,	11943,	
5,	297629,	8052,	139749,	8877,	





OzaBoostAdaHT-ProcessRBF
Speed Change:,	0.001,	Centroids:,	100,	DriftCentroid:	100
GracePeriod:,	200,	TieThreshold:,	0.05,	BinarySplit:,	false,	BaseClassifier:,	HT,	
EnsembleSize:,	5
Count,	Time,	TP,	FN,	TN,	FP,	Accu,	Kappa,	Kpa_t,	Mem,	Depth,	TSize,	DcNod,	ActLf,	InacLf,	Reset,	Alter,	Switch,	Prune,	ClOp0,	ClOp1,	ClOp2,	ClOp3
50000,	9.073,	26378,	3079,	16096,	4442,	84.95,	68.6,	68.78,	
100000,	17.026,	27452,	1995,	17768,	2785,	90.44,	80.14,	80.35,	
150000,	24.532,	53748,	5099,	34214,	6934,	90.98,	81.31,	81.34,	
200000,	31.602,	55010,	3777,	36003,	5210,	91.59,	82.57,	82.64,	
250000,	38.333,	81486,	6863,	52499,	9147,	92.05,	83.5,	83.64,	
300000,	44.679,	82693,	5513,	54297,	7497,	91.95,	83.32,	83.31,	
350000,	50.662,	109093,	8540,	70917,	11445,	92.05,	83.55,	83.72,	
400000,	56.148,	110348,	7190,	72817,	9645,	92.35,	84.17,	84.27,	
450000,	61.068,	136657,	10259,	89626,	13453,	92.55,	84.61,	84.71,	
500000,	65.682,	138034,	8888,	91302,	11776,	92.34,	84.15,	84.32,	
550000,	70.858,	164392,	11890,	108165,	15548,	92.55,	84.58,	84.62,	
600000,	80.161,	165753,	10574,	109818,	13855,	92.47,	84.41,	84.43,	
650000,	88.94,	192360,	13483,	126512,	17640,	92.63,	84.69,	84.62,	
700000,	97.271,	193539,	12281,	128251,	15929,	92.44,	84.33,	84.45,	
750000,	105.136,	220045,	15149,	145037,	19764,	92.42,	84.31,	84.38,	
800000,	112.494,	221092,	13915,	146994,	17999,	92.59,	84.71,	84.84,	
850000,	119.437,	247736,	16744,	163735,	21780,	92.78,	85.07,	85.19,	
900000,	126.025,	248678,	15537,	165706,	20079,	92.6,	84.71,	84.79,	
950000,	132.126,	275371,	18358,	182429,	23837,	92.66,	84.83,	84.9,	
1000000,	137.722,	276228,	17219,	184526,	22027,	92.74,	85.02,	85.01,	

1000000,	137.722,	551599,	35577,	366955,	45864,	91.86,	83.14,	83.22,	
Pool,	TP,	FN,	TN,	FP
1,	6716,	1273,	7473,	2768,	
2,	30845,	1728,	34795,	5351,	
3,	90499,	3863,	56939,	12362,	
4,	138437,	8145,	130565,	13702,	
5,	285102,	20568,	137183,	11681,	





OzaBoostAdaHT-ProcessRBF
Speed Change:,	0.01,	Centroids:,	100,	DriftCentroid:	100
GracePeriod:,	200,	TieThreshold:,	0.05,	BinarySplit:,	false,	BaseClassifier:,	HT,	
EnsembleSize:,	5
Count,	Time,	TP,	FN,	TN,	FP,	Accu,	Kappa,	Kpa_t,	Mem,	Depth,	TSize,	DcNod,	ActLf,	InacLf,	Reset,	Alter,	Switch,	Prune,	ClOp0,	ClOp1,	ClOp2,	ClOp3
50000,	9.0,	24417,	3013,	19011,	3555,	86.86,	73.41,	73.66,	
100000,	16.853,	25600,	1891,	20214,	2295,	91.63,	83.06,	83.06,	
150000,	24.301,	49971,	4722,	39718,	5585,	92.52,	84.9,	84.89,	
200000,	31.403,	51053,	3638,	41163,	4146,	92.8,	85.49,	85.48,	
250000,	38.147,	75794,	6277,	60563,	7362,	93.34,	86.54,	86.58,	
300000,	44.483,	77016,	5190,	61939,	5855,	93.48,	86.81,	86.86,	
350000,	50.358,	101648,	7810,	81510,	9028,	93.6,	87.08,	87.06,	
400000,	55.809,	102929,	6767,	82767,	7537,	93.48,	86.83,	86.85,	
450000,	60.779,	127811,	9271,	102299,	10615,	93.9,	87.67,	87.63,	
500000,	65.361,	129005,	8199,	103573,	9223,	93.76,	87.39,	87.46,	
550000,	70.395,	153728,	10740,	123286,	12242,	93.81,	87.49,	87.45,	
600000,	79.789,	155025,	9677,	124539,	10755,	93.98,	87.84,	87.84,	
650000,	88.53,	179534,	12246,	144329,	13887,	93.7,	87.28,	87.29,	
700000,	96.578,	180680,	11222,	145697,	12393,	93.63,	87.16,	87.22,	
750000,	104.301,	205574,	13787,	165098,	15536,	93.62,	87.1,	87.09,	
800000,	111.435,	206202,	12780,	166988,	14022,	93.63,	87.16,	87.21,	
850000,	118.275,	231464,	15312,	185994,	17225,	93.57,	87.01,	87.02,	
900000,	124.586,	232133,	14279,	187923,	15657,	93.73,	87.34,	87.43,	
950000,	130.361,	257284,	16761,	207101,	18849,	93.85,	87.6,	87.68,	
1000000,	135.682,	258101,	15734,	208909,	17248,	93.91,	87.69,	87.71,	

1000000,	135.682,	515385,	32495,	416010,	36097,	93.14,	86.14,	86.17,	
Pool,	TP,	FN,	TN,	FP
1,	8863,	1608,	5831,	1864,	
2,	32822,	5189,	30264,	4635,	
3,	77479,	5009,	75739,	5365,	
4,	153824,	10356,	116914,	9904,	
5,	242397,	10333,	187262,	14329,	





OzaBoostAdaHT-ProcessRBF
Speed Change:,	0.1,	Centroids:,	100,	DriftCentroid:	100
GracePeriod:,	200,	TieThreshold:,	0.05,	BinarySplit:,	false,	BaseClassifier:,	HT,	
EnsembleSize:,	5
Count,	Time,	TP,	FN,	TN,	FP,	Accu,	Kappa,	Kpa_t,	Mem,	Depth,	TSize,	DcNod,	ActLf,	InacLf,	Reset,	Alter,	Switch,	Prune,	ClOp0,	ClOp1,	ClOp2,	ClOp3
50000,	8.954,	18782,	3972,	23903,	3337,	85.37,	70.44,	70.67,	
100000,	16.726,	20522,	2383,	24976,	2119,	91.0,	81.85,	81.88,	
150000,	24.12,	39394,	6149,	49155,	5296,	91.73,	83.31,	83.18,	
200000,	31.186,	41394,	4453,	50199,	3954,	92.19,	84.26,	84.25,	
250000,	37.863,	59967,	8203,	74776,	7048,	92.39,	84.62,	84.68,	
300000,	43.965,	62296,	6461,	75497,	5746,	92.4,	84.68,	84.78,	
350000,	49.576,	80888,	10110,	100223,	8773,	92.74,	85.35,	85.45,	
400000,	54.783,	83171,	8331,	101109,	7389,	92.97,	85.82,	85.8,	
450000,	59.563,	101750,	12039,	125686,	10519,	92.65,	85.17,	85.07,	
500000,	63.718,	104032,	10142,	126710,	9116,	92.92,	85.72,	85.82,	
550000,	68.683,	122707,	13954,	151137,	12196,	92.82,	85.52,	85.57,	
600000,	77.753,	124890,	12026,	152172,	10912,	92.64,	85.15,	85.16,	
650000,	86.342,	143566,	15840,	176695,	13893,	92.83,	85.54,	85.57,	
700000,	94.478,	145906,	13897,	177574,	12623,	92.84,	85.56,	85.52,	
750000,	102.066,	164457,	17671,	202262,	15604,	92.92,	85.71,	85.66,	
800000,	109.239,	167181,	15671,	202884,	14264,	93.17,	86.25,	86.19,	
850000,	115.901,	185606,	19430,	227678,	17280,	93.13,	86.16,	86.07,	
900000,	122.152,	188171,	17510,	228441,	15878,	93.09,	86.07,	86.16,	
950000,	127.931,	206672,	21212,	253236,	18874,	93.25,	86.39,	86.42,	
1000000,	133.245,	209334,	19240,	253917,	17509,	93.28,	86.46,	86.5,	

1000000,	133.245,	416006,	40452,	507153,	36383,	92.32,	84.5,	84.52,	
Pool,	TP,	FN,	TN,	FP
1,	7854,	1863,	7111,	1302,	
2,	38871,	3948,	26444,	3552,	
3,	57491,	9027,	87994,	8999,	
4,	89177,	9402,	180852,	11313,	
5,	222613,	16212,	204752,	11217,	





OzaBoostAdaHT-ProcessRBF
Speed Change:,	1.0,	Centroids:,	100,	DriftCentroid:	100
GracePeriod:,	200,	TieThreshold:,	0.05,	BinarySplit:,	false,	BaseClassifier:,	HT,	
EnsembleSize:,	5
Count,	Time,	TP,	FN,	TN,	FP,	Accu,	Kappa,	Kpa_t,	Mem,	Depth,	TSize,	DcNod,	ActLf,	InacLf,	Reset,	Alter,	Switch,	Prune,	ClOp0,	ClOp1,	ClOp2,	ClOp3
50000,	9.202,	20885,	4155,	20557,	4400,	82.88,	65.77,	65.89,	
100000,	17.244,	22716,	2555,	21981,	2748,	89.39,	78.78,	78.77,	
150000,	24.765,	43499,	6567,	43098,	6833,	90.31,	80.62,	80.77,	
200000,	31.838,	45674,	4840,	44397,	5089,	90.75,	81.49,	81.55,	
250000,	38.573,	66519,	8819,	65612,	9047,	91.07,	82.13,	82.25,	
300000,	45.168,	68728,	7041,	66955,	7276,	91.22,	82.45,	82.52,	
350000,	51.053,	89593,	10992,	88244,	11168,	91.41,	82.82,	82.88,	
400000,	56.584,	91775,	9281,	89625,	9319,	91.43,	82.87,	82.67,	
450000,	61.637,	112558,	13036,	111177,	13226,	91.8,	83.59,	83.6,	
500000,	66.203,	114792,	11286,	112598,	11324,	91.98,	83.96,	83.96,	
550000,	71.209,	135618,	15033,	134156,	15190,	92.08,	84.16,	84.16,	
600000,	80.534,	135937,	15304,	133199,	15560,	83.49,	66.98,	66.95,	
650000,	88.713,	157789,	17826,	156023,	18359,	88.08,	76.15,	76.16,	
700000,	96.453,	158225,	18147,	155289,	18339,	88.76,	77.51,	77.58,	
750000,	103.687,	180199,	20506,	178318,	20974,	89.41,	78.82,	78.95,	
800000,	110.536,	180783,	20673,	177646,	20898,	89.83,	79.66,	79.64,	
850000,	116.993,	202603,	22990,	200910,	23494,	89.99,	79.98,	79.99,	
900000,	122.976,	203185,	23177,	200338,	23300,	90.19,	80.38,	80.34,	
950000,	128.507,	225252,	25398,	223478,	25869,	90.43,	80.87,	80.75,	
1000000,	133.612,	225889,	25449,	222838,	25824,	90.41,	80.82,	80.71,	

1000000,	133.612,	451141,	50847,	446316,	51693,	89.75,	79.49,	79.5,	
Pool,	TP,	FN,	TN,	FP
1,	2608,	1183,	11046,	3374,	
2,	36151,	5905,	24268,	6324,	
3,	81492,	11185,	65111,	5802,	
4,	121473,	18053,	132897,	18288,	
5,	209417,	14521,	212994,	17905,	





OzaBoostAdaHT-ProcessRBF
Speed Change:,	0.01,	Centroids:,	50,	DriftCentroid:	50
GracePeriod:,	200,	TieThreshold:,	0.05,	BinarySplit:,	false,	BaseClassifier:,	HT,	
EnsembleSize:,	5
Count,	Time,	TP,	FN,	TN,	FP,	Accu,	Kappa,	Kpa_t,	Mem,	Depth,	TSize,	DcNod,	ActLf,	InacLf,	Reset,	Alter,	Switch,	Prune,	ClOp0,	ClOp1,	ClOp2,	ClOp3
50000,	10.711,	18531,	3740,	24088,	3638,	85.24,	70.11,	69.96,	
100000,	20.822,	19631,	2378,	25509,	2482,	90.28,	80.29,	80.39,	
150000,	30.41,	38566,	5953,	49585,	5893,	91.06,	81.91,	81.9,	
200000,	39.425,	39732,	4454,	51133,	4681,	91.45,	82.69,	82.76,	
250000,	47.559,	58994,	8029,	74939,	8035,	91.56,	82.96,	82.89,	
300000,	54.812,	59898,	6489,	76854,	6759,	91.77,	83.34,	83.34,	
350000,	61.502,	79215,	10075,	100602,	10105,	91.77,	83.34,	83.36,	
400000,	67.762,	79835,	8547,	102887,	8731,	91.94,	83.64,	83.65,	
450000,	73.348,	99259,	12002,	126673,	12063,	92.23,	84.23,	84.26,	
500000,	77.919,	100153,	10379,	128828,	10640,	92.52,	84.84,	84.8,	
550000,	82.859,	119568,	13939,	152511,	13979,	92.29,	84.4,	84.43,	
600000,	94.646,	120422,	12397,	154599,	12582,	92.08,	83.97,	83.94,	
650000,	105.268,	139786,	15980,	178265,	15966,	91.94,	83.69,	83.57,	
700000,	114.928,	140630,	14370,	180327,	14673,	91.87,	83.54,	83.59,	
750000,	124.148,	159960,	17824,	204339,	17874,	92.5,	84.78,	84.76,	
800000,	132.487,	160880,	16283,	206152,	16685,	92.15,	84.1,	84.18,	
850000,	139.937,	180137,	19720,	230238,	19902,	92.15,	84.1,	84.13,	
900000,	146.788,	181194,	18131,	232116,	18559,	92.56,	84.92,	84.98,	
950000,	153.169,	200621,	21568,	256027,	21781,	92.55,	84.92,	85.03,	
1000000,	158.902,	201542,	19972,	258059,	20427,	92.58,	84.98,	85.02,	

1000000,	158.902,	402163,	41540,	514086,	42208,	91.62,	83.04,	83.05,	
Pool,	TP,	FN,	TN,	FP
1,	4734,	1653,	9149,	2597,	
2,	34159,	4575,	29318,	4646,	
3,	70922,	7038,	75888,	10055,	
4,	146678,	15261,	123538,	5359,	
5,	145670,	13013,	276193,	19551,	





OzaBoostAdaHT-ProcessRBF
Speed Change:,	0.01,	Centroids:,	100,	DriftCentroid:	100
GracePeriod:,	200,	TieThreshold:,	0.05,	BinarySplit:,	false,	BaseClassifier:,	HT,	
EnsembleSize:,	5
Count,	Time,	TP,	FN,	TN,	FP,	Accu,	Kappa,	Kpa_t,	Mem,	Depth,	TSize,	DcNod,	ActLf,	InacLf,	Reset,	Alter,	Switch,	Prune,	ClOp0,	ClOp1,	ClOp2,	ClOp3
50000,	8.854,	16031,	3652,	27567,	2746,	87.2,	72.97,	73.28,	
100000,	16.535,	17222,	2390,	28457,	1931,	91.36,	81.8,	81.9,	
150000,	23.805,	33315,	5845,	56235,	4601,	91.9,	82.92,	83.05,	
200000,	30.683,	34721,	4490,	57240,	3549,	92.56,	84.33,	84.34,	
250000,	37.252,	51073,	7824,	84768,	6331,	92.58,	84.44,	84.41,	
300000,	43.218,	52465,	6337,	86002,	5196,	93.01,	85.31,	85.3,	
350000,	48.79,	68863,	9651,	113633,	7849,	93.31,	85.93,	86.06,	
400000,	54.045,	70404,	8177,	114551,	6868,	92.98,	85.29,	85.22,	
450000,	58.843,	86531,	11369,	142728,	9368,	93.53,	86.34,	86.36,	
500000,	63.155,	88284,	9913,	143382,	8421,	93.42,	86.18,	86.16,	
550000,	68.227,	104378,	13117,	171568,	10933,	93.37,	86.08,	86.07,	
600000,	77.432,	106251,	11740,	172031,	9978,	93.23,	85.82,	85.84,	
650000,	85.998,	122245,	14837,	200478,	12436,	93.55,	86.45,	86.54,	
700000,	94.057,	124033,	13483,	201004,	11480,	93.51,	86.34,	86.25,	
750000,	101.632,	140145,	16557,	229377,	13917,	93.6,	86.55,	86.47,	
800000,	108.74,	141934,	15153,	229872,	13041,	93.54,	86.42,	86.3,	
850000,	115.404,	158069,	18344,	258240,	15343,	93.57,	86.5,	86.51,	
900000,	121.555,	159780,	16830,	258843,	14547,	93.63,	86.61,	86.59,	
950000,	127.32,	175962,	20031,	287164,	16839,	93.63,	86.62,	86.63,	
1000000,	132.632,	177514,	18501,	287937,	16048,	93.66,	86.62,	86.65,	

1000000,	132.632,	353476,	38532,	575101,	32887,	92.86,	84.98,	84.99,	
Pool,	TP,	FN,	TN,	FP
1,	2724,	334,	12962,	2121,	
2,	41476,	6184,	22987,	2102,	
3,	97822,	6550,	55872,	3446,	
4,	116324,	14828,	147532,	12070,	
5,	95130,	10636,	335748,	13148,	





OzaBoostAdaHT-ProcessRBF
Speed Change:,	0.01,	Centroids:,	150,	DriftCentroid:	100
GracePeriod:,	200,	TieThreshold:,	0.05,	BinarySplit:,	false,	BaseClassifier:,	HT,	
EnsembleSize:,	5
Count,	Time,	TP,	FN,	TN,	FP,	Accu,	Kappa,	Kpa_t,	Mem,	Depth,	TSize,	DcNod,	ActLf,	InacLf,	Reset,	Alter,	Switch,	Prune,	ClOp0,	ClOp1,	ClOp2,	ClOp3
50000,	9.166,	25016,	3642,	15764,	5572,	81.57,	61.89,	62.34,	
100000,	17.224,	25697,	2828,	18261,	3214,	87.92,	75.29,	75.55,	
150000,	24.926,	51244,	6207,	33947,	8596,	88.82,	77.05,	77.14,	
200000,	32.242,	51924,	5173,	36681,	6222,	89.29,	78.06,	78.09,	
250000,	39.356,	77621,	8597,	52410,	11366,	89.68,	78.83,	78.86,	
300000,	45.866,	78043,	7513,	55547,	8897,	89.97,	79.51,	79.55,	
350000,	52.047,	103934,	10985,	71110,	13965,	90.03,	79.58,	79.51,	
400000,	57.94,	104289,	9857,	74359,	11495,	90.12,	79.79,	79.76,	
450000,	63.318,	130108,	13382,	90000,	16504,	90.13,	79.83,	79.99,	
500000,	68.258,	130805,	12098,	93047,	14050,	90.41,	80.33,	80.38,	
550000,	73.545,	156412,	15597,	109020,	18965,	90.65,	80.89,	80.84,	
600000,	83.523,	157232,	14369,	111793,	16606,	90.35,	80.23,	80.39,	
650000,	92.727,	182910,	17832,	127860,	21392,	90.68,	80.9,	80.92,	
700000,	101.501,	183779,	16574,	130600,	19047,	90.71,	80.96,	80.9,	
750000,	109.757,	209517,	19948,	146646,	23883,	90.79,	81.11,	81.09,	
800000,	117.531,	210387,	18589,	149521,	21502,	91.06,	81.69,	81.73,	
850000,	124.776,	235992,	22079,	165657,	26266,	90.97,	81.53,	81.59,	
900000,	131.698,	236922,	20687,	168525,	23865,	91.08,	81.74,	81.77,	
950000,	138.067,	262605,	24209,	184575,	28605,	91.06,	81.69,	81.74,	
1000000,	144.003,	263451,	22726,	187551,	26271,	91.11,	81.81,	81.79,	

1000000,	144.003,	526056,	46935,	372126,	54876,	89.82,	79.14,	79.19,	
Pool,	TP,	FN,	TN,	FP
1,	3770,	882,	10307,	3131,	
2,	47419,	8196,	15819,	1428,	
3,	76293,	7501,	65516,	14330,	
4,	125102,	6465,	144151,	15109,	
5,	273472,	23891,	136333,	20878,	





OzaBoostAdaHT-ProcessRBF
Speed Change:,	0.01,	Centroids:,	200,	DriftCentroid:	100
GracePeriod:,	200,	TieThreshold:,	0.05,	BinarySplit:,	false,	BaseClassifier:,	HT,	
EnsembleSize:,	5
Count,	Time,	TP,	FN,	TN,	FP,	Accu,	Kappa,	Kpa_t,	Mem,	Depth,	TSize,	DcNod,	ActLf,	InacLf,	Reset,	Alter,	Switch,	Prune,	ClOp0,	ClOp1,	ClOp2,	ClOp3
50000,	10.413,	20276,	3500,	22738,	3483,	86.03,	71.99,	71.99,	
100000,	20.298,	21758,	2393,	23359,	2490,	90.23,	80.45,	80.26,	
150000,	29.548,	42153,	5785,	46418,	5641,	91.11,	82.21,	82.28,	
200000,	38.248,	43484,	4619,	47289,	4608,	91.31,	82.59,	82.53,	
250000,	46.224,	64199,	7830,	70186,	7782,	91.63,	83.24,	83.17,	
300000,	53.264,	65364,	6663,	71335,	6638,	91.85,	83.67,	83.66,	
350000,	59.923,	86309,	9725,	94231,	9732,	92.31,	84.6,	84.52,	
400000,	66.151,	87473,	8603,	95373,	8551,	92.29,	84.57,	84.54,	
450000,	71.563,	108496,	11640,	118180,	11681,	92.27,	84.52,	84.57,	
500000,	76.394,	109755,	10523,	119234,	10488,	92.29,	84.56,	84.59,	
550000,	81.474,	130818,	13420,	142174,	13585,	92.63,	85.25,	85.22,	
600000,	93.413,	131894,	12499,	143145,	12462,	92.1,	84.18,	84.24,	
650000,	104.468,	153070,	15328,	166194,	15405,	92.54,	85.07,	85.12,	
700000,	114.737,	154184,	14347,	167174,	14295,	92.64,	85.26,	85.32,	
750000,	124.144,	175286,	17281,	190262,	17168,	92.57,	85.12,	84.97,	
800000,	132.449,	176517,	16177,	191132,	16174,	92.58,	85.15,	85.25,	
850000,	140.017,	197451,	19123,	214374,	19049,	92.55,	85.09,	85.1,	
900000,	147.095,	198828,	18050,	215121,	18001,	92.6,	85.18,	85.18,	
950000,	153.73,	219800,	20906,	238373,	20918,	92.7,	85.38,	85.29,	
1000000,	159.55,	221160,	19880,	239132,	19828,	92.69,	85.36,	85.37,	

1000000,	159.55,	440960,	40786,	477505,	40746,	91.85,	83.67,	83.66,	
Pool,	TP,	FN,	TN,	FP
1,	10532,	2923,	3582,	1215,	
2,	33462,	5504,	29667,	4197,	
3,	44756,	5361,	106201,	7143,	
4,	174030,	16761,	92118,	8073,	
5,	178180,	10237,	245937,	20118,	





OzaBoostAdaHT-ProcessRBF
Speed Change:,	0.01,	Centroids:,	250,	DriftCentroid:	100
GracePeriod:,	200,	TieThreshold:,	0.05,	BinarySplit:,	false,	BaseClassifier:,	HT,	
EnsembleSize:,	5
Count,	Time,	TP,	FN,	TN,	FP,	Accu,	Kappa,	Kpa_t,	Mem,	Depth,	TSize,	DcNod,	ActLf,	InacLf,	Reset,	Alter,	Switch,	Prune,	ClOp0,	ClOp1,	ClOp2,	ClOp3
50000,	9.151,	21682,	3699,	20818,	3795,	85.0,	70.0,	69.97,	
100000,	16.981,	22836,	2533,	22004,	2627,	89.68,	79.35,	79.42,	
150000,	24.473,	44522,	6103,	43121,	6248,	90.29,	80.57,	80.61,	
200000,	31.489,	45819,	4855,	44496,	4830,	90.95,	81.9,	81.88,	
250000,	38.035,	67487,	8350,	65794,	8363,	91.28,	82.55,	82.51,	
300000,	44.235,	68893,	7030,	67122,	6955,	91.4,	82.8,	82.86,	
350000,	50.059,	90636,	10416,	88542,	10400,	91.79,	83.59,	83.53,	
400000,	55.509,	92111,	9215,	89547,	9127,	91.29,	82.57,	82.58,	
450000,	60.513,	113769,	12600,	111267,	12358,	91.72,	83.43,	83.4,	
500000,	65.077,	115349,	11216,	112289,	11146,	91.96,	83.92,	83.92,	
550000,	70.544,	136932,	14646,	134020,	14396,	91.83,	83.66,	83.57,	
600000,	80.013,	138506,	13177,	135162,	13155,	92.06,	84.12,	84.02,	
650000,	88.775,	160188,	16670,	156716,	16420,	91.9,	83.81,	83.78,	
700000,	97.097,	161696,	15198,	158091,	15015,	92.24,	84.48,	84.44,	
750000,	104.991,	183383,	18748,	179499,	18364,	91.96,	83.91,	83.92,	
800000,	112.537,	185141,	17211,	180728,	16920,	92.16,	84.32,	84.23,	
850000,	119.633,	206674,	20715,	202288,	20317,	92.16,	84.32,	84.36,	
900000,	126.126,	208552,	19132,	203472,	18844,	92.31,	84.62,	84.71,	
950000,	132.058,	229862,	22653,	225094,	22217,	92.32,	84.65,	84.63,	
1000000,	137.521,	231858,	21127,	226202,	20813,	92.07,	84.14,	84.06,	

1000000,	137.521,	461720,	43780,	451296,	43030,	91.32,	82.64,	82.62,	
Pool,	TP,	FN,	TN,	FP
1,	6488,	2398,	7283,	2005,	
2,	39638,	2058,	27552,	3441,	
3,	60926,	7121,	86098,	9656,	
4,	159689,	18368,	99874,	12760,	
5,	194979,	13835,	230489,	15168,	





OzaBoostAdaHT-ProcessRBF
Speed Change:,	0.01,	Centroids:,	100,	DriftCentroid:	20
GracePeriod:,	200,	TieThreshold:,	0.05,	BinarySplit:,	false,	BaseClassifier:,	HT,	
EnsembleSize:,	5
Count,	Time,	TP,	FN,	TN,	FP,	Accu,	Kappa,	Kpa_t,	Mem,	Depth,	TSize,	DcNod,	ActLf,	InacLf,	Reset,	Alter,	Switch,	Prune,	ClOp0,	ClOp1,	ClOp2,	ClOp3
50000,	9.058,	16245,	3745,	26833,	3173,	86.16,	71.02,	71.09,	
100000,	16.908,	17982,	2204,	27533,	2281,	91.03,	81.38,	81.44,	
150000,	24.312,	34207,	5882,	54851,	5056,	91.96,	83.24,	83.29,	
200000,	31.417,	36017,	4213,	55830,	3940,	92.66,	84.68,	84.78,	
250000,	38.117,	52331,	7829,	83041,	6795,	92.63,	84.63,	84.63,	
300000,	44.314,	54097,	6095,	84186,	5622,	92.87,	85.12,	85.21,	
350000,	50.176,	70455,	9622,	111448,	8471,	93.06,	85.51,	85.51,	
400000,	55.611,	72603,	7852,	112199,	7346,	93.04,	85.55,	85.51,	
450000,	60.451,	88784,	11360,	139743,	10109,	93.25,	85.94,	85.86,	
500000,	64.855,	90828,	9522,	140663,	8987,	93.38,	86.18,	86.18,	
550000,	69.668,	107091,	13088,	168185,	11632,	93.5,	86.44,	86.5,	
600000,	78.818,	109058,	11242,	169118,	10582,	93.37,	86.16,	86.07,	
650000,	87.353,	125319,	14859,	196658,	13160,	93.4,	86.23,	86.23,	
700000,	95.29,	127292,	13033,	197563,	12112,	93.36,	86.14,	86.29,	
750000,	102.701,	143630,	16686,	225026,	14654,	93.36,	86.16,	86.18,	
800000,	109.798,	145714,	14835,	225816,	13635,	93.35,	86.17,	86.19,	
850000,	116.46,	161931,	18448,	253449,	16168,	93.45,	86.34,	86.43,	
900000,	122.654,	163896,	16582,	254336,	15186,	93.4,	86.22,	86.23,	
950000,	128.43,	180343,	20183,	281805,	17665,	93.54,	86.54,	86.52,	
1000000,	133.8,	182548,	18271,	282490,	16691,	93.61,	86.75,	86.76,	

1000000,	133.8,	362891,	38454,	564295,	34356,	92.72,	84.82,	84.85,	
Pool,	TP,	FN,	TN,	FP
1,	7849,	2333,	6167,	1831,	
2,	31531,	4635,	34745,	1887,	
3,	80155,	10103,	69561,	3808,	
4,	99270,	9789,	170852,	10927,	
5,	144086,	11594,	282970,	15903,	





OzaBoostAdaHT-ProcessRBF
Speed Change:,	0.01,	Centroids:,	100,	DriftCentroid:	40
GracePeriod:,	200,	TieThreshold:,	0.05,	BinarySplit:,	false,	BaseClassifier:,	HT,	
EnsembleSize:,	5
Count,	Time,	TP,	FN,	TN,	FP,	Accu,	Kappa,	Kpa_t,	Mem,	Depth,	TSize,	DcNod,	ActLf,	InacLf,	Reset,	Alter,	Switch,	Prune,	ClOp0,	ClOp1,	ClOp2,	ClOp3
50000,	9.02,	20687,	3057,	22996,	3255,	87.37,	74.69,	74.76,	
100000,	16.894,	21945,	1957,	24012,	2086,	91.91,	83.8,	83.8,	
150000,	24.379,	43038,	4708,	47027,	5222,	92.76,	85.51,	85.6,	
200000,	31.412,	44294,	3602,	48230,	3874,	93.13,	86.25,	86.31,	
250000,	38.097,	65615,	6313,	71221,	6846,	93.54,	87.07,	87.03,	
300000,	44.284,	66720,	5149,	72549,	5582,	93.49,	86.96,	87.04,	
350000,	50.043,	88188,	7749,	95496,	8562,	93.7,	87.38,	87.3,	
400000,	55.254,	88928,	6666,	97181,	7225,	93.68,	87.33,	87.38,	
450000,	60.083,	111053,	9175,	119575,	10192,	93.89,	87.77,	87.83,	
500000,	64.514,	111440,	8171,	121499,	8890,	93.66,	87.3,	87.27,	
550000,	69.464,	133518,	10603,	144032,	11842,	93.84,	87.67,	87.74,	
600000,	78.932,	134105,	9613,	145708,	10574,	93.75,	87.48,	87.54,	
650000,	87.787,	156016,	12021,	168562,	13396,	94.06,	88.09,	88.11,	
700000,	96.177,	156867,	11006,	170002,	12125,	94.11,	88.21,	88.16,	
750000,	104.061,	178593,	13284,	193165,	14953,	94.36,	88.7,	88.67,	
800000,	111.525,	179505,	12370,	194373,	13752,	94.02,	88.02,	88.08,	
850000,	118.183,	201183,	14644,	217652,	16516,	94.15,	88.29,	88.24,	
900000,	124.523,	202197,	13789,	218630,	15384,	93.9,	87.78,	87.79,	
950000,	130.21,	223618,	16022,	242204,	18151,	93.97,	87.93,	87.88,	
1000000,	135.423,	224826,	15089,	243166,	16919,	94.33,	88.64,	88.65,	

1000000,	135.423,	448444,	31111,	485370,	35070,	93.38,	86.75,	86.76,	
Pool,	TP,	FN,	TN,	FP
1,	6048,	1103,	9777,	1251,	
2,	24120,	2558,	39804,	6328,	
3,	103370,	11005,	45772,	3572,	
4,	146883,	8731,	124073,	11106,	
5,	168023,	7714,	265944,	12813,	





OzaBoostAdaHT-ProcessRBF
Speed Change:,	0.01,	Centroids:,	100,	DriftCentroid:	60
GracePeriod:,	200,	TieThreshold:,	0.05,	BinarySplit:,	false,	BaseClassifier:,	HT,	
EnsembleSize:,	5
Count,	Time,	TP,	FN,	TN,	FP,	Accu,	Kappa,	Kpa_t,	Mem,	Depth,	TSize,	DcNod,	ActLf,	InacLf,	Reset,	Alter,	Switch,	Prune,	ClOp0,	ClOp1,	ClOp2,	ClOp3
50000,	9.197,	16482,	4147,	26442,	2926,	85.85,	70.54,	70.86,	
100000,	17.058,	18214,	2524,	27197,	2065,	90.82,	81.03,	81.1,	
150000,	24.409,	34778,	6489,	54075,	4655,	91.86,	83.13,	83.2,	
200000,	31.474,	36613,	4811,	54709,	3867,	91.82,	83.08,	83.23,	
250000,	38.171,	53263,	8636,	81733,	6365,	92.29,	84.04,	84.1,	
300000,	44.385,	54907,	6901,	82627,	5565,	92.42,	84.27,	84.27,	
350000,	50.225,	71817,	10643,	109560,	7977,	92.76,	85.01,	85.12,	
400000,	55.601,	73409,	8963,	110417,	7211,	92.58,	84.64,	84.74,	
450000,	60.506,	90494,	12673,	137237,	9593,	92.71,	84.93,	84.96,	
500000,	64.887,	91947,	10906,	138336,	8811,	92.91,	85.31,	85.21,	
550000,	70.202,	109118,	14580,	165129,	11170,	93.03,	85.57,	85.69,	
600000,	79.352,	110648,	12753,	166180,	10419,	93.09,	85.7,	85.77,	
650000,	88.062,	127853,	16531,	192864,	12749,	92.94,	85.41,	85.49,	
700000,	96.228,	129318,	14651,	194163,	11868,	93.31,	86.13,	86.13,	
750000,	104.032,	146681,	18406,	220587,	14323,	93.1,	85.75,	85.84,	
800000,	111.421,	147761,	16575,	222246,	13418,	93.05,	85.57,	85.52,	
850000,	118.237,	165386,	20340,	248446,	15825,	93.13,	85.78,	85.89,	
900000,	124.557,	166416,	18364,	250308,	14912,	93.43,	86.39,	86.41,	
950000,	130.427,	184029,	22195,	276495,	17278,	93.38,	86.28,	86.23,	
1000000,	135.95,	185359,	20228,	277987,	16426,	93.24,	86.06,	86.21,	

1000000,	135.95,	369388,	42423,	554482,	33704,	92.39,	84.24,	84.3,	
Pool,	TP,	FN,	TN,	FP
1,	8930,	2533,	5001,	1697,	
2,	32586,	10279,	26464,	3489,	
3,	67536,	11821,	78678,	5596,	
4,	90432,	6453,	183196,	10704,	
5,	169904,	11337,	261143,	12218,	





OzaBoostAdaHT-ProcessRBF
Speed Change:,	0.01,	Centroids:,	100,	DriftCentroid:	80
GracePeriod:,	200,	TieThreshold:,	0.05,	BinarySplit:,	false,	BaseClassifier:,	HT,	
EnsembleSize:,	5
Count,	Time,	TP,	FN,	TN,	FP,	Accu,	Kappa,	Kpa_t,	Mem,	Depth,	TSize,	DcNod,	ActLf,	InacLf,	Reset,	Alter,	Switch,	Prune,	ClOp0,	ClOp1,	ClOp2,	ClOp3
50000,	9.149,	25566,	3611,	16691,	4123,	84.53,	68.05,	68.29,	
100000,	17.123,	26654,	2616,	17900,	2830,	89.11,	77.53,	77.42,	
150000,	24.657,	52544,	5943,	34792,	6712,	90.16,	79.68,	79.69,	
200000,	31.9,	53571,	4990,	36210,	5229,	90.45,	80.32,	80.35,	
250000,	38.679,	79452,	8216,	53222,	9101,	90.68,	80.8,	80.72,	
300000,	45.087,	80848,	7109,	54445,	7598,	91.02,	81.44,	81.52,	
350000,	51.107,	106807,	10351,	71460,	11373,	91.19,	81.77,	81.73,	
400000,	56.659,	107938,	9249,	73006,	9807,	91.3,	82.08,	82.07,	
450000,	61.517,	134088,	12423,	89821,	13659,	91.28,	81.99,	81.99,	
500000,	66.03,	135185,	11359,	91369,	12087,	91.22,	81.87,	81.99,	
550000,	71.064,	161307,	14407,	108472,	15805,	91.74,	82.98,	82.98,	
600000,	80.454,	162607,	13377,	109742,	14272,	91.59,	82.62,	82.66,	
650000,	89.335,	188721,	16391,	126881,	17998,	91.65,	82.73,	82.8,	
700000,	97.64,	189923,	15376,	128281,	16418,	91.71,	82.89,	82.77,	
750000,	105.521,	215943,	18431,	145442,	20175,	91.57,	82.61,	82.72,	
800000,	112.908,	217387,	17393,	146726,	18492,	91.82,	83.09,	83.05,	
850000,	119.855,	243219,	20413,	164065,	22240,	91.91,	83.31,	83.25,	
900000,	126.277,	244981,	19306,	165195,	20509,	92.14,	83.74,	83.62,	
950000,	132.482,	270577,	22393,	182650,	24307,	91.91,	83.3,	83.31,	
1000000,	138.108,	271138,	21269,	183700,	22586,	91.92,	83.3,	83.48,	

1000000,	138.108,	541715,	43662,	366350,	46893,	90.94,	81.3,	81.32,	
Pool,	TP,	FN,	TN,	FP
1,	6359,	1702,	8689,	1429,	
2,	27359,	3031,	36583,	5634,	
3,	73138,	8153,	76863,	5317,	
4,	169176,	12170,	97670,	11841,	
5,	265683,	18606,	146545,	22672,	





OzaBoostAdaHT-ProcessRBF
Speed Change:,	0.01,	Centroids:,	100,	DriftCentroid:	100
GracePeriod:,	200,	TieThreshold:,	0.05,	BinarySplit:,	false,	BaseClassifier:,	HT,	
EnsembleSize:,	5
Count,	Time,	TP,	FN,	TN,	FP,	Accu,	Kappa,	Kpa_t,	Mem,	Depth,	TSize,	DcNod,	ActLf,	InacLf,	Reset,	Alter,	Switch,	Prune,	ClOp0,	ClOp1,	ClOp2,	ClOp3
50000,	10.529,	18199,	3797,	24901,	3096,	86.2,	71.91,	72.03,	
100000,	20.695,	19282,	2693,	25772,	2253,	90.11,	79.88,	79.91,	
150000,	29.886,	37812,	6157,	50913,	5111,	91.25,	82.21,	82.11,	
200000,	38.02,	39073,	5068,	51609,	4250,	91.26,	82.25,	82.25,	
250000,	45.479,	57547,	8353,	77115,	6978,	91.87,	83.47,	83.58,	
300000,	52.18,	58759,	7314,	77885,	6042,	91.92,	83.56,	83.56,	
350000,	58.155,	77435,	10584,	103237,	8737,	92.02,	83.79,	83.68,	
400000,	63.927,	78521,	9613,	104083,	7783,	91.92,	83.57,	83.6,	
450000,	69.069,	97219,	12768,	129582,	10424,	92.26,	84.25,	84.21,	
500000,	73.574,	98241,	11751,	130605,	9403,	92.48,	84.69,	84.7,	
550000,	78.732,	116971,	14927,	156106,	11989,	92.55,	84.83,	84.8,	
600000,	90.841,	118058,	13917,	156988,	11037,	92.4,	84.54,	84.54,	
650000,	102.108,	136887,	16992,	182448,	13666,	92.52,	84.78,	84.86,	
700000,	112.098,	138193,	15945,	183190,	12672,	92.67,	85.13,	85.08,	
750000,	120.986,	156740,	19046,	208847,	15360,	92.5,	84.75,	84.81,	
800000,	129.106,	158182,	17923,	209518,	14377,	92.63,	85.03,	85.08,	
850000,	136.54,	176758,	20964,	235218,	17053,	92.78,	85.32,	85.21,	
900000,	143.342,	178402,	19895,	235742,	15961,	92.89,	85.57,	85.58,	
950000,	149.609,	196486,	22989,	261827,	18691,	92.67,	85.07,	85.08,	
1000000,	155.319,	198433,	21938,	262002,	17627,	92.58,	84.93,	84.96,	

1000000,	155.319,	394919,	44927,	523829,	36318,	91.88,	83.48,	83.48,	
Pool,	TP,	FN,	TN,	FP
1,	5207,	1861,	9515,	1573,	
2,	20443,	455,	47987,	3926,	
3,	81150,	18374,	58307,	5724,	
4,	56838,	7047,	216313,	10628,	
5,	231281,	17190,	191707,	14467,	





OzaBoostAdaHT-ProcessRBF
Speed Change:,	0.01,	Centroids:,	100,	DriftCentroid:	100
GracePeriod:,	200,	TieThreshold:,	0.05,	BinarySplit:,	false,	BaseClassifier:,	HT,	
EnsembleSize:,	5
Count,	Time,	TP,	FN,	TN,	FP,	Accu,	Kappa,	Kpa_t,	Mem,	Depth,	TSize,	DcNod,	ActLf,	InacLf,	Reset,	Alter,	Switch,	Prune,	ClOp0,	ClOp1,	ClOp2,	ClOp3
50000,	9.078,	29469,	2151,	14826,	3548,	88.6,	75.08,	75.54,	
100000,	16.959,	30302,	1563,	15778,	2357,	92.16,	82.88,	83.05,	
150000,	24.393,	59673,	3668,	31118,	5535,	92.99,	84.81,	84.96,	
200000,	31.42,	60718,	2991,	31982,	4309,	93.24,	85.29,	85.28,	
250000,	38.199,	89931,	5007,	47610,	7446,	93.5,	85.94,	85.94,	
300000,	44.515,	90962,	4318,	48604,	6116,	93.73,	86.46,	86.39,	
350000,	50.386,	120200,	6362,	64168,	9264,	93.65,	86.28,	86.2,	
400000,	55.796,	121147,	5691,	65330,	7832,	93.82,	86.68,	86.74,	
450000,	60.824,	150511,	7664,	80736,	11083,	93.76,	86.5,	86.55,	
500000,	65.294,	151649,	7021,	81751,	9579,	93.85,	86.63,	86.7,	
550000,	70.296,	181183,	8919,	97063,	12829,	94.0,	86.92,	86.99,	
600000,	80.245,	182057,	8250,	98391,	11302,	94.1,	87.22,	87.24,	
650000,	88.99,	211483,	10162,	113762,	14587,	94.0,	87.04,	87.12,	
700000,	97.059,	212449,	9538,	115073,	12940,	94.15,	87.34,	87.38,	
750000,	104.724,	241626,	11476,	130574,	16318,	93.91,	86.89,	86.95,	
800000,	112.026,	242610,	10755,	132060,	14575,	94.3,	87.74,	87.75,	
850000,	118.872,	272115,	12720,	147198,	17961,	94.23,	87.49,	87.49,	
900000,	125.328,	272918,	11993,	148891,	16198,	94.28,	87.66,	87.65,	
950000,	131.377,	302511,	13963,	163878,	19642,	94.15,	87.35,	87.4,	
1000000,	136.956,	303248,	13233,	165739,	17780,	94.36,	87.83,	87.9,	

1000000,	136.956,	605759,	27196,	329617,	37422,	93.54,	86.01,	86.06,	
Pool,	TP,	FN,	TN,	FP
1,	9843,	1298,	4970,	2117,	
2,	27717,	2768,	39530,	2741,	
3,	107429,	5209,	44297,	6744,	
4,	147082,	12656,	113994,	17270,	
5,	313688,	5265,	126826,	8550,	





OzaBoostAdaHT-ProcessRBF
Speed Change:,	0.01,	Centroids:,	100,	DriftCentroid:	100
GracePeriod:,	400,	TieThreshold:,	0.05,	BinarySplit:,	false,	BaseClassifier:,	HT,	
EnsembleSize:,	5
Count,	Time,	TP,	FN,	TN,	FP,	Accu,	Kappa,	Kpa_t,	Mem,	Depth,	TSize,	DcNod,	ActLf,	InacLf,	Reset,	Alter,	Switch,	Prune,	ClOp0,	ClOp1,	ClOp2,	ClOp3
50000,	9.199,	25382,	2945,	17862,	3808,	86.49,	72.36,	72.56,	
100000,	17.08,	26556,	1944,	19106,	2394,	91.32,	82.26,	82.22,	
150000,	24.529,	52110,	4640,	37340,	5907,	92.41,	84.5,	84.56,	
200000,	31.591,	53237,	3637,	38710,	4416,	92.57,	84.84,	84.88,	
250000,	38.279,	78942,	6210,	57021,	7824,	93.03,	85.76,	85.81,	
300000,	44.551,	79898,	5294,	58540,	6268,	92.98,	85.7,	85.54,	
350000,	50.407,	105696,	7807,	76850,	9644,	93.17,	86.06,	86.1,	
400000,	55.756,	106757,	6845,	78387,	8011,	93.41,	86.56,	86.59,	
450000,	60.677,	132606,	9285,	96665,	11441,	93.45,	86.63,	86.6,	
500000,	65.127,	133315,	8378,	98592,	9715,	93.53,	86.84,	86.9,	
550000,	69.929,	159562,	10857,	116503,	13075,	93.59,	86.91,	86.95,	
600000,	79.515,	160102,	9883,	118609,	11406,	93.61,	86.98,	87.0,	
650000,	88.334,	186437,	12300,	136503,	14757,	93.75,	87.26,	87.28,	
700000,	96.673,	186878,	11331,	138747,	13044,	93.83,	87.43,	87.49,	
750000,	104.495,	213230,	13672,	156628,	16467,	93.84,	87.45,	87.43,	
800000,	111.882,	213840,	12811,	158584,	14765,	93.6,	86.93,	87.05,	
850000,	118.814,	240100,	15105,	176709,	18083,	93.9,	87.58,	87.61,	
900000,	125.277,	240885,	14244,	178513,	16358,	93.95,	87.65,	87.7,	
950000,	131.294,	267071,	16439,	196725,	19762,	93.97,	87.71,	87.76,	
1000000,	136.659,	267606,	15653,	198648,	18093,	93.71,	87.2,	87.22,	

1000000,	136.659,	534677,	32092,	395373,	37855,	93.01,	85.73,	85.76,	
Pool,	TP,	FN,	TN,	FP
1,	7785,	1676,	7578,	1187,	
2,	36225,	3648,	25852,	7080,	
3,	74985,	4153,	78970,	5542,	
4,	118116,	6955,	156252,	9892,	
5,	297566,	15660,	126721,	14154,	





OzaBoostAdaHT-ProcessRBF
Speed Change:,	0.01,	Centroids:,	100,	DriftCentroid:	100
GracePeriod:,	800,	TieThreshold:,	0.05,	BinarySplit:,	false,	BaseClassifier:,	HT,	
EnsembleSize:,	5
Count,	Time,	TP,	FN,	TN,	FP,	Accu,	Kappa,	Kpa_t,	Mem,	Depth,	TSize,	DcNod,	ActLf,	InacLf,	Reset,	Alter,	Switch,	Prune,	ClOp0,	ClOp1,	ClOp2,	ClOp3
50000,	10.262,	26615,	3458,	15230,	4676,	83.72,	65.67,	65.86,	
100000,	19.56,	27870,	2269,	16762,	3099,	89.26,	77.42,	77.65,	
150000,	28.174,	54640,	5478,	32397,	7464,	90.38,	79.82,	79.93,	
200000,	36.107,	55871,	4314,	34132,	5683,	90.74,	80.61,	80.73,	
250000,	43.261,	82764,	7423,	49940,	9852,	91.33,	81.86,	81.91,	
300000,	49.738,	84084,	6303,	51598,	8015,	91.36,	81.88,	81.92,	
350000,	55.655,	110707,	9343,	67717,	12212,	91.44,	82.14,	82.3,	
400000,	61.139,	112193,	8225,	69249,	10333,	91.52,	82.27,	82.27,	
450000,	66.061,	139149,	11148,	85254,	14428,	91.96,	83.11,	83.23,	
500000,	70.515,	140508,	10083,	86764,	12645,	91.66,	82.51,	82.64,	
550000,	75.626,	167603,	12924,	102768,	16684,	91.94,	83.06,	83.02,	
600000,	86.739,	168787,	11908,	104462,	14843,	91.95,	83.15,	83.26,	
650000,	97.248,	196081,	14644,	120418,	18836,	92.26,	83.75,	83.76,	
700000,	106.814,	197288,	13641,	121973,	17098,	92.02,	83.24,	83.3,	
750000,	115.468,	224649,	16346,	137930,	21054,	92.16,	83.52,	83.5,	
800000,	123.472,	225612,	15389,	139591,	19408,	91.88,	82.99,	83.05,	
850000,	130.562,	253090,	18142,	155479,	23268,	91.98,	83.16,	83.23,	
900000,	137.115,	254066,	17134,	157162,	21638,	92.05,	83.31,	83.43,	
950000,	143.09,	281562,	19796,	173018,	25603,	92.02,	83.25,	83.31,	
1000000,	148.502,	282491,	18860,	174819,	23830,	92.16,	83.57,	83.76,	

1000000,	148.502,	564053,	38656,	347837,	49433,	91.19,	81.52,	81.6,	
Pool,	TP,	FN,	TN,	FP
1,	11256,	2053,	3902,	1017,	
2,	38365,	3357,	24502,	6320,	
3,	71158,	8532,	71012,	13015,	
4,	152442,	9665,	111696,	17114,	
5,	290832,	15049,	136725,	11967,	





OzaBoostAdaHT-ProcessRBF
Speed Change:,	0.01,	Centroids:,	100,	DriftCentroid:	100
GracePeriod:,	1600,	TieThreshold:,	0.05,	BinarySplit:,	false,	BaseClassifier:,	HT,	
EnsembleSize:,	5
Count,	Time,	TP,	FN,	TN,	FP,	Accu,	Kappa,	Kpa_t,	Mem,	Depth,	TSize,	DcNod,	ActLf,	InacLf,	Reset,	Alter,	Switch,	Prune,	ClOp0,	ClOp1,	ClOp2,	ClOp3
50000,	8.886,	26269,	3228,	16029,	4468,	84.6,	67.88,	68.2,	
100000,	16.632,	27566,	2163,	17550,	2721,	90.23,	79.65,	79.56,	
150000,	23.863,	53892,	5163,	33910,	7029,	91.01,	81.31,	81.46,	
200000,	30.61,	55553,	4056,	35394,	4997,	91.66,	82.61,	82.68,	
250000,	37.019,	81734,	6919,	52136,	9205,	92.14,	83.67,	83.66,	
300000,	42.975,	83518,	5808,	53666,	7008,	92.47,	84.36,	84.47,	
350000,	48.555,	109674,	8630,	70498,	11192,	92.6,	84.65,	84.65,	
400000,	53.812,	111645,	7402,	72043,	8910,	93.01,	85.46,	85.56,	
450000,	58.554,	137909,	10241,	88757,	13087,	92.99,	85.39,	85.45,	
500000,	62.729,	140007,	8995,	90220,	10778,	93.08,	85.56,	85.65,	
550000,	67.447,	166004,	11768,	107232,	14990,	93.14,	85.75,	85.65,	
600000,	76.597,	168344,	10455,	108537,	12664,	93.31,	86.06,	86.05,	
650000,	85.106,	194134,	13241,	125724,	16895,	93.24,	85.97,	86.05,	
700000,	93.14,	196596,	11962,	126954,	14488,	93.34,	86.14,	86.23,	
750000,	100.791,	222327,	14812,	144125,	18730,	93.19,	85.83,	85.82,	
800000,	107.834,	224829,	13385,	145469,	16317,	93.5,	86.48,	86.46,	
850000,	114.448,	250561,	16262,	162620,	20551,	93.46,	86.4,	86.46,	
900000,	120.552,	252887,	14821,	164165,	18127,	93.51,	86.55,	86.48,	
950000,	126.201,	278542,	17681,	181462,	22309,	93.65,	86.85,	86.88,	
1000000,	131.455,	281183,	16253,	182735,	19829,	93.73,	86.97,	86.98,	

1000000,	131.455,	559725,	33934,	364197,	42138,	92.39,	84.18,	84.22,	
Pool,	TP,	FN,	TN,	FP
1,	8268,	1563,	6306,	2072,	
2,	48865,	7504,	13583,	2796,	
3,	73398,	7481,	68477,	14226,	
4,	134415,	9298,	130246,	16887,	
5,	294779,	8088,	145585,	6157,	





OzaBoostAdaHT-ProcessRBF
Speed Change:,	0.01,	Centroids:,	100,	DriftCentroid:	100
GracePeriod:,	3200,	TieThreshold:,	0.05,	BinarySplit:,	false,	BaseClassifier:,	HT,	
EnsembleSize:,	5
Count,	Time,	TP,	FN,	TN,	FP,	Accu,	Kappa,	Kpa_t,	Mem,	Depth,	TSize,	DcNod,	ActLf,	InacLf,	Reset,	Alter,	Switch,	Prune,	ClOp0,	ClOp1,	ClOp2,	ClOp3
50000,	9.088,	17109,	4734,	23778,	4376,	81.77,	62.89,	62.96,	
100000,	16.718,	18610,	3096,	25053,	3241,	87.33,	74.23,	74.24,	
150000,	23.92,	36058,	7444,	49085,	7410,	88.51,	76.65,	76.7,	
200000,	30.743,	37520,	5802,	50670,	6008,	89.05,	77.71,	77.73,	
250000,	37.182,	55373,	9865,	74598,	10161,	89.66,	78.99,	78.98,	
300000,	43.094,	56827,	8049,	76522,	8602,	90.32,	80.3,	80.28,	
350000,	48.592,	74738,	12071,	100449,	12739,	90.43,	80.54,	80.57,	
400000,	53.743,	76266,	10305,	102317,	11112,	90.47,	80.62,	80.66,	
450000,	58.394,	93959,	14167,	126624,	15247,	90.79,	81.22,	81.2,	
500000,	62.548,	95820,	12354,	128239,	13587,	90.95,	81.61,	81.51,	
550000,	67.019,	113718,	16254,	152419,	17606,	91.11,	81.95,	81.96,	
600000,	75.951,	115395,	14420,	154241,	15944,	91.15,	82.01,	81.89,	
650000,	84.293,	133345,	18366,	178272,	20014,	90.96,	81.64,	81.43,	
700000,	92.167,	135095,	16415,	180160,	18330,	91.24,	82.2,	82.25,	
750000,	99.546,	152930,	20325,	204392,	22350,	91.41,	82.52,	82.5,	
800000,	106.47,	155005,	18402,	205887,	20706,	91.27,	82.31,	82.14,	
850000,	112.863,	172648,	22352,	230485,	24512,	91.62,	82.97,	82.96,	
900000,	118.937,	174499,	20415,	232141,	22945,	91.5,	82.68,	82.7,	
950000,	124.551,	192395,	24287,	256459,	26856,	91.44,	82.62,	82.51,	
1000000,	129.666,	194228,	22340,	258203,	25229,	91.58,	82.89,	82.93,	

1000000,	129.666,	386623,	46627,	514662,	52085,	90.13,	79.93,	79.9,	
Pool,	TP,	FN,	TN,	FP
1,	7092,	2877,	5326,	2947,	
2,	37685,	5864,	22404,	6775,	
3,	101922,	14929,	40930,	5911,	
4,	117387,	15047,	137242,	21133,	
5,	122537,	7910,	308760,	15319,	





OzaBoostAdaHT-ProcessRBF
Speed Change:,	0.01,	Centroids:,	100,	DriftCentroid:	100
GracePeriod:,	200,	TieThreshold:,	0.001,	BinarySplit:,	false,	BaseClassifier:,	HT,	
EnsembleSize:,	5
Count,	Time,	TP,	FN,	TN,	FP,	Accu,	Kappa,	Kpa_t,	Mem,	Depth,	TSize,	DcNod,	ActLf,	InacLf,	Reset,	Alter,	Switch,	Prune,	ClOp0,	ClOp1,	ClOp2,	ClOp3
50000,	7.665,	10568,	10876,	22129,	6166,	65.64,	28.11,	30.29,	
100000,	14.035,	10422,	11352,	22256,	5970,	65.36,	27.49,	29.77,	
150000,	19.917,	20734,	22329,	44157,	12519,	64.39,	25.35,	27.28,	
200000,	25.31,	20735,	22859,	44436,	11970,	64.99,	26.73,	28.76,	
250000,	30.216,	31174,	33664,	66156,	18745,	64.88,	26.6,	29.19,	
300000,	34.611,	30947,	34161,	66600,	18292,	64.75,	26.01,	27.95,	
350000,	38.614,	43465,	43184,	88187,	24903,	68.64,	35.12,	35.87,	
400000,	41.977,	45809,	41214,	88219,	24758,	72.96,	44.93,	44.83,	
450000,	44.787,	58316,	49945,	109968,	31510,	73.26,	45.48,	45.43,	
500000,	47.091,	60887,	47806,	109900,	31407,	73.52,	46.1,	45.69,	
550000,	49.853,	73498,	56573,	131362,	38306,	73.15,	45.46,	45.43,	
600000,	56.837,	75932,	54454,	131599,	38015,	73.49,	46.02,	45.89,	
650000,	63.389,	88719,	63214,	152865,	44941,	73.45,	46.04,	46.09,	
700000,	69.47,	90965,	61064,	153306,	44665,	73.48,	46.0,	45.8,	
750000,	75.02,	103756,	70005,	174398,	51580,	73.14,	45.36,	45.6,	
800000,	80.269,	106026,	67792,	175021,	51161,	73.55,	46.15,	46.4,	
850000,	85.034,	118735,	76935,	196232,	57837,	73.63,	46.25,	46.52,	
900000,	89.334,	120885,	74538,	197073,	57504,	73.82,	46.54,	47.17,	
950000,	93.167,	133731,	83530,	218231,	64247,	73.99,	46.94,	47.24,	
1000000,	96.551,	136065,	81082,	218987,	63866,	74.19,	47.42,	47.1,	

1000000,	96.551,	269796,	164612,	437218,	128113,	70.71,	39.82,	40.41,	
Pool,	TP,	FN,	TN,	FP
1,	5102,	5080,	6370,	1669,	
2,	8595,	18216,	27447,	18415,	
3,	61639,	39884,	32065,	29827,	
4,	75912,	62358,	123437,	29303,	
5,	118548,	39074,	247899,	48899,	





OzaBoostAdaHT-ProcessRBF
Speed Change:,	0.01,	Centroids:,	100,	DriftCentroid:	100
GracePeriod:,	200,	TieThreshold:,	0.005,	BinarySplit:,	false,	BaseClassifier:,	HT,	
EnsembleSize:,	5
Count,	Time,	TP,	FN,	TN,	FP,	Accu,	Kappa,	Kpa_t,	Mem,	Depth,	TSize,	DcNod,	ActLf,	InacLf,	Reset,	Alter,	Switch,	Prune,	ClOp0,	ClOp1,	ClOp2,	ClOp3
50000,	8.138,	21742,	6702,	10832,	10710,	65.17,	27.34,	28.75,	
100000,	14.76,	21948,	6494,	11165,	10393,	66.23,	29.61,	31.76,	
150000,	20.88,	43624,	13161,	21977,	21224,	66.05,	29.31,	30.89,	
200000,	26.54,	43834,	13215,	22173,	20778,	65.79,	28.58,	30.2,	
250000,	31.898,	65750,	19488,	33850,	30898,	68.0,	33.5,	34.68,	
300000,	37.293,	67475,	17874,	37451,	27200,	77.84,	54.46,	55.18,	
350000,	42.178,	89680,	24078,	49365,	36863,	78.89,	56.58,	57.19,	
400000,	46.616,	91598,	22354,	53086,	32962,	79.52,	57.84,	58.09,	
450000,	50.593,	114247,	28284,	64860,	42595,	80.12,	58.93,	58.82,	
500000,	54.033,	116080,	26294,	68823,	38803,	80.44,	59.7,	60.18,	
550000,	57.873,	138727,	32350,	80763,	48146,	80.77,	60.4,	60.92,	
600000,	65.96,	141327,	29807,	84944,	43922,	82.74,	64.32,	64.54,	
650000,	73.441,	164000,	35603,	97384,	52999,	83.79,	66.61,	66.86,	
700000,	80.396,	166684,	32977,	101554,	48785,	83.93,	66.89,	67.17,	
750000,	87.055,	189573,	38636,	114155,	57622,	84.69,	68.43,	68.6,	
800000,	93.295,	192611,	35638,	118589,	53162,	85.92,	70.96,	71.23,	
850000,	99.061,	215347,	41187,	131649,	61803,	86.54,	72.34,	72.64,	
900000,	104.487,	218733,	38022,	135882,	57363,	86.83,	72.85,	73.1,	
950000,	109.27,	241529,	43597,	149089,	65771,	87.24,	73.71,	74.0,	
1000000,	113.595,	244818,	40404,	153636,	61142,	87.68,	74.67,	74.86,	

1000000,	113.595,	486347,	84001,	302725,	126913,	78.91,	56.43,	56.97,	
Pool,	TP,	FN,	TN,	FP
1,	12221,	2387,	836,	2732,	
2,	34909,	8967,	15062,	13802,	
3,	66966,	13579,	44938,	38187,	
4,	155494,	21611,	101230,	12467,	
5,	216757,	37457,	140659,	59725,	





OzaBoostAdaHT-ProcessRBF
Speed Change:,	0.01,	Centroids:,	100,	DriftCentroid:	100
GracePeriod:,	200,	TieThreshold:,	0.01,	BinarySplit:,	false,	BaseClassifier:,	HT,	
EnsembleSize:,	5
Count,	Time,	TP,	FN,	TN,	FP,	Accu,	Kappa,	Kpa_t,	Mem,	Depth,	TSize,	DcNod,	ActLf,	InacLf,	Reset,	Alter,	Switch,	Prune,	ClOp0,	ClOp1,	ClOp2,	ClOp3
50000,	8.041,	13261,	9975,	19882,	6878,	66.29,	31.64,	32.23,	
100000,	15.367,	16906,	6158,	22046,	4890,	77.9,	55.37,	55.48,	
150000,	22.349,	32343,	14062,	42916,	10675,	84.23,	68.27,	68.43,	
200000,	28.889,	37020,	9422,	45563,	7995,	87.26,	74.41,	74.41,	
250000,	34.959,	52285,	17010,	67098,	13603,	88.25,	76.33,	76.54,	
300000,	40.609,	57351,	12379,	69366,	10904,	88.27,	76.42,	76.38,	
350000,	45.863,	72860,	19574,	91327,	16235,	89.61,	79.1,	79.24,	
400000,	50.604,	78028,	14939,	93618,	13415,	89.86,	79.61,	79.5,	
450000,	54.834,	93528,	22112,	115558,	18798,	89.8,	79.49,	79.58,	
500000,	58.633,	98986,	17476,	117619,	15919,	89.92,	79.76,	79.76,	
550000,	62.775,	114253,	24616,	139958,	21169,	90.25,	80.39,	80.36,	
600000,	71.276,	119712,	19953,	142059,	18276,	90.33,	80.56,	80.57,	
650000,	79.138,	135193,	27011,	164351,	23441,	90.67,	81.24,	81.24,	
700000,	86.542,	140747,	22177,	166524,	20552,	91.0,	81.91,	81.8,	
750000,	93.423,	156324,	29157,	188870,	25645,	91.3,	82.52,	82.52,	
800000,	99.758,	161873,	24278,	191126,	22723,	91.46,	82.83,	82.74,	
850000,	105.538,	177388,	31250,	213597,	27761,	91.58,	83.07,	82.97,	
900000,	110.821,	182929,	26302,	215810,	24959,	91.48,	82.87,	82.87,	
950000,	115.499,	198514,	33390,	238239,	29853,	91.54,	82.99,	82.89,	
1000000,	119.676,	204325,	28402,	240322,	26951,	91.82,	83.57,	83.7,	

1000000,	119.676,	402839,	61792,	478561,	56804,	88.14,	76.14,	76.16,	
Pool,	TP,	FN,	TN,	FP
1,	6795,	3103,	4112,	4192,	
2,	26230,	6460,	34818,	5205,	
3,	58605,	15738,	74545,	14646,	
4,	109982,	12033,	148044,	20831,	
5,	201227,	24458,	217042,	11930,	





OzaBoostAdaHT-ProcessRBF
Speed Change:,	0.01,	Centroids:,	100,	DriftCentroid:	100
GracePeriod:,	200,	TieThreshold:,	0.05,	BinarySplit:,	false,	BaseClassifier:,	HT,	
EnsembleSize:,	5
Count,	Time,	TP,	FN,	TN,	FP,	Accu,	Kappa,	Kpa_t,	Mem,	Depth,	TSize,	DcNod,	ActLf,	InacLf,	Reset,	Alter,	Switch,	Prune,	ClOp0,	ClOp1,	ClOp2,	ClOp3
50000,	9.568,	24864,	3649,	17561,	3919,	84.85,	69.05,	69.06,	
100000,	17.534,	26263,	2283,	18683,	2771,	89.89,	79.31,	79.22,	
150000,	25.299,	51100,	5922,	36489,	6482,	90.33,	80.23,	80.13,	
200000,	32.516,	52772,	4307,	37764,	5157,	91.18,	81.96,	82.12,	
250000,	39.322,	77916,	7902,	55314,	8861,	91.28,	82.11,	82.22,	
300000,	45.648,	79519,	6178,	56749,	7554,	91.46,	82.51,	82.56,	
350000,	51.664,	104626,	9748,	74484,	11135,	91.76,	83.14,	83.23,	
400000,	57.172,	106425,	8043,	75751,	9781,	91.82,	83.21,	83.38,	
450000,	62.084,	131236,	11626,	93704,	13427,	91.66,	82.95,	83.05,	
500000,	66.706,	133070,	9944,	95045,	11941,	91.88,	83.4,	83.49,	
550000,	71.666,	158061,	13382,	112981,	15569,	92.2,	84.05,	84.02,	
600000,	81.093,	159836,	11738,	114511,	13915,	92.46,	84.6,	84.56,	
650000,	90.076,	184835,	15186,	132415,	17557,	92.42,	84.5,	84.57,	
700000,	98.521,	186477,	13521,	134026,	15976,	92.31,	84.31,	84.31,	
750000,	106.504,	211483,	16999,	152003,	19508,	92.47,	84.64,	84.58,	
800000,	114.034,	213492,	15278,	153239,	17991,	92.46,	84.54,	84.6,	
850000,	121.045,	238044,	18766,	171705,	21478,	92.53,	84.77,	84.78,	
900000,	127.6,	240312,	17070,	172739,	19879,	92.64,	84.96,	84.91,	
950000,	133.675,	264754,	20584,	191235,	23420,	92.48,	84.64,	84.63,	
1000000,	139.306,	267053,	18787,	192339,	21821,	92.68,	85.06,	85.02,	

1000000,	139.306,	531807,	39371,	383574,	45241,	91.54,	82.7,	82.72,	
Pool,	TP,	FN,	TN,	FP
1,	7067,	2020,	5629,	3475,	
2,	32976,	4622,	30818,	4257,	
3,	85451,	7811,	59259,	11175,	
4,	116486,	10114,	153876,	10512,	
5,	289827,	14804,	133992,	15822,	





OzaBoostAdaHT-ProcessRBF
Speed Change:,	0.01,	Centroids:,	100,	DriftCentroid:	100
GracePeriod:,	200,	TieThreshold:,	0.1,	BinarySplit:,	false,	BaseClassifier:,	HT,	
EnsembleSize:,	5
Count,	Time,	TP,	FN,	TN,	FP,	Accu,	Kappa,	Kpa_t,	Mem,	Depth,	TSize,	DcNod,	ActLf,	InacLf,	Reset,	Alter,	Switch,	Prune,	ClOp0,	ClOp1,	ClOp2,	ClOp3
50000,	9.916,	18104,	2916,	26702,	2275,	89.61,	78.59,	78.83,	
100000,	18.52,	18825,	1921,	27795,	1459,	93.24,	86.03,	86.01,	
150000,	26.741,	37373,	4700,	54341,	3583,	93.82,	87.28,	87.35,	
200000,	34.72,	38037,	3617,	55647,	2699,	94.13,	87.9,	88.03,	
250000,	42.241,	56676,	6274,	82258,	4719,	94.58,	88.84,	88.92,	
300000,	49.186,	57251,	5189,	83702,	3842,	94.57,	88.79,	88.9,	
350000,	55.746,	75957,	7858,	110262,	5849,	94.57,	88.8,	88.91,	
400000,	61.88,	76256,	6680,	111868,	4933,	94.84,	89.33,	89.46,	
450000,	67.424,	94652,	9480,	138542,	7004,	94.45,	88.49,	88.57,	
500000,	72.454,	95517,	8234,	139961,	6004,	94.75,	89.16,	89.23,	
550000,	77.896,	113958,	11015,	166535,	8117,	94.7,	89.08,	89.05,	
600000,	87.913,	114832,	9780,	167976,	7090,	94.74,	89.15,	89.2,	
650000,	97.191,	133051,	12571,	194669,	9273,	94.58,	88.79,	88.85,	
700000,	105.967,	134184,	11220,	196119,	8121,	95.06,	89.8,	89.85,	
750000,	114.272,	152521,	14022,	222676,	10318,	95.01,	89.72,	89.74,	
800000,	122.206,	153751,	12638,	224096,	9119,	95.17,	90.06,	90.08,	
850000,	129.646,	171943,	15447,	250630,	11418,	94.95,	89.6,	89.65,	
900000,	136.639,	173271,	14027,	252092,	10189,	95.08,	89.88,	89.97,	
950000,	143.204,	191135,	16823,	278576,	12464,	95.16,	90.04,	90.05,	
1000000,	149.376,	191963,	15499,	280105,	11228,	94.98,	89.66,	89.57,	

1000000,	149.376,	383098,	32322,	558681,	23692,	94.4,	88.45,	88.51,	
Pool,	TP,	FN,	TN,	FP
1,	8473,	970,	7887,	844,	
2,	26440,	7396,	35110,	3824,	
3,	57205,	6674,	94649,	4904,	
4,	136117,	9761,	140213,	4604,	
5,	154863,	7521,	280822,	9516,	





OzaBoostAdaHT-ProcessRBF
Speed Change:,	0.01,	Centroids:,	100,	DriftCentroid:	100
GracePeriod:,	200,	TieThreshold:,	0.01,	BinarySplit:,	true,	BaseClassifier:,	HT,	
EnsembleSize:,	5
Count,	Time,	TP,	FN,	TN,	FP,	Accu,	Kappa,	Kpa_t,	Mem,	Depth,	TSize,	DcNod,	ActLf,	InacLf,	Reset,	Alter,	Switch,	Prune,	ClOp0,	ClOp1,	ClOp2,	ClOp3
50000,	8.174,	17964,	7496,	17218,	7319,	70.36,	40.72,	40.26,	
100000,	15.338,	19824,	5659,	20025,	4492,	79.7,	59.42,	59.33,	
150000,	22.259,	39977,	11338,	37784,	10898,	85.16,	70.29,	70.28,	
200000,	28.84,	42569,	8328,	41823,	7280,	89.09,	78.16,	78.09,	
250000,	35.074,	63266,	13748,	59610,	13373,	90.23,	80.44,	80.53,	
300000,	40.964,	65541,	10721,	64005,	9733,	90.31,	80.61,	80.6,	
350000,	46.288,	86364,	16177,	81800,	15656,	90.58,	81.15,	81.14,	
400000,	51.098,	88549,	13194,	86470,	11787,	90.95,	81.89,	81.82,	
450000,	55.394,	109824,	18415,	104044,	17714,	91.41,	82.81,	82.74,	
500000,	59.146,	112067,	15168,	108992,	13773,	92.08,	84.15,	84.12,	
550000,	63.366,	133421,	20391,	126626,	19559,	92.36,	84.71,	84.71,	
600000,	71.741,	135647,	17110,	131634,	15609,	92.44,	84.88,	84.9,	
650000,	79.492,	157069,	22230,	149426,	21272,	92.9,	85.79,	85.69,	
700000,	86.769,	159460,	18895,	154263,	17382,	92.88,	85.76,	85.72,	
750000,	93.514,	180821,	23970,	172153,	23053,	92.96,	85.91,	85.93,	
800000,	99.77,	183263,	20605,	176980,	19152,	93.04,	86.07,	86.14,	
850000,	105.571,	204818,	25715,	194613,	24851,	92.91,	85.81,	85.86,	
900000,	110.836,	206940,	22389,	199748,	20923,	92.89,	85.78,	85.78,	
950000,	115.508,	228385,	27368,	217702,	26542,	93.31,	86.62,	86.69,	
1000000,	119.777,	230812,	24128,	222512,	22548,	93.27,	86.54,	86.56,	

1000000,	119.777,	459197,	51496,	440214,	49090,	89.94,	79.88,	79.86,	
Pool,	TP,	FN,	TN,	FP
1,	7705,	5239,	3278,	2010,	
2,	21383,	7586,	36665,	7135,	
3,	21832,	1377,	116169,	24153,	
4,	151795,	16576,	113656,	8749,	
5,	256482,	20718,	170446,	7043,	





OzaBoostAdaHT-ProcessRBF
Speed Change:,	0.01,	Centroids:,	100,	DriftCentroid:	100
GracePeriod:,	200,	TieThreshold:,	0.01,	BinarySplit:,	true,	BaseClassifier:,	HT,	
EnsembleSize:,	5
Count,	Time,	TP,	FN,	TN,	FP,	Accu,	Kappa,	Kpa_t,	Mem,	Depth,	TSize,	DcNod,	ActLf,	InacLf,	Reset,	Alter,	Switch,	Prune,	ClOp0,	ClOp1,	ClOp2,	ClOp3
50000,	8.307,	22752,	4456,	17655,	5130,	80.82,	61.24,	61.03,	
100000,	15.244,	24450,	2527,	18395,	4628,	85.69,	71.01,	71.31,	
150000,	21.92,	47471,	6733,	36698,	9091,	87.52,	74.75,	74.91,	
200000,	28.191,	49183,	4832,	37654,	8331,	87.98,	75.7,	75.75,	
250000,	34.031,	72292,	8967,	56006,	12728,	88.26,	76.25,	76.33,	
300000,	39.302,	74315,	6908,	56836,	11941,	88.63,	76.95,	77.21,	
350000,	44.155,	97096,	11042,	75825,	16030,	89.25,	78.29,	78.29,	
400000,	48.623,	99272,	9030,	76576,	15122,	89.39,	78.56,	78.44,	
450000,	52.595,	121910,	13057,	95819,	19207,	89.62,	79.05,	79.02,	
500000,	56.071,	124410,	11062,	96418,	18110,	89.96,	79.7,	79.83,	
550000,	60.273,	146935,	15111,	115976,	21971,	90.36,	80.55,	80.56,	
600000,	68.706,	149234,	13260,	116801,	20705,	90.41,	80.68,	80.65,	
650000,	76.497,	171891,	17081,	136305,	24716,	90.57,	80.98,	80.94,	
700000,	83.788,	174326,	15351,	137111,	23212,	90.8,	81.44,	81.52,	
750000,	90.601,	196805,	19178,	156999,	27011,	91.22,	82.31,	82.38,	
800000,	96.857,	199226,	17366,	157833,	25575,	91.24,	82.37,	82.46,	
850000,	102.577,	221897,	21222,	177582,	29292,	91.35,	82.56,	82.66,	
900000,	107.861,	224284,	19332,	178610,	27774,	91.67,	83.22,	83.22,	
950000,	112.635,	246927,	23303,	198330,	31433,	91.56,	82.99,	83.06,	
1000000,	116.95,	249325,	21364,	199423,	29888,	91.71,	83.3,	83.14,	

1000000,	116.95,	496252,	44667,	397753,	61321,	89.4,	78.6,	78.64,	
Pool,	TP,	FN,	TN,	FP
1,	3253,	1943,	6001,	7000,	
2,	24791,	9866,	25986,	12083,	
3,	82471,	3102,	68414,	9578,	
4,	174461,	13893,	88406,	14362,	
5,	211276,	15863,	208946,	18298,	





OzaBoostAdaHT-ProcessRBF
Speed Change:,	0.01,	Centroids:,	100,	DriftCentroid:	100
GracePeriod:,	200,	TieThreshold:,	0.01,	BinarySplit:,	true,	BaseClassifier:,	HT,	
EnsembleSize:,	5
Count,	Time,	TP,	FN,	TN,	FP,	Accu,	Kappa,	Kpa_t,	Mem,	Depth,	TSize,	DcNod,	ActLf,	InacLf,	Reset,	Alter,	Switch,	Prune,	ClOp0,	ClOp1,	ClOp2,	ClOp3
50000,	8.096,	8634,	8273,	28882,	4197,	75.04,	40.77,	43.97,	
100000,	15.2,	10450,	6432,	29835,	3283,	80.57,	54.48,	56.64,	
150000,	22.0,	20301,	13423,	59527,	6735,	84.62,	64.19,	65.43,	
200000,	28.625,	23199,	10346,	61631,	4824,	89.09,	74.54,	75.51,	
250000,	34.857,	33204,	17270,	91251,	8261,	89.25,	75.02,	75.96,	
300000,	40.642,	36801,	13738,	93160,	6301,	90.26,	77.69,	78.43,	
350000,	45.929,	46764,	20369,	123255,	9598,	91.13,	79.49,	80.09,	
400000,	50.832,	50784,	16553,	125026,	7637,	91.7,	80.98,	81.33,	
450000,	55.21,	60894,	23035,	155087,	10970,	91.92,	81.55,	81.91,	
500000,	59.073,	65185,	19060,	156785,	8970,	92.32,	82.55,	82.85,	
550000,	63.393,	75245,	25441,	187018,	12282,	92.56,	83.04,	83.35,	
600000,	71.807,	79497,	21421,	188887,	10195,	92.83,	83.59,	84.04,	
650000,	79.635,	90064,	27587,	218776,	13559,	93.15,	84.54,	84.74,	
700000,	86.951,	94014,	23554,	221065,	11367,	93.39,	84.9,	85.13,	
750000,	93.727,	104533,	29785,	250978,	14690,	93.34,	84.78,	84.99,	
800000,	100.088,	108708,	25739,	253064,	12489,	93.39,	84.98,	85.31,	
850000,	105.968,	119189,	31986,	283056,	15755,	93.47,	85.14,	85.42,	
900000,	111.425,	123525,	27809,	285085,	13581,	93.68,	85.66,	85.85,	
950000,	116.361,	133998,	34143,	315064,	16781,	93.63,	85.57,	85.75,	
1000000,	120.793,	138195,	29759,	317351,	14695,	93.87,	86.02,	86.2,	

1000000,	120.793,	272193,	63902,	632415,	31476,	90.46,	78.1,	78.65,	
Pool,	TP,	FN,	TN,	FP
1,	4294,	4946,	7620,	1302,	
2,	12155,	5082,	49878,	5529,	
3,	64732,	23659,	71040,	4203,	
4,	87958,	18275,	177565,	6945,	
5,	103054,	11940,	326312,	13497,	





OzaBoostAdaHT-ProcessRBF
Speed Change:,	0.01,	Centroids:,	100,	DriftCentroid:	100
GracePeriod:,	200,	TieThreshold:,	0.01,	BinarySplit:,	true,	BaseClassifier:,	HT,	
EnsembleSize:,	5
Count,	Time,	TP,	FN,	TN,	FP,	Accu,	Kappa,	Kpa_t,	Mem,	Depth,	TSize,	DcNod,	ActLf,	InacLf,	Reset,	Alter,	Switch,	Prune,	ClOp0,	ClOp1,	ClOp2,	ClOp3
50000,	8.29,	11029,	7549,	27973,	3441,	78.01,	50.69,	52.48,	
100000,	16.183,	12950,	5638,	29107,	2305,	84.11,	64.7,	65.83,	
150000,	23.315,	24954,	12108,	57313,	5617,	86.53,	70.3,	71.14,	
200000,	30.008,	27516,	9471,	58302,	4711,	87.52,	72.73,	73.3,	
250000,	36.033,	40141,	15442,	86473,	7936,	88.69,	75.48,	75.82,	
300000,	41.426,	42746,	12582,	87596,	7076,	89.05,	76.22,	76.38,	
350000,	46.418,	55470,	18540,	115821,	10161,	89.35,	76.9,	77.1,	
400000,	51.006,	58272,	15627,	116879,	9222,	89.62,	77.54,	78.05,	
450000,	55.047,	70894,	21470,	145219,	12409,	89.64,	77.54,	77.57,	
500000,	58.66,	73902,	18428,	146272,	11398,	90.05,	78.46,	78.67,	
550000,	62.79,	86641,	24330,	174621,	14400,	90.3,	79.04,	79.23,	
600000,	72.329,	89515,	21175,	175739,	13571,	90.16,	78.69,	78.7,	
650000,	80.695,	102173,	27274,	204209,	16336,	90.24,	78.81,	79.34,	
700000,	88.261,	105292,	23938,	205232,	15538,	90.54,	79.55,	79.82,	
750000,	95.146,	118095,	29922,	233706,	18269,	90.84,	80.22,	80.4,	
800000,	101.385,	121009,	26471,	234990,	17530,	90.95,	80.35,	80.58,	
850000,	107.225,	133907,	32539,	263361,	20185,	90.93,	80.37,	80.54,	
900000,	112.44,	137009,	29051,	264525,	19415,	91.07,	80.73,	80.95,	
950000,	117.23,	149885,	35193,	292735,	22179,	90.7,	79.97,	80.19,	
1000000,	121.5,	152855,	31562,	294224,	21359,	91.09,	80.7,	80.86,	

1000000,	121.5,	302740,	66755,	586959,	43538,	88.97,	76.02,	76.36,	
Pool,	TP,	FN,	TN,	FP
1,	4016,	2805,	6673,	4720,	
2,	17911,	6745,	42201,	5813,	
3,	14456,	13474,	124489,	11271,	
4,	167979,	33061,	85132,	4626,	
5,	98378,	10670,	328464,	17108,	





OzaBoostAdaHT-ProcessRBF
Speed Change:,	0.01,	Centroids:,	100,	DriftCentroid:	100
GracePeriod:,	200,	TieThreshold:,	0.01,	BinarySplit:,	true,	BaseClassifier:,	HT,	
EnsembleSize:,	5
Count,	Time,	TP,	FN,	TN,	FP,	Accu,	Kappa,	Kpa_t,	Mem,	Depth,	TSize,	DcNod,	ActLf,	InacLf,	Reset,	Alter,	Switch,	Prune,	ClOp0,	ClOp1,	ClOp2,	ClOp3
50000,	8.187,	18180,	6445,	18163,	7208,	72.69,	45.39,	45.36,	
100000,	15.381,	19991,	4720,	19982,	5307,	79.95,	59.9,	59.8,	
150000,	22.17,	38233,	10986,	39716,	11061,	83.21,	66.4,	66.49,	
200000,	28.504,	40415,	8928,	42282,	8375,	85.45,	70.87,	70.71,	
250000,	34.441,	58721,	14954,	62567,	13754,	86.68,	73.31,	73.27,	
300000,	39.971,	61472,	12347,	65299,	10882,	88.15,	76.27,	76.08,	
350000,	45.093,	79817,	18193,	85584,	16402,	88.23,	76.42,	76.5,	
400000,	49.768,	83177,	15009,	88461,	13353,	89.73,	79.45,	79.38,	
450000,	53.922,	101621,	20907,	108572,	18896,	89.58,	79.16,	79.18,	
500000,	57.614,	104948,	17691,	111598,	15763,	89.82,	79.62,	79.63,	
550000,	61.807,	123683,	23502,	131512,	21299,	90.0,	80.0,	80.05,	
600000,	70.086,	126901,	20157,	134786,	18156,	90.28,	80.55,	80.61,	
650000,	77.762,	145676,	25961,	154655,	23704,	90.27,	80.53,	80.56,	
700000,	84.998,	149229,	22521,	157819,	20431,	90.72,	81.44,	81.54,	
750000,	91.72,	167981,	28366,	177692,	25957,	90.68,	81.36,	81.41,	
800000,	98.087,	171411,	24884,	181009,	22696,	90.74,	81.48,	81.44,	
850000,	103.884,	190226,	30703,	201046,	28021,	91.2,	82.39,	82.24,	
900000,	109.182,	193515,	27265,	204451,	24769,	91.09,	82.17,	82.17,	
950000,	114.008,	212425,	33035,	224420,	30116,	91.15,	82.28,	82.31,	
1000000,	118.348,	215612,	29624,	227889,	26875,	91.07,	82.13,	82.18,	

1000000,	118.348,	428037,	62659,	452309,	56991,	88.03,	76.06,	76.05,	
Pool,	TP,	FN,	TN,	FP
1,	5069,	4850,	6292,	1955,	
2,	37438,	7278,	24585,	3366,	
3,	65016,	14474,	72911,	11237,	
4,	120706,	21346,	123185,	25685,	
5,	199808,	14711,	225336,	14748,	





