OzaBoostHT-RandomRBF
Speed Change:,	0.0,	Centroids:,	100,	DriftCentroid:	100
GracePeriod:,	200,	TieThreshold:,	0.05,	BinarySplit:,	false,	BaseClassifier:,	HT,	
EnsembleSize:,	1
Count,	Time,	TP,	FN,	TN,	FP,	Accu,	Kappa,	Kpa_t,	Mem,	Depth,	TSize,	DcNod,	ActLf,	InacLf,	Reset,	Alter,	Switch,	Prune,	ClOp0,	ClOp1,	ClOp2,	ClOp3
50000,	0.519,	20627,	4356,	20230,	4675,	81.84,	63.67,	63.49,	
100000,	0.93,	22083,	2852,	21648,	3294,	87.61,	75.21,	75.1,	
150000,	1.326,	42702,	7261,	42576,	7259,	88.91,	77.83,	78.02,	
200000,	1.743,	44460,	5256,	44082,	5730,	90.22,	80.44,	80.51,	
250000,	2.153,	65103,	9747,	65141,	9380,	90.7,	81.4,	81.41,	
300000,	2.544,	67144,	7633,	66759,	7753,	91.1,	82.2,	82.29,	
350000,	2.959,	86134,	12012,	88051,	11365,	91.35,	82.71,	82.82,	
400000,	3.367,	87182,	9888,	89723,	9824,	91.23,	82.45,	82.57,	
450000,	3.791,	106648,	14054,	110968,	13286,	91.98,	83.97,	83.92,	
500000,	4.187,	107222,	11960,	112630,	11766,	91.91,	83.81,	83.73,	
550000,	4.588,	126180,	15963,	133858,	15308,	92.09,	84.18,	84.24,	
600000,	5.005,	126687,	13937,	135630,	13669,	92.12,	84.25,	84.23,	
650000,	5.409,	144712,	17868,	156773,	17274,	92.2,	84.4,	84.35,	
700000,	5.818,	145358,	15841,	158561,	15620,	92.19,	84.38,	84.5,	
750000,	6.224,	165202,	19768,	179676,	19208,	92.28,	84.57,	84.6,	
800000,	6.614,	164515,	17677,	181459,	17598,	92.3,	84.6,	84.59,	
850000,	7.039,	184838,	21622,	202594,	21154,	92.3,	84.6,	84.54,	
900000,	7.437,	184466,	19291,	204274,	19608,	92.68,	85.36,	85.33,	
950000,	7.83,	204426,	23267,	225670,	23052,	92.83,	85.66,	85.71,	
1000000,	8.235,	201410,	20989,	227281,	21514,	92.7,	85.41,	85.4,	

1000000,	8.235,	405836,	44256,	452951,	44566,	91.03,	82.05,	82.07,	





OzaBoostHT-RandomRBF
Speed Change:,	0.0,	Centroids:,	100,	DriftCentroid:	100
GracePeriod:,	200,	TieThreshold:,	0.05,	BinarySplit:,	false,	BaseClassifier:,	HT,	
EnsembleSize:,	2
Count,	Time,	TP,	FN,	TN,	FP,	Accu,	Kappa,	Kpa_t,	Mem,	Depth,	TSize,	DcNod,	ActLf,	InacLf,	Reset,	Alter,	Switch,	Prune,	ClOp0,	ClOp1,	ClOp2,	ClOp3
50000,	0.843,	21561,	3483,	20796,	4155,	84.72,	69.43,	69.28,	
100000,	1.586,	22328,	2680,	22581,	2411,	89.82,	79.64,	79.54,	
150000,	2.341,	44240,	5816,	43514,	6424,	90.8,	81.59,	81.75,	
200000,	3.059,	45242,	4844,	45150,	4762,	90.97,	81.94,	82.0,	
250000,	3.802,	67565,	7762,	66082,	8584,	91.79,	83.57,	83.59,	
300000,	4.567,	68577,	6758,	67891,	6771,	92.15,	84.31,	84.39,	
350000,	5.298,	90774,	9567,	89086,	10549,	92.46,	84.92,	85.02,	
400000,	6.035,	91638,	8582,	91056,	8702,	92.49,	84.98,	85.08,	
450000,	6.777,	114017,	11327,	112055,	12463,	92.65,	85.3,	85.26,	
500000,	7.525,	114278,	10363,	113970,	10669,	92.5,	85.01,	84.93,	
550000,	8.329,	137357,	13025,	135075,	14378,	92.77,	85.55,	85.6,	
600000,	9.1,	137346,	12043,	137080,	12520,	92.94,	85.88,	85.86,	
650000,	9.857,	159697,	14648,	158099,	16267,	92.98,	85.95,	85.91,	
700000,	10.622,	160582,	13672,	160097,	14435,	92.91,	85.82,	85.93,	
750000,	11.406,	182327,	16250,	181150,	18076,	93.18,	86.35,	86.39,	
800000,	12.148,	182239,	15265,	183205,	16240,	93.2,	86.41,	86.4,	
850000,	12.926,	204272,	17859,	204379,	19761,	93.41,	86.82,	86.78,	
900000,	13.73,	204266,	16791,	206256,	18047,	93.33,	86.66,	86.63,	
950000,	14.492,	225923,	19401,	227679,	21477,	93.48,	86.97,	87.01,	
1000000,	15.248,	225664,	18363,	229462,	19799,	93.35,	86.7,	86.69,	

1000000,	15.248,	451587,	37764,	457141,	41276,	92.1,	84.19,	84.21,	





OzaBoostHT-RandomRBF
Speed Change:,	0.0,	Centroids:,	100,	DriftCentroid:	100
GracePeriod:,	200,	TieThreshold:,	0.05,	BinarySplit:,	false,	BaseClassifier:,	HT,	
EnsembleSize:,	3
Count,	Time,	TP,	FN,	TN,	FP,	Accu,	Kappa,	Kpa_t,	Mem,	Depth,	TSize,	DcNod,	ActLf,	InacLf,	Reset,	Alter,	Switch,	Prune,	ClOp0,	ClOp1,	ClOp2,	ClOp3
50000,	1.22,	21674,	3367,	21400,	3555,	86.15,	72.3,	72.16,	
100000,	2.337,	22871,	2136,	22603,	2390,	90.95,	81.9,	81.81,	
150000,	3.388,	44709,	5348,	44258,	5681,	91.79,	83.57,	83.71,	
200000,	4.38,	46071,	4017,	45556,	4356,	92.31,	84.61,	84.66,	
250000,	5.395,	68070,	7261,	67043,	7622,	92.29,	84.58,	84.6,	
300000,	6.488,	69406,	5931,	68483,	6180,	92.52,	85.05,	85.13,	
350000,	7.571,	91287,	9076,	90155,	9478,	92.66,	85.32,	85.41,	
400000,	8.635,	92641,	7598,	91777,	7984,	93.06,	86.12,	86.21,	
450000,	9.693,	114707,	10771,	113252,	11266,	93.03,	86.07,	86.03,	
500000,	10.8,	116144,	9210,	114879,	9766,	93.21,	86.42,	86.35,	
550000,	11.91,	138199,	12284,	136341,	13111,	93.28,	86.57,	86.62,	
600000,	12.983,	139581,	10810,	138058,	11550,	93.23,	86.46,	86.45,	
650000,	14.096,	161710,	13830,	159465,	14902,	93.33,	86.65,	86.62,	
700000,	15.229,	162666,	12482,	161231,	13308,	93.14,	86.28,	86.38,	
750000,	16.359,	185306,	15374,	182618,	16609,	93.5,	87.0,	87.02,	
800000,	17.448,	186262,	13974,	184518,	14933,	93.77,	87.53,	87.52,	
850000,	18.59,	208599,	16901,	205890,	18252,	93.66,	87.32,	87.27,	
900000,	19.782,	208545,	15461,	207675,	16637,	93.62,	87.23,	87.21,	
950000,	20.935,	230244,	18404,	229300,	19857,	93.78,	87.57,	87.61,	
1000000,	22.04,	230761,	17070,	231002,	18269,	93.52,	87.04,	87.03,	

1000000,	22.04,	461005,	35474,	460302,	38126,	92.64,	85.28,	85.29,	





OzaBoostHT-RandomRBF
Speed Change:,	0.0,	Centroids:,	100,	DriftCentroid:	100
GracePeriod:,	200,	TieThreshold:,	0.05,	BinarySplit:,	false,	BaseClassifier:,	HT,	
EnsembleSize:,	4
Count,	Time,	TP,	FN,	TN,	FP,	Accu,	Kappa,	Kpa_t,	Mem,	Depth,	TSize,	DcNod,	ActLf,	InacLf,	Reset,	Alter,	Switch,	Prune,	ClOp0,	ClOp1,	ClOp2,	ClOp3
50000,	1.636,	21383,	3659,	21413,	3537,	85.6,	71.2,	71.05,	
100000,	3.104,	22862,	2146,	22805,	2187,	91.33,	82.67,	82.59,	
150000,	4.513,	44556,	5502,	44341,	5593,	92.2,	84.4,	84.54,	
200000,	5.938,	46184,	3902,	45723,	4191,	92.48,	84.96,	85.01,	
250000,	7.377,	68154,	7175,	67082,	7581,	92.68,	85.35,	85.37,	
300000,	8.818,	69743,	5593,	68571,	6093,	92.81,	85.63,	85.7,	
350000,	10.264,	91577,	8781,	90205,	9429,	93.09,	86.18,	86.27,	
400000,	11.725,	93107,	7132,	91870,	7891,	93.33,	86.65,	86.74,	
450000,	13.165,	115188,	10284,	113296,	11224,	93.4,	86.81,	86.77,	
500000,	14.59,	116662,	8691,	114972,	9675,	93.31,	86.63,	86.56,	
550000,	16.058,	138786,	11750,	136449,	13007,	93.5,	87.0,	87.05,	
600000,	17.575,	140162,	10231,	138196,	11411,	93.45,	86.9,	86.88,	
650000,	19.044,	162405,	13211,	159617,	14752,	93.59,	87.18,	87.14,	
700000,	20.586,	163762,	11701,	161438,	13099,	93.68,	87.37,	87.46,	
750000,	22.213,	186040,	14716,	182737,	16492,	93.51,	87.02,	87.05,	
800000,	23.689,	187441,	13110,	184673,	14776,	93.83,	87.66,	87.65,	
850000,	25.234,	209699,	16143,	206047,	18096,	93.94,	87.88,	87.83,	
900000,	26.736,	211155,	14537,	207895,	16413,	93.87,	87.74,	87.72,	
950000,	28.262,	233235,	17582,	229473,	19688,	93.94,	87.88,	87.91,	
1000000,	29.747,	234695,	16041,	231315,	17949,	93.92,	87.84,	87.83,	

1000000,	29.747,	467930,	33623,	460788,	37637,	92.87,	85.75,	85.76,	





OzaBoostHT-RandomRBF
Speed Change:,	0.0,	Centroids:,	100,	DriftCentroid:	100
GracePeriod:,	200,	TieThreshold:,	0.05,	BinarySplit:,	false,	BaseClassifier:,	HT,	
EnsembleSize:,	5
Count,	Time,	TP,	FN,	TN,	FP,	Accu,	Kappa,	Kpa_t,	Mem,	Depth,	TSize,	DcNod,	ActLf,	InacLf,	Reset,	Alter,	Switch,	Prune,	ClOp0,	ClOp1,	ClOp2,	ClOp3
50000,	2.005,	22299,	2745,	22011,	2942,	88.62,	77.24,	77.13,	
100000,	3.833,	23253,	1756,	22939,	2052,	92.38,	84.77,	84.7,	
150000,	5.571,	45694,	4363,	44960,	4980,	92.69,	85.38,	85.5,	
200000,	7.343,	46680,	3409,	45921,	3990,	92.82,	85.64,	85.68,	
250000,	9.114,	69317,	6015,	67902,	6763,	93.13,	86.26,	86.27,	
300000,	10.882,	70354,	4986,	68855,	5805,	93.22,	86.43,	86.5,	
350000,	12.737,	92794,	7569,	91136,	8498,	93.42,	86.84,	86.93,	
400000,	14.602,	93801,	6444,	92179,	7576,	93.54,	87.08,	87.17,	
450000,	16.48,	116348,	9131,	114385,	10133,	93.61,	87.21,	87.17,	
500000,	18.344,	117366,	7995,	115303,	9336,	93.38,	86.76,	86.69,	
550000,	20.147,	139968,	10576,	137575,	11878,	93.62,	87.24,	87.29,	
600000,	21.965,	140905,	9493,	138632,	10970,	93.74,	87.47,	87.46,	
650000,	23.873,	163613,	12017,	160810,	13557,	93.76,	87.52,	87.49,	
700000,	25.832,	164572,	10892,	161888,	12648,	93.85,	87.69,	87.79,	
750000,	27.778,	187352,	13421,	183925,	15299,	93.71,	87.41,	87.44,	
800000,	29.662,	188251,	12299,	185160,	14290,	93.9,	87.8,	87.8,	
850000,	31.576,	211057,	14802,	207179,	16959,	93.92,	87.84,	87.79,	
900000,	33.505,	212039,	13652,	208357,	15952,	93.97,	87.94,	87.91,	
950000,	35.395,	234686,	16158,	230649,	18504,	94.2,	88.4,	88.43,	
1000000,	37.368,	235659,	15074,	231734,	17533,	93.99,	87.99,	87.98,	

1000000,	37.368,	470345,	31232,	462383,	36037,	93.27,	86.55,	86.56,	





OzaBoostHT-RandomRBF
Speed Change:,	0.0,	Centroids:,	100,	DriftCentroid:	100
GracePeriod:,	200,	TieThreshold:,	0.05,	BinarySplit:,	false,	BaseClassifier:,	HT,	
EnsembleSize:,	6
Count,	Time,	TP,	FN,	TN,	FP,	Accu,	Kappa,	Kpa_t,	Mem,	Depth,	TSize,	DcNod,	ActLf,	InacLf,	Reset,	Alter,	Switch,	Prune,	ClOp0,	ClOp1,	ClOp2,	ClOp3
50000,	2.332,	22277,	2764,	22091,	2864,	88.74,	77.48,	77.36,	
100000,	4.413,	23278,	1727,	23068,	1927,	92.69,	85.38,	85.32,	
150000,	6.554,	45776,	4282,	45155,	4783,	93.13,	86.25,	86.37,	
200000,	8.687,	46865,	3219,	46132,	3784,	93.3,	86.6,	86.65,	
250000,	10.913,	69475,	5853,	68136,	6532,	93.36,	86.72,	86.73,	
300000,	13.174,	70561,	4768,	69147,	5524,	93.42,	86.84,	86.91,	
350000,	15.408,	92981,	7375,	91436,	8204,	93.61,	87.22,	87.31,	
400000,	17.683,	94007,	6225,	92523,	7245,	93.64,	87.29,	87.38,	
450000,	20.003,	116571,	8902,	114726,	9797,	93.76,	87.52,	87.48,	
500000,	22.296,	117639,	7711,	115760,	8890,	93.74,	87.48,	87.41,	
550000,	24.59,	140190,	10345,	138023,	11438,	93.83,	87.66,	87.71,	
600000,	26.938,	141240,	9149,	139031,	10580,	93.74,	87.49,	87.47,	
650000,	29.126,	163860,	11758,	161336,	13042,	93.97,	87.93,	87.9,	
700000,	31.372,	164919,	10535,	162265,	12281,	93.83,	87.65,	87.75,	
750000,	33.606,	187640,	13117,	184559,	14680,	94.01,	88.01,	88.04,	
800000,	35.891,	188624,	11916,	185618,	13842,	94.12,	88.23,	88.22,	
850000,	38.188,	211342,	14495,	207941,	16218,	94.17,	88.34,	88.29,	
900000,	40.431,	212410,	13265,	208885,	15440,	94.11,	88.21,	88.19,	
950000,	42.685,	234998,	15820,	231404,	17774,	94.24,	88.48,	88.51,	
1000000,	44.913,	236083,	14636,	232283,	16998,	94.14,	88.28,	88.28,	

1000000,	44.913,	471081,	30456,	463687,	34772,	93.48,	86.95,	86.97,	





OzaBoostHT-RandomRBF
Speed Change:,	0.0,	Centroids:,	100,	DriftCentroid:	100
GracePeriod:,	200,	TieThreshold:,	0.05,	BinarySplit:,	false,	BaseClassifier:,	HT,	
EnsembleSize:,	7
Count,	Time,	TP,	FN,	TN,	FP,	Accu,	Kappa,	Kpa_t,	Mem,	Depth,	TSize,	DcNod,	ActLf,	InacLf,	Reset,	Alter,	Switch,	Prune,	ClOp0,	ClOp1,	ClOp2,	ClOp3
50000,	2.716,	22304,	2741,	22079,	2872,	88.77,	77.54,	77.42,	
100000,	5.187,	23278,	1732,	22941,	2049,	92.44,	84.88,	84.8,	
150000,	7.687,	45689,	4370,	45178,	4759,	92.97,	85.94,	86.06,	
200000,	10.195,	46828,	3259,	45922,	3991,	93.06,	86.12,	86.17,	
250000,	12.744,	69395,	5932,	68110,	6559,	93.28,	86.55,	86.56,	
300000,	15.296,	70539,	4794,	68927,	5740,	93.43,	86.86,	86.93,	
350000,	17.89,	92968,	7389,	91420,	8219,	93.77,	87.53,	87.61,	
400000,	20.437,	93969,	6270,	92412,	7349,	93.83,	87.66,	87.75,	
450000,	23.003,	116621,	8856,	114744,	9775,	93.95,	87.91,	87.87,	
500000,	25.635,	117621,	7735,	115715,	8929,	93.91,	87.82,	87.76,	
550000,	28.231,	140260,	10278,	138065,	11393,	93.92,	87.84,	87.88,	
600000,	30.872,	141244,	9143,	139039,	10574,	93.89,	87.79,	87.77,	
650000,	33.508,	163967,	11659,	161301,	13069,	93.89,	87.77,	87.74,	
700000,	36.218,	164957,	10498,	162374,	12171,	94.1,	88.19,	88.28,	
750000,	38.973,	187783,	12984,	184546,	14683,	94.12,	88.24,	88.27,	
800000,	41.677,	188596,	11948,	185757,	13699,	94.04,	88.09,	88.08,	
850000,	44.372,	211494,	14358,	207950,	16194,	94.23,	88.46,	88.42,	
900000,	46.976,	212468,	13211,	209055,	15266,	94.34,	88.68,	88.66,	
950000,	49.576,	235127,	15708,	231357,	17804,	94.08,	88.16,	88.2,	
1000000,	52.258,	236123,	14597,	232479,	16801,	94.16,	88.32,	88.31,	

1000000,	52.258,	471250,	30305,	463836,	34605,	93.51,	87.02,	87.03,	





OzaBoostHT-RandomRBF
Speed Change:,	0.0,	Centroids:,	100,	DriftCentroid:	100
GracePeriod:,	200,	TieThreshold:,	0.05,	BinarySplit:,	false,	BaseClassifier:,	HT,	
EnsembleSize:,	8
Count,	Time,	TP,	FN,	TN,	FP,	Accu,	Kappa,	Kpa_t,	Mem,	Depth,	TSize,	DcNod,	ActLf,	InacLf,	Reset,	Alter,	Switch,	Prune,	ClOp0,	ClOp1,	ClOp2,	ClOp3
50000,	3.009,	22330,	2707,	22083,	2865,	88.84,	77.68,	77.57,	
100000,	5.979,	23461,	1543,	23074,	1922,	93.07,	86.14,	86.07,	
150000,	9.001,	45867,	4184,	45251,	4683,	93.41,	86.82,	86.93,	
200000,	11.982,	47068,	3013,	46182,	3737,	93.43,	86.86,	86.9,	
250000,	14.863,	69659,	5662,	68198,	6466,	93.48,	86.95,	86.97,	
300000,	17.788,	70892,	4435,	69171,	5502,	93.63,	87.25,	87.32,	
350000,	20.774,	93307,	7045,	91522,	8111,	93.94,	87.89,	87.97,	
400000,	23.752,	94466,	5765,	92663,	7106,	94.13,	88.26,	88.35,	
450000,	26.782,	117005,	8465,	114787,	9728,	93.93,	87.85,	87.82,	
500000,	29.927,	118169,	7179,	115893,	8759,	93.87,	87.73,	87.67,	
550000,	33.144,	140738,	9790,	138091,	11366,	94.07,	88.15,	88.19,	
600000,	36.292,	141755,	8630,	139263,	10352,	93.91,	87.82,	87.81,	
650000,	39.367,	164412,	11204,	161388,	12981,	93.94,	87.88,	87.85,	
700000,	42.432,	165475,	9975,	162586,	11964,	94.09,	88.17,	88.26,	
750000,	45.525,	188236,	12515,	184704,	14530,	94.28,	88.56,	88.58,	
800000,	48.516,	189220,	11318,	186066,	13396,	94.45,	88.9,	88.89,	
850000,	51.52,	211984,	13853,	208129,	16019,	94.35,	88.69,	88.65,	
900000,	54.625,	213137,	12539,	209389,	14935,	94.48,	88.96,	88.94,	
950000,	57.721,	235662,	15157,	231678,	17488,	94.45,	88.91,	88.94,	
1000000,	60.899,	236806,	13917,	232883,	16394,	94.33,	88.65,	88.64,	

1000000,	60.899,	472468,	29074,	464561,	33882,	93.7,	87.41,	87.42,	





OzaBoostHT-RandomRBF
Speed Change:,	0.0,	Centroids:,	100,	DriftCentroid:	100
GracePeriod:,	200,	TieThreshold:,	0.05,	BinarySplit:,	false,	BaseClassifier:,	HT,	
EnsembleSize:,	9
Count,	Time,	TP,	FN,	TN,	FP,	Accu,	Kappa,	Kpa_t,	Mem,	Depth,	TSize,	DcNod,	ActLf,	InacLf,	Reset,	Alter,	Switch,	Prune,	ClOp0,	ClOp1,	ClOp2,	ClOp3
50000,	3.378,	22368,	2673,	22034,	2921,	88.81,	77.61,	77.5,	
100000,	6.726,	23395,	1612,	23088,	1905,	92.97,	85.93,	85.87,	
150000,	10.108,	45924,	4131,	45220,	4721,	93.48,	86.97,	87.08,	
200000,	13.531,	47031,	3059,	46201,	3709,	93.5,	87.0,	87.04,	
250000,	16.828,	69751,	5576,	68255,	6414,	93.72,	87.45,	87.46,	
300000,	20.254,	70862,	4474,	69173,	5491,	93.61,	87.21,	87.28,	
350000,	23.765,	93507,	6852,	91540,	8097,	94.08,	88.16,	88.24,	
400000,	27.153,	94487,	5755,	92578,	7180,	94.06,	88.12,	88.2,	
450000,	30.507,	117273,	8206,	114736,	9781,	93.92,	87.85,	87.81,	
500000,	33.896,	118235,	7121,	115830,	8814,	94.0,	88.0,	87.94,	
550000,	37.358,	141025,	9518,	137993,	11460,	94.02,	88.04,	88.08,	
600000,	40.881,	141955,	8441,	139171,	10433,	94.12,	88.24,	88.23,	
650000,	44.435,	164801,	10827,	161294,	13074,	94.15,	88.31,	88.28,	
700000,	47.931,	165712,	9751,	162479,	12058,	94.13,	88.26,	88.35,	
750000,	51.409,	188614,	12154,	184551,	14677,	94.14,	88.28,	88.31,	
800000,	54.942,	189452,	11091,	185895,	13562,	94.31,	88.62,	88.62,	
850000,	58.504,	212433,	13414,	207908,	16241,	94.35,	88.7,	88.66,	
900000,	61.985,	213339,	12345,	209213,	15103,	94.41,	88.82,	88.8,	
950000,	65.574,	236176,	14654,	231410,	17756,	94.49,	88.98,	89.01,	
1000000,	69.133,	237069,	13662,	232636,	16633,	94.31,	88.61,	88.6,	

1000000,	69.133,	473245,	28316,	464046,	34389,	93.73,	87.46,	87.47,	





OzaBoostHT-RandomRBF
Speed Change:,	0.0,	Centroids:,	100,	DriftCentroid:	100
GracePeriod:,	200,	TieThreshold:,	0.05,	BinarySplit:,	false,	BaseClassifier:,	HT,	
EnsembleSize:,	10
Count,	Time,	TP,	FN,	TN,	FP,	Accu,	Kappa,	Kpa_t,	Mem,	Depth,	TSize,	DcNod,	ActLf,	InacLf,	Reset,	Alter,	Switch,	Prune,	ClOp0,	ClOp1,	ClOp2,	ClOp3
50000,	3.774,	22473,	2571,	22326,	2626,	89.6,	79.2,	79.1,	
100000,	7.299,	23388,	1620,	23205,	1787,	93.19,	86.37,	86.31,	
150000,	10.781,	45935,	4124,	45514,	4423,	93.3,	86.6,	86.72,	
200000,	14.296,	47079,	3009,	46247,	3665,	93.47,	86.93,	86.97,	
250000,	18.057,	69881,	5438,	68531,	6146,	93.93,	87.85,	87.86,	
300000,	21.923,	70910,	4430,	69267,	5393,	93.7,	87.4,	87.47,	
350000,	25.694,	93549,	6803,	91871,	7773,	94.02,	88.03,	88.11,	
400000,	29.903,	94416,	5832,	92780,	6972,	94.04,	88.08,	88.16,	
450000,	33.801,	117259,	8208,	115173,	9356,	94.02,	88.05,	88.01,	
500000,	37.702,	118172,	7187,	116058,	8583,	94.07,	88.14,	88.07,	
550000,	41.45,	140986,	9546,	138541,	10923,	94.19,	88.38,	88.42,	
600000,	45.254,	141858,	8537,	139477,	10128,	94.21,	88.42,	88.41,	
650000,	49.104,	164686,	10931,	161953,	12426,	94.22,	88.45,	88.42,	
700000,	52.843,	165564,	9902,	162818,	11716,	94.09,	88.19,	88.28,	
750000,	56.733,	188495,	12259,	185257,	13985,	94.23,	88.45,	88.48,	
800000,	60.643,	189383,	11168,	186236,	13213,	94.47,	88.95,	88.94,	
850000,	64.671,	212264,	13570,	208641,	15521,	94.31,	88.61,	88.57,	
900000,	68.541,	213306,	12378,	209538,	14778,	94.45,	88.9,	88.88,	
950000,	72.534,	235999,	14823,	232134,	17040,	94.46,	88.91,	88.95,	
1000000,	76.608,	237043,	13678,	232982,	16297,	94.36,	88.72,	88.72,	

1000000,	76.608,	473042,	28501,	465116,	33337,	93.82,	87.63,	87.64,	





OzaBoostHT-RandomRBF
Speed Change:,	0.0,	Centroids:,	100,	DriftCentroid:	100
GracePeriod:,	200,	TieThreshold:,	0.05,	BinarySplit:,	false,	BaseClassifier:,	HT,	
EnsembleSize:,	5
Count,	Time,	TP,	FN,	TN,	FP,	Accu,	Kappa,	Kpa_t,	Mem,	Depth,	TSize,	DcNod,	ActLf,	InacLf,	Reset,	Alter,	Switch,	Prune,	ClOp0,	ClOp1,	ClOp2,	ClOp3
50000,	2.033,	22299,	2745,	22011,	2942,	88.62,	77.24,	77.13,	
100000,	3.851,	23253,	1756,	22939,	2052,	92.38,	84.77,	84.7,	
150000,	5.65,	45694,	4363,	44960,	4980,	92.69,	85.38,	85.5,	
200000,	7.5,	46680,	3409,	45921,	3990,	92.82,	85.64,	85.68,	
250000,	9.364,	69317,	6015,	67902,	6763,	93.13,	86.26,	86.27,	
300000,	11.146,	70354,	4986,	68855,	5805,	93.22,	86.43,	86.5,	
350000,	13.054,	92794,	7569,	91136,	8498,	93.42,	86.84,	86.93,	
400000,	14.856,	93801,	6444,	92179,	7576,	93.54,	87.08,	87.17,	
450000,	16.66,	116348,	9131,	114385,	10133,	93.61,	87.21,	87.17,	
500000,	18.503,	117366,	7995,	115303,	9336,	93.38,	86.76,	86.69,	
550000,	20.327,	139968,	10576,	137575,	11878,	93.62,	87.24,	87.29,	
600000,	22.159,	140905,	9493,	138632,	10970,	93.74,	87.47,	87.46,	
650000,	23.991,	163613,	12017,	160810,	13557,	93.76,	87.52,	87.49,	
700000,	25.847,	164572,	10892,	161888,	12648,	93.85,	87.69,	87.79,	
750000,	27.737,	187352,	13421,	183925,	15299,	93.71,	87.41,	87.44,	
800000,	29.531,	188251,	12299,	185160,	14290,	93.9,	87.8,	87.8,	
850000,	31.393,	211057,	14802,	207179,	16959,	93.92,	87.84,	87.79,	
900000,	33.267,	212039,	13652,	208357,	15952,	93.97,	87.94,	87.91,	
950000,	35.114,	234686,	16158,	230649,	18504,	94.2,	88.4,	88.43,	
1000000,	36.933,	235659,	15074,	231734,	17533,	93.99,	87.99,	87.98,	

1000000,	36.933,	470345,	31232,	462383,	36037,	93.27,	86.55,	86.56,	





OzaBoostHT-RandomRBF
Speed Change:,	0.001,	Centroids:,	100,	DriftCentroid:	100
GracePeriod:,	200,	TieThreshold:,	0.05,	BinarySplit:,	false,	BaseClassifier:,	HT,	
EnsembleSize:,	5
Count,	Time,	TP,	FN,	TN,	FP,	Accu,	Kappa,	Kpa_t,	Mem,	Depth,	TSize,	DcNod,	ActLf,	InacLf,	Reset,	Alter,	Switch,	Prune,	ClOp0,	ClOp1,	ClOp2,	ClOp3
50000,	2.262,	17992,	7052,	17511,	7442,	71.01,	42.01,	41.72,	
100000,	4.578,	16631,	8380,	16667,	8322,	66.6,	33.19,	32.88,	
150000,	6.897,	34331,	15729,	33908,	16029,	65.47,	30.94,	31.54,	
200000,	9.307,	33127,	16966,	32367,	17540,	64.39,	28.78,	29.01,	
250000,	11.714,	50944,	24387,	49140,	25526,	63.69,	27.34,	27.44,	
300000,	14.125,	49211,	26130,	48085,	26574,	63.6,	27.2,	27.59,	
350000,	16.569,	66941,	33419,	64557,	35080,	62.83,	25.65,	26.13,	
400000,	19.046,	64562,	35683,	64208,	35547,	62.95,	25.89,	26.41,	
450000,	21.528,	82412,	43065,	79975,	44545,	61.78,	23.56,	23.33,	
500000,	24.056,	79789,	45573,	79630,	45008,	61.3,	22.6,	22.19,	
550000,	26.609,	97888,	52656,	95246,	54207,	61.49,	22.99,	23.26,	
600000,	29.201,	95392,	55008,	94935,	54665,	61.82,	23.63,	23.55,	
650000,	31.744,	113350,	62284,	110388,	63975,	61.21,	22.41,	22.2,	
700000,	34.314,	110392,	65076,	110026,	64506,	60.18,	20.37,	20.97,	
750000,	36.822,	128330,	72444,	125750,	73473,	60.68,	21.38,	21.54,	
800000,	39.407,	125561,	74997,	125521,	73921,	61.33,	22.66,	22.61,	
850000,	42.005,	143334,	82526,	141240,	82897,	60.99,	21.98,	21.69,	
900000,	44.563,	140226,	85473,	140777,	83524,	59.84,	19.7,	19.51,	
950000,	47.171,	158358,	92485,	156311,	92843,	60.19,	20.38,	20.63,	
1000000,	49.736,	155050,	95693,	155708,	93549,	59.51,	19.02,	18.96,	

1000000,	49.736,	313408,	188178,	312019,	186392,	62.54,	25.09,	25.16,	





OzaBoostHT-RandomRBF
Speed Change:,	0.01,	Centroids:,	100,	DriftCentroid:	100
GracePeriod:,	200,	TieThreshold:,	0.05,	BinarySplit:,	false,	BaseClassifier:,	HT,	
EnsembleSize:,	5
Count,	Time,	TP,	FN,	TN,	FP,	Accu,	Kappa,	Kpa_t,	Mem,	Depth,	TSize,	DcNod,	ActLf,	InacLf,	Reset,	Alter,	Switch,	Prune,	ClOp0,	ClOp1,	ClOp2,	ClOp3
50000,	1.985,	13670,	11375,	14114,	10837,	55.57,	11.14,	10.69,	
100000,	3.96,	12813,	12195,	14290,	10702,	54.21,	8.41,	7.98,	
150000,	5.97,	26911,	23149,	27780,	22156,	53.81,	7.63,	8.43,	
200000,	7.996,	26056,	24034,	27951,	21959,	53.81,	7.62,	7.91,	
250000,	10.109,	40466,	34868,	40784,	33878,	53.12,	6.22,	6.31,	
300000,	12.218,	39475,	35864,	41216,	33445,	53.37,	6.74,	7.23,	
350000,	14.336,	53502,	46862,	54147,	45485,	52.8,	5.6,	6.2,	
400000,	16.431,	51987,	48254,	55149,	44610,	52.89,	5.76,	6.43,	
450000,	18.582,	66471,	59012,	67875,	56638,	53.39,	6.8,	6.51,	
500000,	20.739,	64953,	60407,	68790,	55850,	53.21,	6.44,	5.94,	
550000,	22.937,	79622,	70927,	81183,	68264,	52.92,	5.84,	6.17,	
600000,	25.135,	78054,	72345,	82154,	67447,	52.93,	5.86,	5.75,	
650000,	27.396,	92540,	83098,	94413,	79945,	52.3,	4.6,	4.33,	
700000,	29.647,	91212,	84252,	95451,	79085,	52.91,	5.82,	6.54,	
750000,	31.805,	105677,	95101,	107768,	91450,	52.98,	5.98,	6.17,	
800000,	33.977,	104288,	96265,	108713,	90734,	52.68,	5.36,	5.3,	
850000,	36.203,	118800,	107064,	121055,	103077,	52.82,	5.64,	5.29,	
900000,	38.482,	117298,	108394,	121982,	102326,	52.56,	5.12,	4.91,	
950000,	40.724,	131777,	119072,	134492,	114655,	52.83,	5.65,	5.95,	
1000000,	42.989,	130414,	120321,	135493,	113772,	53.25,	6.51,	6.44,	

1000000,	42.989,	262191,	239393,	269985,	228427,	53.22,	6.44,	6.53,	





OzaBoostHT-RandomRBF
Speed Change:,	0.1,	Centroids:,	100,	DriftCentroid:	100
GracePeriod:,	200,	TieThreshold:,	0.05,	BinarySplit:,	false,	BaseClassifier:,	HT,	
EnsembleSize:,	5
Count,	Time,	TP,	FN,	TN,	FP,	Accu,	Kappa,	Kpa_t,	Mem,	Depth,	TSize,	DcNod,	ActLf,	InacLf,	Reset,	Alter,	Switch,	Prune,	ClOp0,	ClOp1,	ClOp2,	ClOp3
50000,	1.789,	12658,	12387,	13830,	11122,	52.98,	5.96,	5.48,	
100000,	3.643,	13431,	11576,	13450,	11543,	53.76,	7.52,	7.09,	
150000,	5.439,	26006,	24053,	27689,	22249,	54.41,	8.83,	9.62,	
200000,	7.271,	27069,	23017,	26999,	22915,	54.37,	8.75,	9.04,	
250000,	9.141,	40009,	35323,	40901,	33764,	54.43,	8.84,	8.94,	
300000,	11.03,	40728,	34609,	40428,	34235,	54.18,	8.35,	8.83,	
350000,	12.968,	53522,	46841,	54542,	45092,	54.31,	8.62,	9.2,	
400000,	14.98,	53830,	46409,	54606,	45155,	54.56,	9.11,	9.75,	
450000,	16.977,	67029,	58452,	68521,	55995,	54.97,	9.95,	9.67,	
500000,	18.98,	67216,	58140,	68796,	55848,	55.15,	10.32,	9.84,	
550000,	20.981,	80425,	70123,	82531,	66918,	54.81,	9.63,	9.95,	
600000,	23.052,	80865,	69531,	82725,	66879,	55.16,	10.31,	10.21,	
650000,	25.163,	93809,	81824,	96541,	77823,	54.79,	9.59,	9.33,	
700000,	27.219,	94599,	80866,	96740,	77795,	55.5,	11.0,	11.67,	
750000,	29.366,	107605,	93169,	110278,	88945,	55.07,	10.13,	10.33,	
800000,	31.502,	108623,	91928,	110510,	88939,	55.59,	11.17,	11.12,	
850000,	33.633,	121509,	104351,	124085,	100052,	55.42,	10.84,	10.51,	
900000,	35.741,	122598,	103093,	124206,	100103,	55.34,	10.68,	10.49,	
950000,	37.848,	135296,	115550,	138000,	111151,	55.4,	10.81,	11.09,	
1000000,	39.971,	136481,	114255,	138067,	111197,	55.49,	10.98,	10.92,	

1000000,	39.971,	271777,	229805,	276067,	222348,	54.78,	9.57,	9.66,	





OzaBoostHT-RandomRBF
Speed Change:,	1.0,	Centroids:,	100,	DriftCentroid:	100
GracePeriod:,	200,	TieThreshold:,	0.05,	BinarySplit:,	false,	BaseClassifier:,	HT,	
EnsembleSize:,	5
Count,	Time,	TP,	FN,	TN,	FP,	Accu,	Kappa,	Kpa_t,	Mem,	Depth,	TSize,	DcNod,	ActLf,	InacLf,	Reset,	Alter,	Switch,	Prune,	ClOp0,	ClOp1,	ClOp2,	ClOp3
50000,	1.865,	14151,	10892,	14726,	10228,	57.75,	15.51,	15.08,	
100000,	3.851,	15254,	9753,	15956,	9037,	62.42,	24.84,	24.49,	
150000,	5.889,	30327,	19731,	30954,	18985,	64.81,	29.62,	30.23,	
200000,	8.064,	31956,	18129,	32570,	17345,	66.63,	33.26,	33.47,	
250000,	10.243,	47505,	27826,	47219,	27447,	66.89,	33.75,	33.83,	
300000,	12.468,	49400,	25934,	49072,	25594,	67.89,	35.77,	36.12,	
350000,	14.721,	64849,	35513,	64120,	35515,	68.49,	36.98,	37.38,	
400000,	17.006,	66710,	33528,	66277,	33485,	69.03,	38.06,	38.49,	
450000,	19.322,	82337,	43141,	81374,	43145,	69.48,	38.97,	38.78,	
500000,	21.662,	84231,	41126,	83704,	40939,	69.9,	39.79,	39.48,	
550000,	24.024,	100095,	50447,	98696,	50759,	70.16,	40.32,	40.53,	
600000,	26.414,	102008,	48389,	101299,	48304,	70.74,	41.49,	41.42,	
650000,	28.808,	117968,	57661,	116195,	58173,	70.74,	41.49,	41.33,	
700000,	31.223,	119790,	55673,	118819,	55718,	70.6,	41.21,	41.66,	
750000,	33.628,	135988,	64780,	133733,	65496,	71.12,	42.23,	42.36,	
800000,	36.082,	137781,	62769,	136764,	62686,	71.87,	43.74,	43.71,	
850000,	38.548,	153985,	71871,	151661,	72480,	71.85,	43.7,	43.49,	
900000,	41.028,	155903,	69787,	154543,	69767,	71.8,	43.6,	43.48,	
950000,	43.525,	171966,	78874,	169716,	79441,	72.07,	44.14,	44.32,	
1000000,	45.995,	173892,	76839,	172660,	76609,	72.21,	44.42,	44.39,	

1000000,	45.995,	345858,	155713,	342376,	156050,	68.82,	37.65,	37.71,	





OzaBoostHT-RandomRBF
Speed Change:,	0.01,	Centroids:,	50,	DriftCentroid:	50
GracePeriod:,	200,	TieThreshold:,	0.05,	BinarySplit:,	false,	BaseClassifier:,	HT,	
EnsembleSize:,	5
Count,	Time,	TP,	FN,	TN,	FP,	Accu,	Kappa,	Kpa_t,	Mem,	Depth,	TSize,	DcNod,	ActLf,	InacLf,	Reset,	Alter,	Switch,	Prune,	ClOp0,	ClOp1,	ClOp2,	ClOp3
50000,	1.959,	13670,	11375,	14114,	10837,	55.57,	11.14,	10.69,	
100000,	3.959,	12813,	12195,	14290,	10702,	54.21,	8.41,	7.98,	
150000,	5.975,	26911,	23149,	27780,	22156,	53.81,	7.63,	8.43,	
200000,	7.998,	26056,	24034,	27951,	21959,	53.81,	7.62,	7.91,	
250000,	10.083,	40466,	34868,	40784,	33878,	53.12,	6.22,	6.31,	
300000,	12.228,	39475,	35864,	41216,	33445,	53.37,	6.74,	7.23,	
350000,	14.37,	53502,	46862,	54147,	45485,	52.8,	5.6,	6.2,	
400000,	16.507,	51987,	48254,	55149,	44610,	52.89,	5.76,	6.43,	
450000,	18.708,	66471,	59012,	67875,	56638,	53.39,	6.8,	6.51,	
500000,	20.908,	64953,	60407,	68790,	55850,	53.21,	6.44,	5.94,	
550000,	23.113,	79622,	70927,	81183,	68264,	52.92,	5.84,	6.17,	
600000,	25.355,	78054,	72345,	82154,	67447,	52.93,	5.86,	5.75,	
650000,	27.603,	92540,	83098,	94413,	79945,	52.3,	4.6,	4.33,	
700000,	29.809,	91212,	84252,	95451,	79085,	52.91,	5.82,	6.54,	
750000,	32.013,	105677,	95101,	107768,	91450,	52.98,	5.98,	6.17,	
800000,	34.392,	104288,	96265,	108713,	90734,	52.68,	5.36,	5.3,	
850000,	36.584,	118800,	107064,	121055,	103077,	52.82,	5.64,	5.29,	
900000,	38.719,	117298,	108394,	121982,	102326,	52.56,	5.12,	4.91,	
950000,	40.938,	131777,	119072,	134492,	114655,	52.83,	5.65,	5.95,	
1000000,	43.131,	130414,	120321,	135493,	113772,	53.25,	6.51,	6.44,	

1000000,	43.131,	262191,	239393,	269985,	228427,	53.22,	6.44,	6.53,	





OzaBoostHT-RandomRBF
Speed Change:,	0.01,	Centroids:,	100,	DriftCentroid:	100
GracePeriod:,	200,	TieThreshold:,	0.05,	BinarySplit:,	false,	BaseClassifier:,	HT,	
EnsembleSize:,	5
Count,	Time,	TP,	FN,	TN,	FP,	Accu,	Kappa,	Kpa_t,	Mem,	Depth,	TSize,	DcNod,	ActLf,	InacLf,	Reset,	Alter,	Switch,	Prune,	ClOp0,	ClOp1,	ClOp2,	ClOp3
50000,	1.967,	13670,	11375,	14114,	10837,	55.57,	11.14,	10.69,	
100000,	3.938,	12813,	12195,	14290,	10702,	54.21,	8.41,	7.98,	
150000,	5.915,	26911,	23149,	27780,	22156,	53.81,	7.63,	8.43,	
200000,	7.958,	26056,	24034,	27951,	21959,	53.81,	7.62,	7.91,	
250000,	10.024,	40466,	34868,	40784,	33878,	53.12,	6.22,	6.31,	
300000,	12.129,	39475,	35864,	41216,	33445,	53.37,	6.74,	7.23,	
350000,	14.18,	53502,	46862,	54147,	45485,	52.8,	5.6,	6.2,	
400000,	16.271,	51987,	48254,	55149,	44610,	52.89,	5.76,	6.43,	
450000,	18.414,	66471,	59012,	67875,	56638,	53.39,	6.8,	6.51,	
500000,	20.577,	64953,	60407,	68790,	55850,	53.21,	6.44,	5.94,	
550000,	22.755,	79622,	70927,	81183,	68264,	52.92,	5.84,	6.17,	
600000,	24.987,	78054,	72345,	82154,	67447,	52.93,	5.86,	5.75,	
650000,	27.13,	92540,	83098,	94413,	79945,	52.3,	4.6,	4.33,	
700000,	29.275,	91212,	84252,	95451,	79085,	52.91,	5.82,	6.54,	
750000,	31.39,	105677,	95101,	107768,	91450,	52.98,	5.98,	6.17,	
800000,	33.533,	104288,	96265,	108713,	90734,	52.68,	5.36,	5.3,	
850000,	35.736,	118800,	107064,	121055,	103077,	52.82,	5.64,	5.29,	
900000,	37.892,	117298,	108394,	121982,	102326,	52.56,	5.12,	4.91,	
950000,	40.079,	131777,	119072,	134492,	114655,	52.83,	5.65,	5.95,	
1000000,	42.257,	130414,	120321,	135493,	113772,	53.25,	6.51,	6.44,	

1000000,	42.257,	262191,	239393,	269985,	228427,	53.22,	6.44,	6.53,	





OzaBoostHT-RandomRBF
Speed Change:,	0.01,	Centroids:,	150,	DriftCentroid:	100
GracePeriod:,	200,	TieThreshold:,	0.05,	BinarySplit:,	false,	BaseClassifier:,	HT,	
EnsembleSize:,	5
Count,	Time,	TP,	FN,	TN,	FP,	Accu,	Kappa,	Kpa_t,	Mem,	Depth,	TSize,	DcNod,	ActLf,	InacLf,	Reset,	Alter,	Switch,	Prune,	ClOp0,	ClOp1,	ClOp2,	ClOp3
50000,	1.992,	13670,	11375,	14114,	10837,	55.57,	11.14,	10.69,	
100000,	3.957,	12813,	12195,	14290,	10702,	54.21,	8.41,	7.98,	
150000,	5.911,	26911,	23149,	27780,	22156,	53.81,	7.63,	8.43,	
200000,	7.918,	26056,	24034,	27951,	21959,	53.81,	7.62,	7.91,	
250000,	10.009,	40466,	34868,	40784,	33878,	53.12,	6.22,	6.31,	
300000,	12.122,	39475,	35864,	41216,	33445,	53.37,	6.74,	7.23,	
350000,	14.206,	53502,	46862,	54147,	45485,	52.8,	5.6,	6.2,	
400000,	16.274,	51987,	48254,	55149,	44610,	52.89,	5.76,	6.43,	
450000,	18.396,	66471,	59012,	67875,	56638,	53.39,	6.8,	6.51,	
500000,	20.508,	64953,	60407,	68790,	55850,	53.21,	6.44,	5.94,	
550000,	22.641,	79622,	70927,	81183,	68264,	52.92,	5.84,	6.17,	
600000,	24.788,	78054,	72345,	82154,	67447,	52.93,	5.86,	5.75,	
650000,	26.946,	92540,	83098,	94413,	79945,	52.3,	4.6,	4.33,	
700000,	29.144,	91212,	84252,	95451,	79085,	52.91,	5.82,	6.54,	
750000,	31.364,	105677,	95101,	107768,	91450,	52.98,	5.98,	6.17,	
800000,	33.57,	104288,	96265,	108713,	90734,	52.68,	5.36,	5.3,	
850000,	35.815,	118800,	107064,	121055,	103077,	52.82,	5.64,	5.29,	
900000,	38.101,	117298,	108394,	121982,	102326,	52.56,	5.12,	4.91,	
950000,	40.413,	131777,	119072,	134492,	114655,	52.83,	5.65,	5.95,	
1000000,	42.71,	130414,	120321,	135493,	113772,	53.25,	6.51,	6.44,	

1000000,	42.71,	262191,	239393,	269985,	228427,	53.22,	6.44,	6.53,	





OzaBoostHT-RandomRBF
Speed Change:,	0.01,	Centroids:,	200,	DriftCentroid:	100
GracePeriod:,	200,	TieThreshold:,	0.05,	BinarySplit:,	false,	BaseClassifier:,	HT,	
EnsembleSize:,	5
Count,	Time,	TP,	FN,	TN,	FP,	Accu,	Kappa,	Kpa_t,	Mem,	Depth,	TSize,	DcNod,	ActLf,	InacLf,	Reset,	Alter,	Switch,	Prune,	ClOp0,	ClOp1,	ClOp2,	ClOp3
50000,	2.012,	13670,	11375,	14114,	10837,	55.57,	11.14,	10.69,	
100000,	3.98,	12813,	12195,	14290,	10702,	54.21,	8.41,	7.98,	
150000,	5.973,	26911,	23149,	27780,	22156,	53.81,	7.63,	8.43,	
200000,	8.048,	26056,	24034,	27951,	21959,	53.81,	7.62,	7.91,	
250000,	10.127,	40466,	34868,	40784,	33878,	53.12,	6.22,	6.31,	
300000,	12.204,	39475,	35864,	41216,	33445,	53.37,	6.74,	7.23,	
350000,	14.282,	53502,	46862,	54147,	45485,	52.8,	5.6,	6.2,	
400000,	16.316,	51987,	48254,	55149,	44610,	52.89,	5.76,	6.43,	
450000,	18.404,	66471,	59012,	67875,	56638,	53.39,	6.8,	6.51,	
500000,	20.524,	64953,	60407,	68790,	55850,	53.21,	6.44,	5.94,	
550000,	22.67,	79622,	70927,	81183,	68264,	52.92,	5.84,	6.17,	
600000,	24.839,	78054,	72345,	82154,	67447,	52.93,	5.86,	5.75,	
650000,	27.006,	92540,	83098,	94413,	79945,	52.3,	4.6,	4.33,	
700000,	29.191,	91212,	84252,	95451,	79085,	52.91,	5.82,	6.54,	
750000,	31.371,	105677,	95101,	107768,	91450,	52.98,	5.98,	6.17,	
800000,	33.559,	104288,	96265,	108713,	90734,	52.68,	5.36,	5.3,	
850000,	35.805,	118800,	107064,	121055,	103077,	52.82,	5.64,	5.29,	
900000,	38.022,	117298,	108394,	121982,	102326,	52.56,	5.12,	4.91,	
950000,	40.26,	131777,	119072,	134492,	114655,	52.83,	5.65,	5.95,	
1000000,	42.49,	130414,	120321,	135493,	113772,	53.25,	6.51,	6.44,	

1000000,	42.49,	262191,	239393,	269985,	228427,	53.22,	6.44,	6.53,	





OzaBoostHT-RandomRBF
Speed Change:,	0.01,	Centroids:,	250,	DriftCentroid:	100
GracePeriod:,	200,	TieThreshold:,	0.05,	BinarySplit:,	false,	BaseClassifier:,	HT,	
EnsembleSize:,	5
Count,	Time,	TP,	FN,	TN,	FP,	Accu,	Kappa,	Kpa_t,	Mem,	Depth,	TSize,	DcNod,	ActLf,	InacLf,	Reset,	Alter,	Switch,	Prune,	ClOp0,	ClOp1,	ClOp2,	ClOp3
50000,	2.012,	13670,	11375,	14114,	10837,	55.57,	11.14,	10.69,	
100000,	3.98,	12813,	12195,	14290,	10702,	54.21,	8.41,	7.98,	
150000,	5.976,	26911,	23149,	27780,	22156,	53.81,	7.63,	8.43,	
200000,	8.014,	26056,	24034,	27951,	21959,	53.81,	7.62,	7.91,	
250000,	10.091,	40466,	34868,	40784,	33878,	53.12,	6.22,	6.31,	
300000,	12.211,	39475,	35864,	41216,	33445,	53.37,	6.74,	7.23,	
350000,	14.342,	53502,	46862,	54147,	45485,	52.8,	5.6,	6.2,	
400000,	16.478,	51987,	48254,	55149,	44610,	52.89,	5.76,	6.43,	
450000,	18.647,	66471,	59012,	67875,	56638,	53.39,	6.8,	6.51,	
500000,	20.756,	64953,	60407,	68790,	55850,	53.21,	6.44,	5.94,	
550000,	22.905,	79622,	70927,	81183,	68264,	52.92,	5.84,	6.17,	
600000,	25.081,	78054,	72345,	82154,	67447,	52.93,	5.86,	5.75,	
650000,	27.29,	92540,	83098,	94413,	79945,	52.3,	4.6,	4.33,	
700000,	29.475,	91212,	84252,	95451,	79085,	52.91,	5.82,	6.54,	
750000,	31.699,	105677,	95101,	107768,	91450,	52.98,	5.98,	6.17,	
800000,	33.919,	104288,	96265,	108713,	90734,	52.68,	5.36,	5.3,	
850000,	36.197,	118800,	107064,	121055,	103077,	52.82,	5.64,	5.29,	
900000,	38.468,	117298,	108394,	121982,	102326,	52.56,	5.12,	4.91,	
950000,	40.815,	131777,	119072,	134492,	114655,	52.83,	5.65,	5.95,	
1000000,	43.103,	130414,	120321,	135493,	113772,	53.25,	6.51,	6.44,	

1000000,	43.103,	262191,	239393,	269985,	228427,	53.22,	6.44,	6.53,	





OzaBoostHT-RandomRBF
Speed Change:,	0.01,	Centroids:,	100,	DriftCentroid:	20
GracePeriod:,	200,	TieThreshold:,	0.05,	BinarySplit:,	false,	BaseClassifier:,	HT,	
EnsembleSize:,	5
Count,	Time,	TP,	FN,	TN,	FP,	Accu,	Kappa,	Kpa_t,	Mem,	Depth,	TSize,	DcNod,	ActLf,	InacLf,	Reset,	Alter,	Switch,	Prune,	ClOp0,	ClOp1,	ClOp2,	ClOp3
50000,	1.963,	19501,	5543,	19340,	5613,	77.68,	55.36,	55.14,	
100000,	3.777,	20661,	4346,	19618,	5375,	80.56,	61.12,	60.93,	
150000,	5.688,	40505,	9555,	39135,	10802,	81.6,	63.19,	63.52,	
200000,	7.497,	41687,	8399,	39453,	10461,	81.72,	63.44,	63.56,	
250000,	9.376,	61792,	13542,	58740,	15923,	81.78,	63.55,	63.6,	
300000,	11.282,	63453,	11882,	58952,	15713,	82.53,	65.03,	65.24,	
350000,	13.18,	83320,	17046,	78539,	21092,	82.65,	65.31,	65.53,	
400000,	15.134,	84633,	15605,	78911,	20851,	82.28,	64.56,	64.8,	
450000,	17.053,	104925,	20557,	98328,	26187,	82.79,	65.57,	65.47,	
500000,	18.967,	106188,	19166,	98670,	25976,	82.63,	65.24,	65.07,	
550000,	20.93,	126583,	23965,	118128,	31321,	82.92,	65.83,	65.95,	
600000,	22.87,	127736,	22657,	118566,	31041,	82.89,	65.77,	65.74,	
650000,	24.795,	148321,	27314,	137868,	36494,	82.96,	65.9,	65.82,	
700000,	26.753,	149572,	25885,	138258,	36285,	83.06,	66.1,	66.37,	
750000,	28.683,	170229,	30546,	157444,	41778,	82.97,	65.92,	66.01,	
800000,	30.632,	171712,	28831,	157982,	41475,	83.73,	67.45,	67.44,	
850000,	32.534,	192237,	33624,	177196,	46940,	83.52,	67.03,	66.92,	
900000,	34.475,	193927,	31754,	177612,	46707,	83.69,	67.36,	67.31,	
950000,	36.415,	214268,	36577,	196972,	52180,	83.61,	67.23,	67.33,	
1000000,	38.413,	216009,	34715,	197468,	51808,	83.88,	67.75,	67.73,	

1000000,	38.413,	430277,	71292,	394440,	103988,	82.47,	64.94,	64.98,	





OzaBoostHT-RandomRBF
Speed Change:,	0.01,	Centroids:,	100,	DriftCentroid:	40
GracePeriod:,	200,	TieThreshold:,	0.05,	BinarySplit:,	false,	BaseClassifier:,	HT,	
EnsembleSize:,	5
Count,	Time,	TP,	FN,	TN,	FP,	Accu,	Kappa,	Kpa_t,	Mem,	Depth,	TSize,	DcNod,	ActLf,	InacLf,	Reset,	Alter,	Switch,	Prune,	ClOp0,	ClOp1,	ClOp2,	ClOp3
50000,	1.898,	14999,	10045,	16347,	8606,	62.69,	25.39,	25.01,	
100000,	3.794,	14585,	10422,	16933,	8060,	63.04,	26.07,	25.72,	
150000,	5.669,	30353,	19706,	32365,	17573,	62.74,	25.49,	26.14,	
200000,	7.563,	29572,	20516,	32856,	17056,	61.82,	23.65,	23.88,	
250000,	9.513,	45600,	29732,	48118,	26547,	62.0,	24.03,	24.06,	
300000,	11.513,	44705,	30631,	48702,	25962,	61.96,	23.95,	24.32,	
350000,	13.567,	60993,	39370,	63745,	35889,	62.04,	24.08,	24.56,	
400000,	15.53,	59829,	40410,	64608,	35153,	62.06,	24.11,	24.65,	
450000,	17.58,	76152,	49328,	79614,	44903,	62.06,	24.12,	23.88,	
500000,	19.63,	74921,	50438,	80729,	43912,	62.43,	24.87,	24.46,	
550000,	21.718,	91613,	58931,	95289,	54164,	62.27,	24.55,	24.81,	
600000,	23.761,	90421,	59975,	96141,	53463,	61.82,	23.65,	23.56,	
650000,	25.788,	107036,	68596,	110783,	63582,	61.83,	23.67,	23.46,	
700000,	27.865,	105919,	69544,	111513,	63024,	61.74,	23.48,	24.06,	
750000,	29.901,	122340,	78433,	126453,	72771,	61.95,	23.9,	24.06,	
800000,	31.961,	121224,	79328,	127254,	72194,	62.09,	24.19,	24.14,	
850000,	33.998,	137569,	88289,	142388,	81751,	62.33,	24.66,	24.38,	
900000,	36.033,	136552,	89141,	143152,	81155,	62.45,	24.92,	24.74,	
950000,	38.014,	152828,	98016,	158291,	90862,	62.32,	24.65,	24.88,	
1000000,	40.021,	151871,	98867,	159079,	90183,	62.49,	24.99,	24.93,	

1000000,	40.021,	304699,	196883,	317370,	181045,	62.21,	24.42,	24.49,	





OzaBoostHT-RandomRBF
Speed Change:,	0.01,	Centroids:,	100,	DriftCentroid:	60
GracePeriod:,	200,	TieThreshold:,	0.05,	BinarySplit:,	false,	BaseClassifier:,	HT,	
EnsembleSize:,	5
Count,	Time,	TP,	FN,	TN,	FP,	Accu,	Kappa,	Kpa_t,	Mem,	Depth,	TSize,	DcNod,	ActLf,	InacLf,	Reset,	Alter,	Switch,	Prune,	ClOp0,	ClOp1,	ClOp2,	ClOp3
50000,	1.982,	13670,	11375,	14114,	10837,	55.57,	11.14,	10.69,	
100000,	3.965,	12813,	12195,	14290,	10702,	54.21,	8.41,	7.98,	
150000,	5.949,	26911,	23149,	27780,	22156,	53.81,	7.63,	8.43,	
200000,	8.021,	26056,	24034,	27951,	21959,	53.81,	7.62,	7.91,	
250000,	10.106,	40466,	34868,	40784,	33878,	53.12,	6.22,	6.31,	
300000,	12.17,	39475,	35864,	41216,	33445,	53.37,	6.74,	7.23,	
350000,	14.221,	53502,	46862,	54147,	45485,	52.8,	5.6,	6.2,	
400000,	16.26,	51987,	48254,	55149,	44610,	52.89,	5.76,	6.43,	
450000,	18.368,	66471,	59012,	67875,	56638,	53.39,	6.8,	6.51,	
500000,	20.499,	64953,	60407,	68790,	55850,	53.21,	6.44,	5.94,	
550000,	22.672,	79622,	70927,	81183,	68264,	52.92,	5.84,	6.17,	
600000,	24.85,	78054,	72345,	82154,	67447,	52.93,	5.86,	5.75,	
650000,	26.985,	92540,	83098,	94413,	79945,	52.3,	4.6,	4.33,	
700000,	29.12,	91212,	84252,	95451,	79085,	52.91,	5.82,	6.54,	
750000,	31.25,	105677,	95101,	107768,	91450,	52.98,	5.98,	6.17,	
800000,	33.385,	104288,	96265,	108713,	90734,	52.68,	5.36,	5.3,	
850000,	35.596,	118800,	107064,	121055,	103077,	52.82,	5.64,	5.29,	
900000,	37.796,	117298,	108394,	121982,	102326,	52.56,	5.12,	4.91,	
950000,	40.078,	131777,	119072,	134492,	114655,	52.83,	5.65,	5.95,	
1000000,	42.487,	130414,	120321,	135493,	113772,	53.25,	6.51,	6.44,	

1000000,	42.487,	262191,	239393,	269985,	228427,	53.22,	6.44,	6.53,	





OzaBoostHT-RandomRBF
Speed Change:,	0.01,	Centroids:,	100,	DriftCentroid:	80
GracePeriod:,	200,	TieThreshold:,	0.05,	BinarySplit:,	false,	BaseClassifier:,	HT,	
EnsembleSize:,	5
Count,	Time,	TP,	FN,	TN,	FP,	Accu,	Kappa,	Kpa_t,	Mem,	Depth,	TSize,	DcNod,	ActLf,	InacLf,	Reset,	Alter,	Switch,	Prune,	ClOp0,	ClOp1,	ClOp2,	ClOp3
50000,	1.978,	13670,	11375,	14114,	10837,	55.57,	11.14,	10.69,	
100000,	3.923,	12813,	12195,	14290,	10702,	54.21,	8.41,	7.98,	
150000,	5.853,	26911,	23149,	27780,	22156,	53.81,	7.63,	8.43,	
200000,	7.886,	26056,	24034,	27951,	21959,	53.81,	7.62,	7.91,	
250000,	9.96,	40466,	34868,	40784,	33878,	53.12,	6.22,	6.31,	
300000,	12.023,	39475,	35864,	41216,	33445,	53.37,	6.74,	7.23,	
350000,	14.144,	53502,	46862,	54147,	45485,	52.8,	5.6,	6.2,	
400000,	16.249,	51987,	48254,	55149,	44610,	52.89,	5.76,	6.43,	
450000,	18.317,	66471,	59012,	67875,	56638,	53.39,	6.8,	6.51,	
500000,	20.472,	64953,	60407,	68790,	55850,	53.21,	6.44,	5.94,	
550000,	22.62,	79622,	70927,	81183,	68264,	52.92,	5.84,	6.17,	
600000,	24.817,	78054,	72345,	82154,	67447,	52.93,	5.86,	5.75,	
650000,	26.98,	92540,	83098,	94413,	79945,	52.3,	4.6,	4.33,	
700000,	29.157,	91212,	84252,	95451,	79085,	52.91,	5.82,	6.54,	
750000,	31.292,	105677,	95101,	107768,	91450,	52.98,	5.98,	6.17,	
800000,	33.471,	104288,	96265,	108713,	90734,	52.68,	5.36,	5.3,	
850000,	35.692,	118800,	107064,	121055,	103077,	52.82,	5.64,	5.29,	
900000,	37.892,	117298,	108394,	121982,	102326,	52.56,	5.12,	4.91,	
950000,	40.14,	131777,	119072,	134492,	114655,	52.83,	5.65,	5.95,	
1000000,	42.315,	130414,	120321,	135493,	113772,	53.25,	6.51,	6.44,	

1000000,	42.315,	262191,	239393,	269985,	228427,	53.22,	6.44,	6.53,	





OzaBoostHT-RandomRBF
Speed Change:,	0.01,	Centroids:,	100,	DriftCentroid:	100
GracePeriod:,	200,	TieThreshold:,	0.05,	BinarySplit:,	false,	BaseClassifier:,	HT,	
EnsembleSize:,	5
Count,	Time,	TP,	FN,	TN,	FP,	Accu,	Kappa,	Kpa_t,	Mem,	Depth,	TSize,	DcNod,	ActLf,	InacLf,	Reset,	Alter,	Switch,	Prune,	ClOp0,	ClOp1,	ClOp2,	ClOp3
50000,	2.003,	13670,	11375,	14114,	10837,	55.57,	11.14,	10.69,	
100000,	3.953,	12813,	12195,	14290,	10702,	54.21,	8.41,	7.98,	
150000,	5.909,	26911,	23149,	27780,	22156,	53.81,	7.63,	8.43,	
200000,	7.978,	26056,	24034,	27951,	21959,	53.81,	7.62,	7.91,	
250000,	10.023,	40466,	34868,	40784,	33878,	53.12,	6.22,	6.31,	
300000,	12.095,	39475,	35864,	41216,	33445,	53.37,	6.74,	7.23,	
350000,	14.157,	53502,	46862,	54147,	45485,	52.8,	5.6,	6.2,	
400000,	16.213,	51987,	48254,	55149,	44610,	52.89,	5.76,	6.43,	
450000,	18.317,	66471,	59012,	67875,	56638,	53.39,	6.8,	6.51,	
500000,	20.445,	64953,	60407,	68790,	55850,	53.21,	6.44,	5.94,	
550000,	22.587,	79622,	70927,	81183,	68264,	52.92,	5.84,	6.17,	
600000,	24.71,	78054,	72345,	82154,	67447,	52.93,	5.86,	5.75,	
650000,	26.893,	92540,	83098,	94413,	79945,	52.3,	4.6,	4.33,	
700000,	29.093,	91212,	84252,	95451,	79085,	52.91,	5.82,	6.54,	
750000,	31.232,	105677,	95101,	107768,	91450,	52.98,	5.98,	6.17,	
800000,	33.452,	104288,	96265,	108713,	90734,	52.68,	5.36,	5.3,	
850000,	35.675,	118800,	107064,	121055,	103077,	52.82,	5.64,	5.29,	
900000,	37.878,	117298,	108394,	121982,	102326,	52.56,	5.12,	4.91,	
950000,	40.128,	131777,	119072,	134492,	114655,	52.83,	5.65,	5.95,	
1000000,	42.406,	130414,	120321,	135493,	113772,	53.25,	6.51,	6.44,	

1000000,	42.406,	262191,	239393,	269985,	228427,	53.22,	6.44,	6.53,	





OzaBoostHT-RandomRBF
Speed Change:,	0.01,	Centroids:,	100,	DriftCentroid:	100
GracePeriod:,	200,	TieThreshold:,	0.05,	BinarySplit:,	false,	BaseClassifier:,	HT,	
EnsembleSize:,	5
Count,	Time,	TP,	FN,	TN,	FP,	Accu,	Kappa,	Kpa_t,	Mem,	Depth,	TSize,	DcNod,	ActLf,	InacLf,	Reset,	Alter,	Switch,	Prune,	ClOp0,	ClOp1,	ClOp2,	ClOp3
50000,	1.988,	13670,	11375,	14114,	10837,	55.57,	11.14,	10.69,	
100000,	3.962,	12813,	12195,	14290,	10702,	54.21,	8.41,	7.98,	
150000,	5.92,	26911,	23149,	27780,	22156,	53.81,	7.63,	8.43,	
200000,	7.931,	26056,	24034,	27951,	21959,	53.81,	7.62,	7.91,	
250000,	9.989,	40466,	34868,	40784,	33878,	53.12,	6.22,	6.31,	
300000,	12.082,	39475,	35864,	41216,	33445,	53.37,	6.74,	7.23,	
350000,	14.208,	53502,	46862,	54147,	45485,	52.8,	5.6,	6.2,	
400000,	16.326,	51987,	48254,	55149,	44610,	52.89,	5.76,	6.43,	
450000,	18.466,	66471,	59012,	67875,	56638,	53.39,	6.8,	6.51,	
500000,	20.605,	64953,	60407,	68790,	55850,	53.21,	6.44,	5.94,	
550000,	22.804,	79622,	70927,	81183,	68264,	52.92,	5.84,	6.17,	
600000,	24.974,	78054,	72345,	82154,	67447,	52.93,	5.86,	5.75,	
650000,	27.15,	92540,	83098,	94413,	79945,	52.3,	4.6,	4.33,	
700000,	29.355,	91212,	84252,	95451,	79085,	52.91,	5.82,	6.54,	
750000,	31.541,	105677,	95101,	107768,	91450,	52.98,	5.98,	6.17,	
800000,	33.761,	104288,	96265,	108713,	90734,	52.68,	5.36,	5.3,	
850000,	35.988,	118800,	107064,	121055,	103077,	52.82,	5.64,	5.29,	
900000,	38.205,	117298,	108394,	121982,	102326,	52.56,	5.12,	4.91,	
950000,	40.475,	131777,	119072,	134492,	114655,	52.83,	5.65,	5.95,	
1000000,	42.825,	130414,	120321,	135493,	113772,	53.25,	6.51,	6.44,	

1000000,	42.825,	262191,	239393,	269985,	228427,	53.22,	6.44,	6.53,	





OzaBoostHT-RandomRBF
Speed Change:,	0.01,	Centroids:,	100,	DriftCentroid:	100
GracePeriod:,	400,	TieThreshold:,	0.05,	BinarySplit:,	false,	BaseClassifier:,	HT,	
EnsembleSize:,	5
Count,	Time,	TP,	FN,	TN,	FP,	Accu,	Kappa,	Kpa_t,	Mem,	Depth,	TSize,	DcNod,	ActLf,	InacLf,	Reset,	Alter,	Switch,	Prune,	ClOp0,	ClOp1,	ClOp2,	ClOp3
50000,	1.896,	13660,	11384,	14293,	10659,	55.91,	11.82,	11.37,	
100000,	3.815,	12833,	12176,	14314,	10677,	54.29,	8.59,	8.16,	
150000,	5.841,	26816,	23244,	28111,	21825,	53.95,	7.9,	8.7,	
200000,	7.935,	25610,	24481,	27984,	21925,	52.89,	5.8,	6.08,	
250000,	9.966,	40249,	35085,	41196,	33466,	53.04,	6.07,	6.15,	
300000,	11.98,	38568,	36771,	41787,	32874,	53.52,	7.08,	7.53,	
350000,	14.003,	53200,	47164,	54878,	44754,	53.27,	6.54,	7.13,	
400000,	16.058,	51518,	48723,	55647,	44112,	53.62,	7.23,	7.88,	
450000,	18.202,	66275,	59204,	68341,	56176,	53.08,	6.16,	5.87,	
500000,	20.361,	64904,	60453,	68880,	55763,	53.24,	6.48,	5.99,	
550000,	22.507,	79712,	70830,	81501,	67953,	53.19,	6.39,	6.72,	
600000,	24.623,	78487,	71909,	81980,	67624,	53.37,	6.73,	6.63,	
650000,	26.721,	92847,	82782,	94644,	79723,	52.56,	5.11,	4.85,	
700000,	28.785,	91876,	83589,	94981,	79554,	52.78,	5.56,	6.28,	
750000,	30.91,	105849,	94920,	108067,	91160,	52.85,	5.71,	5.9,	
800000,	33.066,	104675,	95878,	108578,	90869,	52.79,	5.6,	5.53,	
850000,	35.162,	118821,	107034,	121701,	102440,	53.21,	6.43,	6.08,	
900000,	37.308,	117595,	108099,	122190,	102116,	53.06,	6.15,	5.93,	
950000,	39.397,	131502,	119340,	135358,	113796,	52.68,	5.35,	5.65,	
1000000,	41.517,	130296,	120439,	135965,	113300,	52.95,	5.91,	5.84,	

1000000,	41.517,	261798,	239779,	271323,	227096,	53.31,	6.63,	6.71,	





OzaBoostHT-RandomRBF
Speed Change:,	0.01,	Centroids:,	100,	DriftCentroid:	100
GracePeriod:,	800,	TieThreshold:,	0.05,	BinarySplit:,	false,	BaseClassifier:,	HT,	
EnsembleSize:,	5
Count,	Time,	TP,	FN,	TN,	FP,	Accu,	Kappa,	Kpa_t,	Mem,	Depth,	TSize,	DcNod,	ActLf,	InacLf,	Reset,	Alter,	Switch,	Prune,	ClOp0,	ClOp1,	ClOp2,	ClOp3
50000,	1.828,	13547,	11495,	14342,	10612,	55.78,	11.57,	11.12,	
100000,	3.693,	12993,	12012,	14063,	10932,	54.11,	8.23,	7.79,	
150000,	5.629,	26726,	23332,	28045,	21893,	53.76,	7.53,	8.33,	
200000,	7.512,	26338,	23748,	27559,	22355,	53.68,	7.37,	7.66,	
250000,	9.397,	40414,	34916,	41178,	33488,	53.64,	7.27,	7.36,	
300000,	11.278,	39659,	35678,	40895,	33768,	53.31,	6.64,	7.12,	
350000,	13.276,	53371,	46991,	54822,	44812,	53.2,	6.41,	7.0,	
400000,	15.287,	52363,	47876,	54792,	44969,	53.2,	6.39,	7.05,	
450000,	17.283,	65895,	59582,	68754,	55765,	52.91,	5.85,	5.54,	
500000,	19.296,	65170,	60187,	68772,	55871,	53.57,	7.17,	6.66,	
550000,	21.323,	79050,	71492,	82134,	67320,	53.07,	6.14,	6.48,	
600000,	23.344,	78378,	72019,	82065,	67538,	53.0,	6.0,	5.9,	
650000,	25.355,	92173,	83459,	95490,	78874,	52.96,	5.92,	5.66,	
700000,	27.471,	91794,	83670,	95243,	79293,	53.19,	6.37,	7.09,	
750000,	29.592,	105267,	95505,	108874,	90350,	52.96,	5.92,	6.11,	
800000,	31.635,	105021,	95529,	108468,	90982,	52.9,	5.81,	5.75,	
850000,	33.663,	118143,	107718,	122316,	101819,	52.64,	5.28,	4.92,	
900000,	35.642,	118052,	107638,	121978,	102332,	53.08,	6.18,	5.96,	
950000,	37.737,	130924,	119922,	135737,	113413,	52.4,	4.81,	5.1,	
1000000,	39.798,	130898,	119838,	135305,	113959,	52.35,	4.7,	4.63,	

1000000,	39.798,	261822,	239760,	271042,	227372,	53.29,	6.58,	6.66,	





OzaBoostHT-RandomRBF
Speed Change:,	0.01,	Centroids:,	100,	DriftCentroid:	100
GracePeriod:,	1600,	TieThreshold:,	0.05,	BinarySplit:,	false,	BaseClassifier:,	HT,	
EnsembleSize:,	5
Count,	Time,	TP,	FN,	TN,	FP,	Accu,	Kappa,	Kpa_t,	Mem,	Depth,	TSize,	DcNod,	ActLf,	InacLf,	Reset,	Alter,	Switch,	Prune,	ClOp0,	ClOp1,	ClOp2,	ClOp3
50000,	1.912,	13523,	11520,	14160,	10793,	55.37,	10.74,	10.29,	
100000,	3.712,	13009,	11998,	14437,	10556,	54.89,	9.79,	9.36,	
150000,	5.462,	26548,	23510,	27844,	22094,	53.42,	6.84,	7.65,	
200000,	7.287,	26191,	23896,	28004,	21909,	53.5,	7.0,	7.29,	
250000,	9.109,	40167,	35163,	40850,	33816,	53.25,	6.49,	6.58,	
300000,	10.978,	39298,	36039,	41343,	33320,	52.89,	5.8,	6.28,	
350000,	12.825,	53533,	46830,	54306,	45327,	53.64,	7.29,	7.88,	
400000,	14.675,	51990,	48250,	54951,	44809,	52.6,	5.19,	5.86,	
450000,	16.605,	66343,	59137,	68289,	56227,	53.59,	7.19,	6.89,	
500000,	18.545,	65000,	60358,	68665,	55977,	53.45,	6.91,	6.41,	
550000,	20.477,	79354,	71192,	81834,	67616,	53.11,	6.23,	6.56,	
600000,	22.422,	78037,	72361,	82231,	67371,	53.21,	6.42,	6.31,	
650000,	24.458,	92287,	83346,	95435,	78928,	53.07,	6.15,	5.88,	
700000,	26.483,	91112,	84354,	95743,	78791,	53.17,	6.35,	7.06,	
750000,	28.556,	105356,	95418,	109081,	90141,	53.43,	6.87,	7.06,	
800000,	30.5,	103878,	96676,	109463,	89983,	52.97,	5.96,	5.89,	
850000,	32.495,	118290,	107568,	122774,	101364,	53.25,	6.52,	6.16,	
900000,	34.471,	116917,	108775,	123001,	101307,	53.15,	6.32,	6.11,	
950000,	36.472,	131295,	119548,	136327,	112826,	53.12,	6.23,	6.52,	
1000000,	38.476,	130038,	120696,	136559,	112707,	53.36,	6.72,	6.65,	

1000000,	38.476,	261333,	240244,	272886,	225533,	53.42,	6.85,	6.93,	





OzaBoostHT-RandomRBF
Speed Change:,	0.01,	Centroids:,	100,	DriftCentroid:	100
GracePeriod:,	3200,	TieThreshold:,	0.05,	BinarySplit:,	false,	BaseClassifier:,	HT,	
EnsembleSize:,	5
Count,	Time,	TP,	FN,	TN,	FP,	Accu,	Kappa,	Kpa_t,	Mem,	Depth,	TSize,	DcNod,	ActLf,	InacLf,	Reset,	Alter,	Switch,	Prune,	ClOp0,	ClOp1,	ClOp2,	ClOp3
50000,	1.795,	13137,	11905,	14521,	10433,	55.32,	10.64,	10.19,	
100000,	3.627,	12770,	12238,	14511,	10481,	54.56,	9.13,	8.7,	
150000,	5.469,	26331,	23727,	28597,	21341,	54.54,	9.08,	9.87,	
200000,	7.298,	25920,	24170,	28032,	21878,	53.34,	6.69,	6.98,	
250000,	9.123,	39847,	35484,	41972,	32693,	53.78,	7.57,	7.64,	
300000,	10.859,	39373,	35965,	41283,	33379,	53.41,	6.82,	7.31,	
350000,	12.691,	52923,	47439,	55517,	44117,	53.24,	6.49,	7.08,	
400000,	14.558,	52382,	47861,	54921,	44836,	53.29,	6.58,	7.24,	
450000,	16.398,	65608,	59871,	69423,	55094,	53.18,	6.39,	6.08,	
500000,	18.264,	65298,	60064,	68530,	56108,	53.05,	6.11,	5.61,	
550000,	20.181,	78614,	71930,	83170,	66282,	53.51,	7.02,	7.35,	
600000,	22.083,	78382,	72019,	81852,	67747,	52.81,	5.63,	5.52,	
650000,	23.943,	91642,	83990,	96762,	77602,	53.24,	6.49,	6.22,	
700000,	25.799,	91594,	83877,	95408,	79121,	53.54,	7.08,	7.78,	
750000,	27.724,	104952,	95820,	109931,	89293,	52.96,	5.92,	6.12,	
800000,	29.61,	104927,	95632,	108959,	90482,	53.77,	7.54,	7.48,	
850000,	31.517,	117979,	107880,	123231,	100906,	52.65,	5.31,	4.96,	
900000,	33.46,	118013,	107685,	122481,	101821,	53.22,	6.44,	6.23,	
950000,	35.461,	130903,	119940,	136884,	112269,	53.15,	6.31,	6.6,	
1000000,	37.363,	131069,	119672,	136072,	113187,	53.29,	6.59,	6.52,	

1000000,	37.363,	261972,	239612,	272956,	225456,	53.49,	6.99,	7.08,	





OzaBoostHT-RandomRBF
Speed Change:,	0.01,	Centroids:,	100,	DriftCentroid:	100
GracePeriod:,	200,	TieThreshold:,	0.001,	BinarySplit:,	false,	BaseClassifier:,	HT,	
EnsembleSize:,	5
Count,	Time,	TP,	FN,	TN,	FP,	Accu,	Kappa,	Kpa_t,	Mem,	Depth,	TSize,	DcNod,	ActLf,	InacLf,	Reset,	Alter,	Switch,	Prune,	ClOp0,	ClOp1,	ClOp2,	ClOp3
50000,	1.45,	10053,	14990,	16438,	8515,	52.98,	6.01,	5.5,	
100000,	3.201,	9273,	15734,	17265,	7728,	53.08,	6.16,	5.71,	
150000,	4.745,	19584,	30475,	33559,	16378,	53.3,	6.63,	7.42,	
200000,	6.207,	18827,	31261,	34315,	15597,	53.21,	6.51,	6.71,	
250000,	7.666,	29731,	45601,	49901,	24763,	52.98,	6.22,	6.03,	
300000,	9.12,	28929,	46409,	50689,	23973,	52.95,	6.15,	6.4,	
350000,	10.578,	39801,	60562,	66271,	33362,	52.88,	5.79,	6.36,	
400000,	12.056,	38826,	61415,	67450,	32309,	53.32,	6.53,	7.28,	
450000,	13.534,	49548,	75932,	83244,	41272,	53.44,	7.01,	6.6,	
500000,	15.099,	48696,	76663,	84358,	40283,	53.56,	7.24,	6.63,	
550000,	16.61,	59406,	91139,	100087,	49364,	53.4,	6.87,	7.14,	
600000,	18.097,	58615,	91783,	101191,	48411,	53.5,	7.05,	6.9,	
650000,	19.556,	69143,	106490,	116795,	57568,	52.89,	5.87,	5.52,	
700000,	21.063,	68504,	106962,	117897,	56637,	53.19,	6.45,	7.09,	
750000,	22.544,	79010,	121763,	133503,	65720,	53.15,	6.45,	6.5,	
800000,	24.033,	78270,	122284,	134646,	64800,	53.03,	6.15,	6.0,	
850000,	25.489,	88754,	137105,	150276,	73861,	53.03,	6.16,	5.72,	
900000,	26.907,	88083,	137611,	151357,	72949,	53.05,	6.24,	5.9,	
950000,	28.119,	98444,	152400,	167074,	82078,	52.98,	5.94,	6.24,	
1000000,	29.313,	97943,	152794,	168142,	81121,	53.29,	6.62,	6.52,	

1000000,	29.313,	196387,	305194,	335216,	163199,	53.16,	6.4,	6.41,	





OzaBoostHT-RandomRBF
Speed Change:,	0.01,	Centroids:,	100,	DriftCentroid:	100
GracePeriod:,	200,	TieThreshold:,	0.005,	BinarySplit:,	false,	BaseClassifier:,	HT,	
EnsembleSize:,	5
Count,	Time,	TP,	FN,	TN,	FP,	Accu,	Kappa,	Kpa_t,	Mem,	Depth,	TSize,	DcNod,	ActLf,	InacLf,	Reset,	Alter,	Switch,	Prune,	ClOp0,	ClOp1,	ClOp2,	ClOp3
50000,	1.447,	10053,	14990,	16438,	8515,	52.98,	6.01,	5.5,	
100000,	3.202,	9273,	15734,	17265,	7728,	53.08,	6.16,	5.71,	
150000,	4.734,	19584,	30475,	33559,	16378,	53.3,	6.63,	7.42,	
200000,	6.202,	18827,	31261,	34315,	15597,	53.21,	6.51,	6.71,	
250000,	7.684,	29731,	45601,	49901,	24763,	52.98,	6.22,	6.03,	
300000,	9.17,	28929,	46409,	50689,	23973,	52.95,	6.15,	6.4,	
350000,	10.831,	40038,	60325,	66185,	33448,	53.18,	6.39,	6.96,	
400000,	12.324,	38557,	61684,	67547,	32212,	52.97,	5.84,	6.6,	
450000,	13.833,	49777,	75703,	83164,	41352,	53.44,	7.0,	6.59,	
500000,	15.411,	48323,	77036,	84548,	40093,	53.53,	7.2,	6.58,	
550000,	16.945,	59535,	91010,	100011,	49440,	53.21,	6.49,	6.76,	
600000,	18.509,	58337,	92061,	101314,	48288,	53.56,	7.16,	7.02,	
650000,	19.995,	69384,	106249,	116709,	57654,	53.09,	6.28,	5.93,	
700000,	21.436,	68757,	106709,	117742,	56792,	53.7,	7.45,	8.1,	
750000,	23.184,	79734,	121039,	132859,	66364,	53.0,	6.12,	6.2,	
800000,	24.985,	78850,	121704,	134303,	65143,	53.31,	6.7,	6.56,	
850000,	26.7,	89993,	135866,	149249,	74888,	53.3,	6.68,	6.25,	
900000,	28.38,	89103,	136591,	150736,	73570,	53.37,	6.88,	6.55,	
950000,	30.041,	100106,	150738,	165628,	83524,	52.98,	5.95,	6.26,	
1000000,	31.58,	99116,	151621,	167552,	81711,	53.66,	7.36,	7.25,	

1000000,	31.58,	199222,	302359,	333180,	165235,	53.24,	6.56,	6.57,	





OzaBoostHT-RandomRBF
Speed Change:,	0.01,	Centroids:,	100,	DriftCentroid:	100
GracePeriod:,	200,	TieThreshold:,	0.01,	BinarySplit:,	false,	BaseClassifier:,	HT,	
EnsembleSize:,	5
Count,	Time,	TP,	FN,	TN,	FP,	Accu,	Kappa,	Kpa_t,	Mem,	Depth,	TSize,	DcNod,	ActLf,	InacLf,	Reset,	Alter,	Switch,	Prune,	ClOp0,	ClOp1,	ClOp2,	ClOp3
50000,	1.457,	10053,	14990,	16438,	8515,	52.98,	6.01,	5.5,	
100000,	3.261,	10341,	14666,	16345,	8648,	53.37,	6.75,	6.31,	
150000,	4.886,	20927,	29132,	32200,	17737,	53.27,	6.56,	7.36,	
200000,	6.695,	21929,	28160,	31364,	18547,	53.21,	6.47,	6.72,	
250000,	8.466,	32927,	42405,	46842,	27822,	53.28,	6.69,	6.65,	
300000,	10.287,	33384,	41955,	46605,	28056,	53.39,	6.93,	7.27,	
350000,	12.169,	43970,	56393,	62432,	37201,	53.27,	6.55,	7.13,	
400000,	14.026,	44004,	56238,	62834,	36924,	53.7,	7.32,	8.04,	
450000,	15.896,	53969,	71511,	79336,	45180,	53.81,	7.73,	7.33,	
500000,	17.581,	54265,	71095,	79511,	45129,	53.88,	7.87,	7.27,	
550000,	19.35,	65054,	85492,	94932,	54518,	53.36,	6.77,	7.06,	
600000,	21.308,	66007,	84392,	94553,	55048,	53.57,	7.16,	7.03,	
650000,	23.271,	76226,	99408,	110431,	63931,	53.34,	6.74,	6.43,	
700000,	25.063,	77648,	97819,	109811,	64722,	53.8,	7.63,	8.3,	
750000,	26.947,	87732,	113042,	125679,	73543,	53.51,	7.1,	7.22,	
800000,	28.87,	88666,	111889,	125410,	74035,	53.23,	6.53,	6.41,	
850000,	30.735,	99384,	126476,	140897,	83239,	53.74,	7.53,	7.14,	
900000,	32.616,	99966,	125729,	140934,	83371,	53.65,	7.39,	7.1,	
950000,	34.44,	110655,	140190,	156175,	92976,	53.1,	6.19,	6.49,	
1000000,	36.277,	110852,	139886,	156833,	92429,	53.57,	7.17,	7.08,	

1000000,	36.277,	221507,	280076,	313008,	185405,	53.45,	6.96,	6.99,	





OzaBoostHT-RandomRBF
Speed Change:,	0.01,	Centroids:,	100,	DriftCentroid:	100
GracePeriod:,	200,	TieThreshold:,	0.05,	BinarySplit:,	false,	BaseClassifier:,	HT,	
EnsembleSize:,	5
Count,	Time,	TP,	FN,	TN,	FP,	Accu,	Kappa,	Kpa_t,	Mem,	Depth,	TSize,	DcNod,	ActLf,	InacLf,	Reset,	Alter,	Switch,	Prune,	ClOp0,	ClOp1,	ClOp2,	ClOp3
50000,	1.925,	13670,	11375,	14114,	10837,	55.57,	11.14,	10.69,	
100000,	3.917,	12813,	12195,	14290,	10702,	54.21,	8.41,	7.98,	
150000,	5.866,	26911,	23149,	27780,	22156,	53.81,	7.63,	8.43,	
200000,	7.883,	26056,	24034,	27951,	21959,	53.81,	7.62,	7.91,	
250000,	9.874,	40466,	34868,	40784,	33878,	53.12,	6.22,	6.31,	
300000,	11.949,	39475,	35864,	41216,	33445,	53.37,	6.74,	7.23,	
350000,	14.053,	53502,	46862,	54147,	45485,	52.8,	5.6,	6.2,	
400000,	16.083,	51987,	48254,	55149,	44610,	52.89,	5.76,	6.43,	
450000,	18.168,	66471,	59012,	67875,	56638,	53.39,	6.8,	6.51,	
500000,	20.268,	64953,	60407,	68790,	55850,	53.21,	6.44,	5.94,	
550000,	22.376,	79622,	70927,	81183,	68264,	52.92,	5.84,	6.17,	
600000,	24.542,	78054,	72345,	82154,	67447,	52.93,	5.86,	5.75,	
650000,	26.702,	92540,	83098,	94413,	79945,	52.3,	4.6,	4.33,	
700000,	28.841,	91212,	84252,	95451,	79085,	52.91,	5.82,	6.54,	
750000,	30.953,	105677,	95101,	107768,	91450,	52.98,	5.98,	6.17,	
800000,	33.056,	104288,	96265,	108713,	90734,	52.68,	5.36,	5.3,	
850000,	35.254,	118800,	107064,	121055,	103077,	52.82,	5.64,	5.29,	
900000,	37.46,	117298,	108394,	121982,	102326,	52.56,	5.12,	4.91,	
950000,	39.691,	131777,	119072,	134492,	114655,	52.83,	5.65,	5.95,	
1000000,	41.869,	130414,	120321,	135493,	113772,	53.25,	6.51,	6.44,	

1000000,	41.869,	262191,	239393,	269985,	228427,	53.22,	6.44,	6.53,	





OzaBoostHT-RandomRBF
Speed Change:,	0.01,	Centroids:,	100,	DriftCentroid:	100
GracePeriod:,	200,	TieThreshold:,	0.1,	BinarySplit:,	false,	BaseClassifier:,	HT,	
EnsembleSize:,	5
Count,	Time,	TP,	FN,	TN,	FP,	Accu,	Kappa,	Kpa_t,	Mem,	Depth,	TSize,	DcNod,	ActLf,	InacLf,	Reset,	Alter,	Switch,	Prune,	ClOp0,	ClOp1,	ClOp2,	ClOp3
50000,	2.407,	14347,	10693,	13781,	11175,	56.26,	12.51,	12.08,	
100000,	4.955,	13237,	11769,	14321,	10673,	55.12,	10.23,	9.81,	
150000,	7.586,	28020,	22039,	27175,	22762,	54.13,	8.27,	9.06,	
200000,	10.22,	27015,	23068,	27475,	22442,	53.86,	7.72,	8.02,	
250000,	12.907,	41897,	33437,	39960,	34702,	53.32,	6.61,	6.73,	
300000,	15.724,	40781,	34553,	40491,	34175,	53.56,	7.11,	7.62,	
350000,	18.545,	55594,	44765,	52833,	46804,	53.14,	6.28,	6.88,	
400000,	21.325,	54143,	46093,	53731,	46033,	53.2,	6.41,	7.06,	
450000,	24.173,	69058,	56413,	65970,	58555,	53.2,	6.4,	6.12,	
500000,	27.083,	67673,	57685,	66807,	57835,	53.21,	6.42,	5.93,	
550000,	29.902,	82613,	67919,	78824,	70640,	52.82,	5.63,	5.97,	
600000,	33.054,	81266,	69132,	79686,	69916,	52.94,	5.88,	5.78,	
650000,	35.882,	96223,	79393,	91530,	82850,	52.63,	5.25,	5.01,	
700000,	38.774,	94775,	80687,	92512,	82026,	52.67,	5.33,	6.06,	
750000,	41.628,	109691,	91068,	104493,	94744,	52.86,	5.72,	5.93,	
800000,	44.49,	108088,	92463,	105700,	93749,	53.0,	6.0,	5.95,	
850000,	47.412,	123046,	102799,	117741,	106410,	53.21,	6.41,	6.07,	
900000,	50.24,	121561,	104129,	118642,	105668,	52.83,	5.65,	5.46,	
950000,	53.447,	136344,	114486,	130838,	118328,	52.79,	5.58,	5.87,	
1000000,	56.371,	135004,	115728,	131700,	117568,	53.0,	6.0,	5.94,	

1000000,	56.371,	271348,	230214,	262538,	235896,	53.39,	6.77,	6.87,	





OzaBoostHT-RandomRBF
Speed Change:,	0.01,	Centroids:,	100,	DriftCentroid:	100
GracePeriod:,	200,	TieThreshold:,	0.01,	BinarySplit:,	true,	BaseClassifier:,	HT,	
EnsembleSize:,	5
Count,	Time,	TP,	FN,	TN,	FP,	Accu,	Kappa,	Kpa_t,	Mem,	Depth,	TSize,	DcNod,	ActLf,	InacLf,	Reset,	Alter,	Switch,	Prune,	ClOp0,	ClOp1,	ClOp2,	ClOp3
50000,	1.518,	10053,	14990,	16438,	8515,	52.98,	6.01,	5.5,	
100000,	3.341,	10341,	14666,	16345,	8648,	53.37,	6.75,	6.31,	
150000,	4.961,	20927,	29132,	32200,	17737,	53.27,	6.56,	7.36,	
200000,	6.76,	21929,	28160,	31364,	18547,	53.21,	6.47,	6.72,	
250000,	8.506,	32927,	42405,	46842,	27822,	53.28,	6.69,	6.65,	
300000,	10.349,	33384,	41955,	46605,	28056,	53.39,	6.93,	7.27,	
350000,	12.248,	43970,	56393,	62432,	37201,	53.27,	6.55,	7.13,	
400000,	14.112,	44004,	56238,	62834,	36924,	53.7,	7.32,	8.04,	
450000,	15.946,	53969,	71511,	79336,	45180,	53.81,	7.73,	7.33,	
500000,	17.615,	54265,	71095,	79511,	45129,	53.88,	7.87,	7.27,	
550000,	19.381,	65054,	85492,	94932,	54518,	53.36,	6.77,	7.06,	
600000,	21.304,	66007,	84392,	94553,	55048,	53.57,	7.16,	7.03,	
650000,	23.223,	76226,	99408,	110431,	63931,	53.34,	6.74,	6.43,	
700000,	24.964,	77648,	97819,	109811,	64722,	53.8,	7.63,	8.3,	
750000,	26.843,	87732,	113042,	125679,	73543,	53.51,	7.1,	7.22,	
800000,	28.762,	88666,	111889,	125410,	74035,	53.23,	6.53,	6.41,	
850000,	30.644,	99384,	126476,	140897,	83239,	53.74,	7.53,	7.14,	
900000,	32.508,	99966,	125729,	140934,	83371,	53.65,	7.39,	7.1,	
950000,	34.32,	110655,	140190,	156175,	92976,	53.1,	6.19,	6.49,	
1000000,	36.133,	110852,	139886,	156833,	92429,	53.57,	7.17,	7.08,	

1000000,	36.133,	221507,	280076,	313008,	185405,	53.45,	6.96,	6.99,	





OzaBoostHT-RandomRBF
Speed Change:,	0.01,	Centroids:,	100,	DriftCentroid:	100
GracePeriod:,	200,	TieThreshold:,	0.01,	BinarySplit:,	true,	BaseClassifier:,	HT,	
EnsembleSize:,	5
Count,	Time,	TP,	FN,	TN,	FP,	Accu,	Kappa,	Kpa_t,	Mem,	Depth,	TSize,	DcNod,	ActLf,	InacLf,	Reset,	Alter,	Switch,	Prune,	ClOp0,	ClOp1,	ClOp2,	ClOp3
50000,	1.462,	10053,	14990,	16438,	8515,	52.98,	6.01,	5.5,	
100000,	3.241,	10341,	14666,	16345,	8648,	53.37,	6.75,	6.31,	
150000,	4.859,	20927,	29132,	32200,	17737,	53.27,	6.56,	7.36,	
200000,	6.647,	21929,	28160,	31364,	18547,	53.21,	6.47,	6.72,	
250000,	8.374,	32927,	42405,	46842,	27822,	53.28,	6.69,	6.65,	
300000,	10.198,	33384,	41955,	46605,	28056,	53.39,	6.93,	7.27,	
350000,	12.087,	43970,	56393,	62432,	37201,	53.27,	6.55,	7.13,	
400000,	13.962,	44004,	56238,	62834,	36924,	53.7,	7.32,	8.04,	
450000,	15.799,	53969,	71511,	79336,	45180,	53.81,	7.73,	7.33,	
500000,	17.492,	54265,	71095,	79511,	45129,	53.88,	7.87,	7.27,	
550000,	19.257,	65054,	85492,	94932,	54518,	53.36,	6.77,	7.06,	
600000,	21.196,	66007,	84392,	94553,	55048,	53.57,	7.16,	7.03,	
650000,	23.108,	76226,	99408,	110431,	63931,	53.34,	6.74,	6.43,	
700000,	24.883,	77648,	97819,	109811,	64722,	53.8,	7.63,	8.3,	
750000,	26.739,	87732,	113042,	125679,	73543,	53.51,	7.1,	7.22,	
800000,	28.638,	88666,	111889,	125410,	74035,	53.23,	6.53,	6.41,	
850000,	30.512,	99384,	126476,	140897,	83239,	53.74,	7.53,	7.14,	
900000,	32.363,	99966,	125729,	140934,	83371,	53.65,	7.39,	7.1,	
950000,	34.159,	110655,	140190,	156175,	92976,	53.1,	6.19,	6.49,	
1000000,	35.982,	110852,	139886,	156833,	92429,	53.57,	7.17,	7.08,	

1000000,	35.982,	221507,	280076,	313008,	185405,	53.45,	6.96,	6.99,	





OzaBoostHT-RandomRBF
Speed Change:,	0.01,	Centroids:,	100,	DriftCentroid:	100
GracePeriod:,	200,	TieThreshold:,	0.01,	BinarySplit:,	true,	BaseClassifier:,	HT,	
EnsembleSize:,	5
Count,	Time,	TP,	FN,	TN,	FP,	Accu,	Kappa,	Kpa_t,	Mem,	Depth,	TSize,	DcNod,	ActLf,	InacLf,	Reset,	Alter,	Switch,	Prune,	ClOp0,	ClOp1,	ClOp2,	ClOp3
50000,	1.446,	10053,	14990,	16438,	8515,	52.98,	6.01,	5.5,	
100000,	3.233,	10341,	14666,	16345,	8648,	53.37,	6.75,	6.31,	
150000,	4.851,	20927,	29132,	32200,	17737,	53.27,	6.56,	7.36,	
200000,	6.653,	21929,	28160,	31364,	18547,	53.21,	6.47,	6.72,	
250000,	8.432,	32927,	42405,	46842,	27822,	53.28,	6.69,	6.65,	
300000,	10.292,	33384,	41955,	46605,	28056,	53.39,	6.93,	7.27,	
350000,	12.191,	43970,	56393,	62432,	37201,	53.27,	6.55,	7.13,	
400000,	14.061,	44004,	56238,	62834,	36924,	53.7,	7.32,	8.04,	
450000,	15.87,	53969,	71511,	79336,	45180,	53.81,	7.73,	7.33,	
500000,	17.559,	54265,	71095,	79511,	45129,	53.88,	7.87,	7.27,	
550000,	19.365,	65054,	85492,	94932,	54518,	53.36,	6.77,	7.06,	
600000,	21.312,	66007,	84392,	94553,	55048,	53.57,	7.16,	7.03,	
650000,	23.25,	76226,	99408,	110431,	63931,	53.34,	6.74,	6.43,	
700000,	25.015,	77648,	97819,	109811,	64722,	53.8,	7.63,	8.3,	
750000,	26.897,	87732,	113042,	125679,	73543,	53.51,	7.1,	7.22,	
800000,	28.828,	88666,	111889,	125410,	74035,	53.23,	6.53,	6.41,	
850000,	30.726,	99384,	126476,	140897,	83239,	53.74,	7.53,	7.14,	
900000,	32.569,	99966,	125729,	140934,	83371,	53.65,	7.39,	7.1,	
950000,	34.366,	110655,	140190,	156175,	92976,	53.1,	6.19,	6.49,	
1000000,	36.198,	110852,	139886,	156833,	92429,	53.57,	7.17,	7.08,	

1000000,	36.198,	221507,	280076,	313008,	185405,	53.45,	6.96,	6.99,	





OzaBoostHT-RandomRBF
Speed Change:,	0.01,	Centroids:,	100,	DriftCentroid:	100
GracePeriod:,	200,	TieThreshold:,	0.01,	BinarySplit:,	true,	BaseClassifier:,	HT,	
EnsembleSize:,	5
Count,	Time,	TP,	FN,	TN,	FP,	Accu,	Kappa,	Kpa_t,	Mem,	Depth,	TSize,	DcNod,	ActLf,	InacLf,	Reset,	Alter,	Switch,	Prune,	ClOp0,	ClOp1,	ClOp2,	ClOp3
50000,	1.468,	10053,	14990,	16438,	8515,	52.98,	6.01,	5.5,	
100000,	3.26,	10341,	14666,	16345,	8648,	53.37,	6.75,	6.31,	
150000,	4.85,	20927,	29132,	32200,	17737,	53.27,	6.56,	7.36,	
200000,	6.646,	21929,	28160,	31364,	18547,	53.21,	6.47,	6.72,	
250000,	8.403,	32927,	42405,	46842,	27822,	53.28,	6.69,	6.65,	
300000,	10.221,	33384,	41955,	46605,	28056,	53.39,	6.93,	7.27,	
350000,	12.17,	43970,	56393,	62432,	37201,	53.27,	6.55,	7.13,	
400000,	14.016,	44004,	56238,	62834,	36924,	53.7,	7.32,	8.04,	
450000,	15.842,	53969,	71511,	79336,	45180,	53.81,	7.73,	7.33,	
500000,	17.54,	54265,	71095,	79511,	45129,	53.88,	7.87,	7.27,	
550000,	19.321,	65054,	85492,	94932,	54518,	53.36,	6.77,	7.06,	
600000,	21.269,	66007,	84392,	94553,	55048,	53.57,	7.16,	7.03,	
650000,	23.195,	76226,	99408,	110431,	63931,	53.34,	6.74,	6.43,	
700000,	24.993,	77648,	97819,	109811,	64722,	53.8,	7.63,	8.3,	
750000,	26.854,	87732,	113042,	125679,	73543,	53.51,	7.1,	7.22,	
800000,	28.779,	88666,	111889,	125410,	74035,	53.23,	6.53,	6.41,	
850000,	30.666,	99384,	126476,	140897,	83239,	53.74,	7.53,	7.14,	
900000,	32.514,	99966,	125729,	140934,	83371,	53.65,	7.39,	7.1,	
950000,	34.339,	110655,	140190,	156175,	92976,	53.1,	6.19,	6.49,	
1000000,	36.155,	110852,	139886,	156833,	92429,	53.57,	7.17,	7.08,	

1000000,	36.155,	221507,	280076,	313008,	185405,	53.45,	6.96,	6.99,	





OzaBoostHT-RandomRBF
Speed Change:,	0.01,	Centroids:,	100,	DriftCentroid:	100
GracePeriod:,	200,	TieThreshold:,	0.01,	BinarySplit:,	true,	BaseClassifier:,	HT,	
EnsembleSize:,	5
Count,	Time,	TP,	FN,	TN,	FP,	Accu,	Kappa,	Kpa_t,	Mem,	Depth,	TSize,	DcNod,	ActLf,	InacLf,	Reset,	Alter,	Switch,	Prune,	ClOp0,	ClOp1,	ClOp2,	ClOp3
50000,	1.445,	10053,	14990,	16438,	8515,	52.98,	6.01,	5.5,	
100000,	3.201,	10341,	14666,	16345,	8648,	53.37,	6.75,	6.31,	
150000,	4.811,	20927,	29132,	32200,	17737,	53.27,	6.56,	7.36,	
200000,	6.61,	21929,	28160,	31364,	18547,	53.21,	6.47,	6.72,	
250000,	8.366,	32927,	42405,	46842,	27822,	53.28,	6.69,	6.65,	
300000,	10.189,	33384,	41955,	46605,	28056,	53.39,	6.93,	7.27,	
350000,	12.088,	43970,	56393,	62432,	37201,	53.27,	6.55,	7.13,	
400000,	13.942,	44004,	56238,	62834,	36924,	53.7,	7.32,	8.04,	
450000,	15.756,	53969,	71511,	79336,	45180,	53.81,	7.73,	7.33,	
500000,	17.445,	54265,	71095,	79511,	45129,	53.88,	7.87,	7.27,	
550000,	19.226,	65054,	85492,	94932,	54518,	53.36,	6.77,	7.06,	
600000,	21.154,	66007,	84392,	94553,	55048,	53.57,	7.16,	7.03,	
650000,	23.096,	76226,	99408,	110431,	63931,	53.34,	6.74,	6.43,	
700000,	24.859,	77648,	97819,	109811,	64722,	53.8,	7.63,	8.3,	
750000,	26.717,	87732,	113042,	125679,	73543,	53.51,	7.1,	7.22,	
800000,	28.632,	88666,	111889,	125410,	74035,	53.23,	6.53,	6.41,	
850000,	30.498,	99384,	126476,	140897,	83239,	53.74,	7.53,	7.14,	
900000,	32.344,	99966,	125729,	140934,	83371,	53.65,	7.39,	7.1,	
950000,	34.148,	110655,	140190,	156175,	92976,	53.1,	6.19,	6.49,	
1000000,	35.939,	110852,	139886,	156833,	92429,	53.57,	7.17,	7.08,	

1000000,	35.939,	221507,	280076,	313008,	185405,	53.45,	6.96,	6.99,	





