OzaBoostHT-ProcessRBF
Speed Change:,	0.0,	Centroids:,	100,	DriftCentroid:	100
GracePeriod:,	200,	TieThreshold:,	0.05,	BinarySplit:,	false,	BaseClassifier:,	HT,	
EnsembleSize:,	1
Count,	Time,	TP,	FN,	TN,	FP,	Accu,	Kappa,	Kpa_t,	Mem,	Depth,	TSize,	DcNod,	ActLf,	InacLf,	Reset,	Alter,	Switch,	Prune,	ClOp0,	ClOp1,	ClOp2,	ClOp3
50000,	6.835,	15938,	6583,	22994,	4381,	77.95,	55.09,	55.3,	
100000,	11.8,	17336,	5012,	24666,	2829,	84.2,	67.78,	68.04,	
150000,	16.141,	33967,	10845,	48185,	6796,	86.54,	72.56,	72.82,	
200000,	20.035,	36167,	8790,	49267,	5395,	87.22,	74.13,	74.34,	
250000,	23.412,	52722,	14379,	73206,	9153,	88.11,	75.88,	75.97,	
300000,	26.285,	55104,	12045,	74606,	7676,	88.82,	77.28,	77.29,	
350000,	28.758,	71244,	17408,	98519,	11550,	89.07,	77.81,	77.71,	
400000,	30.764,	74734,	14993,	99757,	9826,	89.69,	79.14,	79.1,	
450000,	32.304,	89053,	20365,	123760,	13599,	89.86,	79.47,	79.48,	
500000,	33.203,	92473,	17886,	125109,	11806,	90.18,	80.12,	80.32,	
550000,	34.623,	106710,	23177,	149035,	15565,	90.33,	80.45,	80.33,	
600000,	40.074,	108668,	20624,	150462,	13720,	90.59,	80.97,	80.9,	
650000,	45.006,	122627,	25860,	174531,	17503,	90.69,	81.13,	81.16,	
700000,	49.399,	124005,	23258,	175877,	15652,	90.82,	81.42,	81.57,	
750000,	53.337,	137620,	28555,	199908,	19349,	90.86,	81.51,	81.52,	
800000,	56.869,	138896,	25849,	201414,	17520,	91.01,	81.79,	81.86,	
850000,	59.858,	152089,	31019,	225596,	21213,	91.26,	82.29,	82.24,	
900000,	62.371,	153169,	28357,	226960,	19460,	91.03,	81.84,	81.83,	
950000,	64.318,	166720,	33560,	251142,	23028,	91.18,	82.15,	82.07,	
1000000,	65.815,	167267,	30788,	252529,	21430,	91.09,	81.96,	81.9,	

1000000,	65.815,	333987,	64348,	503671,	44458,	89.02,	77.75,	77.79,	
Pool,	TP,	FN,	TN,	FP
1,	3430,	2159,	10738,	1805,	
2,	17334,	5648,	42825,	6691,	
3,	65188,	15691,	71568,	9172,	
4,	116332,	24071,	129240,	17646,	
5,	131703,	16779,	249300,	9144,	





OzaBoostHT-ProcessRBF
Speed Change:,	0.0,	Centroids:,	100,	DriftCentroid:	100
GracePeriod:,	200,	TieThreshold:,	0.05,	BinarySplit:,	false,	BaseClassifier:,	HT,	
EnsembleSize:,	2
Count,	Time,	TP,	FN,	TN,	FP,	Accu,	Kappa,	Kpa_t,	Mem,	Depth,	TSize,	DcNod,	ActLf,	InacLf,	Reset,	Alter,	Switch,	Prune,	ClOp0,	ClOp1,	ClOp2,	ClOp3
50000,	6.805,	20830,	5072,	18588,	5506,	78.84,	57.6,	57.72,	
100000,	12.458,	22342,	3775,	20431,	3452,	85.55,	71.05,	71.12,	
150000,	17.195,	43738,	8347,	39201,	8710,	87.04,	74.03,	74.03,	
200000,	21.37,	45647,	6477,	41475,	6400,	88.7,	77.35,	77.36,	
250000,	25.038,	67154,	10969,	60380,	11493,	89.19,	78.34,	78.28,	
300000,	28.172,	69447,	8739,	62547,	9266,	89.74,	79.43,	79.27,	
350000,	30.852,	91236,	13233,	81425,	14102,	90.25,	80.44,	80.54,	
400000,	33.251,	93401,	11008,	83798,	11791,	90.41,	80.77,	80.93,	
450000,	35.095,	115117,	15549,	102802,	16528,	90.52,	80.98,	81.16,	
500000,	36.291,	117589,	13104,	105096,	14209,	90.97,	81.88,	81.83,	
550000,	37.852,	138986,	17654,	124491,	18862,	91.12,	82.21,	82.26,	
600000,	43.691,	141576,	15224,	126424,	16617,	90.94,	81.83,	81.95,	
650000,	49.561,	162629,	19723,	145976,	21265,	91.06,	82.07,	82.06,	
700000,	54.658,	165742,	17264,	147911,	18923,	91.31,	82.57,	82.33,	
750000,	59.438,	185974,	21672,	167534,	23593,	91.45,	82.85,	82.74,	
800000,	63.612,	188867,	19285,	169460,	21158,	91.49,	82.93,	83.05,	
850000,	67.021,	209737,	23677,	189112,	25867,	91.44,	82.84,	83.01,	
900000,	69.894,	212342,	21222,	190971,	23423,	91.6,	83.14,	83.04,	
950000,	72.161,	231987,	25597,	210882,	28020,	91.85,	83.67,	83.51,	
1000000,	73.885,	234254,	23092,	212535,	25614,	91.88,	83.71,	83.66,	

1000000,	73.885,	466241,	48689,	423417,	53634,	89.77,	79.48,	79.49,	
Pool,	TP,	FN,	TN,	FP
1,	5524,	1305,	8776,	2541,	
2,	31758,	5482,	30419,	5049,	
3,	57587,	9021,	84863,	12138,	
4,	157689,	18844,	100370,	10970,	
5,	213683,	14037,	198989,	22936,	





OzaBoostHT-ProcessRBF
Speed Change:,	0.0,	Centroids:,	100,	DriftCentroid:	100
GracePeriod:,	200,	TieThreshold:,	0.05,	BinarySplit:,	false,	BaseClassifier:,	HT,	
EnsembleSize:,	3
Count,	Time,	TP,	FN,	TN,	FP,	Accu,	Kappa,	Kpa_t,	Mem,	Depth,	TSize,	DcNod,	ActLf,	InacLf,	Reset,	Alter,	Switch,	Prune,	ClOp0,	ClOp1,	ClOp2,	ClOp3
50000,	7.183,	12307,	5516,	28904,	3269,	82.43,	60.59,	61.73,	
100000,	13.047,	14424,	3229,	29936,	2411,	88.72,	75.05,	75.22,	
150000,	18.211,	27198,	8352,	59053,	5393,	90.08,	78.13,	78.35,	
200000,	22.833,	29324,	5869,	60327,	4480,	90.58,	79.17,	79.3,	
250000,	26.734,	42529,	10802,	89129,	7536,	90.81,	79.88,	79.96,	
300000,	30.131,	44570,	8112,	90825,	6493,	91.49,	81.23,	81.32,	
350000,	33.076,	57794,	13248,	119472,	9482,	91.22,	80.68,	80.86,	
400000,	35.515,	59911,	10339,	121317,	8433,	91.67,	81.65,	81.74,	
450000,	37.463,	73127,	15555,	150052,	11262,	91.83,	81.98,	81.96,	
500000,	38.866,	75273,	12540,	151982,	10205,	92.05,	82.47,	82.48,	
550000,	40.638,	88633,	17679,	180676,	13008,	92.26,	82.96,	82.89,	
600000,	46.56,	90781,	14716,	182511,	11992,	92.07,	82.58,	82.57,	
650000,	52.011,	104293,	19733,	211225,	14745,	92.42,	83.36,	83.39,	
700000,	56.909,	106421,	16794,	213097,	13688,	92.45,	83.42,	83.49,	
750000,	61.277,	119771,	21797,	242045,	16383,	92.6,	83.65,	83.65,	
800000,	65.378,	122168,	18766,	243666,	15400,	92.63,	83.85,	83.95,	
850000,	69.019,	135575,	23759,	272594,	18068,	92.71,	84.02,	83.91,	
900000,	71.992,	137985,	20794,	274244,	16977,	92.79,	84.2,	84.35,	
950000,	74.516,	151338,	25764,	303109,	19784,	92.56,	83.7,	83.73,	
1000000,	76.557,	153595,	22694,	304999,	18708,	92.74,	84.01,	83.95,	

1000000,	76.557,	304933,	48458,	608108,	38492,	91.3,	80.85,	80.93,	
Pool,	TP,	FN,	TN,	FP
1,	6417,	2907,	7262,	1609,	
2,	32424,	4355,	32486,	3549,	
3,	45168,	9623,	102125,	6743,	
4,	101641,	9979,	171991,	7396,	
5,	119283,	21594,	294244,	19195,	





OzaBoostHT-ProcessRBF
Speed Change:,	0.0,	Centroids:,	100,	DriftCentroid:	100
GracePeriod:,	200,	TieThreshold:,	0.05,	BinarySplit:,	false,	BaseClassifier:,	HT,	
EnsembleSize:,	4
Count,	Time,	TP,	FN,	TN,	FP,	Accu,	Kappa,	Kpa_t,	Mem,	Depth,	TSize,	DcNod,	ActLf,	InacLf,	Reset,	Alter,	Switch,	Prune,	ClOp0,	ClOp1,	ClOp2,	ClOp3
50000,	7.606,	18346,	4338,	23702,	3608,	84.1,	67.84,	68.0,	
100000,	13.413,	20234,	2484,	24943,	2339,	90.35,	80.54,	80.64,	
150000,	18.602,	38837,	6499,	49068,	5590,	91.71,	83.27,	83.34,	
200000,	23.294,	40887,	4505,	50470,	4138,	92.36,	84.57,	84.6,	
250000,	27.71,	59624,	8466,	74681,	7223,	92.8,	85.47,	85.55,	
300000,	31.745,	61507,	6474,	76297,	5722,	92.89,	85.63,	85.65,	
350000,	34.926,	80421,	10330,	100372,	8871,	92.98,	85.82,	85.81,	
400000,	37.599,	82230,	8288,	102127,	7355,	93.11,	86.07,	86.11,	
450000,	39.842,	101215,	12222,	126126,	10431,	93.1,	86.06,	86.07,	
500000,	41.542,	102826,	10128,	128177,	8869,	93.29,	86.42,	86.53,	
550000,	43.753,	122150,	14045,	151948,	11851,	93.51,	86.9,	86.88,	
600000,	50.008,	123600,	11890,	154094,	10416,	93.38,	86.62,	86.58,	
650000,	55.756,	142934,	15821,	177892,	13347,	93.46,	86.77,	86.74,	
700000,	60.959,	144373,	13645,	180118,	11864,	93.59,	87.05,	87.13,	
750000,	65.623,	163674,	17552,	203982,	14786,	93.66,	87.17,	87.19,	
800000,	69.85,	165270,	15299,	206106,	13325,	93.77,	87.41,	87.44,	
850000,	73.573,	184691,	19278,	229855,	16170,	93.78,	87.44,	87.45,	
900000,	76.79,	186237,	16983,	232067,	14713,	93.86,	87.59,	87.51,	
950000,	79.513,	205560,	20962,	255833,	17634,	93.7,	87.28,	87.27,	
1000000,	81.815,	207162,	18710,	258005,	16123,	93.73,	87.33,	87.37,	

1000000,	81.815,	412722,	39672,	513838,	33757,	92.66,	85.16,	85.19,	
Pool,	TP,	FN,	TN,	FP
1,	5356,	3706,	6892,	2225,	
2,	43387,	7676,	19631,	1999,	
3,	81365,	14599,	58613,	8938,	
4,	68919,	3960,	204633,	13477,	
5,	213695,	9731,	224069,	7118,	





OzaBoostHT-ProcessRBF
Speed Change:,	0.0,	Centroids:,	100,	DriftCentroid:	100
GracePeriod:,	200,	TieThreshold:,	0.05,	BinarySplit:,	false,	BaseClassifier:,	HT,	
EnsembleSize:,	5
Count,	Time,	TP,	FN,	TN,	FP,	Accu,	Kappa,	Kpa_t,	Mem,	Depth,	TSize,	DcNod,	ActLf,	InacLf,	Reset,	Alter,	Switch,	Prune,	ClOp0,	ClOp1,	ClOp2,	ClOp3
50000,	7.988,	18127,	4141,	23912,	3814,	84.08,	67.74,	67.88,	
100000,	14.328,	19842,	2637,	24870,	2651,	89.42,	78.63,	78.74,	
150000,	19.959,	38281,	6284,	49262,	6167,	91.01,	81.82,	81.84,	
200000,	25.013,	39962,	4841,	50387,	4810,	91.27,	82.34,	82.37,	
250000,	29.682,	58870,	8260,	74564,	8300,	91.78,	83.42,	83.39,	
300000,	33.634,	60459,	6747,	75960,	6834,	92.14,	84.12,	84.13,	
350000,	37.155,	79334,	10111,	100202,	10347,	92.2,	84.24,	84.2,	
400000,	40.141,	81147,	8493,	101531,	8829,	92.52,	84.89,	84.71,	
450000,	42.664,	99839,	11936,	125949,	12270,	92.5,	84.84,	85.04,	
500000,	44.629,	101790,	10300,	127255,	10655,	92.73,	85.32,	85.39,	
550000,	46.966,	120512,	13734,	151602,	14146,	92.65,	85.16,	85.15,	
600000,	53.477,	122238,	12114,	153113,	12535,	92.61,	85.05,	84.99,	
650000,	59.488,	141098,	15428,	177409,	16059,	92.79,	85.41,	85.45,	
700000,	65.386,	142982,	13918,	178731,	14369,	92.72,	85.31,	85.26,	
750000,	70.612,	161691,	17184,	203271,	17848,	92.91,	85.66,	85.62,	
800000,	75.074,	163459,	15708,	204661,	16172,	92.81,	85.46,	85.38,	
850000,	79.164,	182222,	18990,	229151,	19631,	92.82,	85.48,	85.46,	
900000,	82.674,	184019,	17471,	230516,	17994,	92.83,	85.5,	85.49,	
950000,	85.718,	202702,	20781,	255124,	21387,	92.91,	85.64,	85.71,	
1000000,	88.308,	204727,	19208,	256200,	19865,	92.78,	85.42,	85.42,	

1000000,	88.308,	407429,	39989,	511324,	41252,	91.88,	83.57,	83.58,	
Pool,	TP,	FN,	TN,	FP
1,	5988,	1246,	8732,	2192,	
2,	40942,	8609,	21169,	2142,	
3,	59565,	8222,	85897,	9903,	
4,	147041,	10765,	126065,	7175,	
5,	153893,	11147,	269461,	19840,	





OzaBoostHT-ProcessRBF
Speed Change:,	0.0,	Centroids:,	100,	DriftCentroid:	100
GracePeriod:,	200,	TieThreshold:,	0.05,	BinarySplit:,	false,	BaseClassifier:,	HT,	
EnsembleSize:,	6
Count,	Time,	TP,	FN,	TN,	FP,	Accu,	Kappa,	Kpa_t,	Mem,	Depth,	TSize,	DcNod,	ActLf,	InacLf,	Reset,	Alter,	Switch,	Prune,	ClOp0,	ClOp1,	ClOp2,	ClOp3
50000,	8.01,	11935,	4733,	30707,	2619,	85.29,	65.81,	66.79,	
100000,	14.54,	13487,	2975,	31487,	2051,	89.95,	76.91,	77.17,	
150000,	20.373,	25582,	7516,	62418,	4478,	90.72,	78.65,	78.95,	
200000,	25.661,	27537,	5441,	63101,	3921,	91.33,	80.22,	80.4,	
250000,	30.447,	39799,	9888,	93897,	6410,	91.39,	80.46,	80.74,	
300000,	34.973,	41694,	7788,	94633,	5885,	91.38,	80.39,	80.64,	
350000,	38.776,	53966,	12240,	125540,	8248,	91.62,	80.91,	80.97,	
400000,	42.101,	55995,	10111,	126266,	7628,	91.87,	81.52,	81.62,	
450000,	45.09,	68073,	14491,	157494,	9936,	92.12,	81.95,	81.97,	
500000,	47.431,	70337,	12267,	158124,	9272,	92.4,	82.68,	82.79,	
550000,	50.118,	82443,	16666,	189245,	11640,	92.24,	82.35,	82.47,	
600000,	57.164,	84432,	14519,	190070,	10979,	92.08,	81.85,	82.03,	
650000,	63.548,	96505,	18933,	221189,	13367,	92.01,	81.68,	81.84,	
700000,	69.297,	98670,	16655,	222055,	12620,	92.45,	82.72,	82.87,	
750000,	74.763,	110912,	20998,	253104,	14980,	92.64,	83.23,	83.31,	
800000,	79.655,	113035,	18767,	253980,	14218,	92.58,	83.07,	83.28,	
850000,	83.995,	125280,	23124,	285041,	16549,	92.61,	83.14,	83.35,	
900000,	87.878,	127257,	20972,	285982,	15789,	92.45,	82.71,	82.83,	
950000,	91.43,	139453,	25244,	317203,	18094,	92.67,	83.16,	83.2,	
1000000,	94.383,	141522,	23130,	318020,	17328,	92.61,	83.08,	83.41,	

1000000,	94.383,	280975,	48374,	635223,	35422,	91.62,	80.84,	81.03,	
Pool,	TP,	FN,	TN,	FP
1,	7283,	2602,	7317,	973,	
2,	26460,	8530,	33831,	3946,	
3,	51062,	10247,	94573,	7571,	
4,	78299,	10483,	191669,	10607,	
5,	117871,	16512,	307833,	12325,	





OzaBoostHT-ProcessRBF
Speed Change:,	0.0,	Centroids:,	100,	DriftCentroid:	100
GracePeriod:,	200,	TieThreshold:,	0.05,	BinarySplit:,	false,	BaseClassifier:,	HT,	
EnsembleSize:,	7
Count,	Time,	TP,	FN,	TN,	FP,	Accu,	Kappa,	Kpa_t,	Mem,	Depth,	TSize,	DcNod,	ActLf,	InacLf,	Reset,	Alter,	Switch,	Prune,	ClOp0,	ClOp1,	ClOp2,	ClOp3
50000,	8.772,	22360,	4315,	18415,	4905,	81.55,	62.88,	62.65,	
100000,	16.045,	24062,	2657,	20303,	2978,	88.73,	77.33,	77.27,	
150000,	22.747,	46463,	6760,	38984,	7788,	89.34,	78.58,	78.65,	
200000,	28.892,	48496,	4890,	40776,	5838,	89.81,	79.5,	79.64,	
250000,	34.164,	70962,	8903,	59632,	10498,	90.29,	80.47,	80.51,	
300000,	38.957,	72882,	6978,	61794,	8346,	90.81,	81.53,	81.63,	
350000,	43.314,	95253,	10977,	80695,	13070,	90.71,	81.34,	81.32,	
400000,	47.133,	97414,	9005,	82751,	10830,	90.98,	81.86,	81.79,	
450000,	50.525,	119846,	13022,	101617,	15510,	91.03,	81.96,	81.8,	
500000,	53.264,	121857,	11132,	103763,	13248,	90.91,	81.73,	81.83,	
550000,	56.351,	144434,	15039,	122628,	17894,	91.2,	82.31,	82.36,	
600000,	63.912,	146515,	13184,	124722,	15579,	91.23,	82.37,	82.47,	
650000,	71.075,	169079,	17105,	143659,	20152,	91.35,	82.61,	82.56,	
700000,	77.469,	170980,	15211,	146017,	17792,	91.52,	82.97,	82.95,	
750000,	83.65,	193523,	19107,	164804,	22561,	91.18,	82.28,	82.22,	
800000,	89.058,	195534,	17267,	167192,	20007,	91.46,	82.84,	82.84,	
850000,	94.038,	218028,	21116,	185961,	24890,	91.32,	82.57,	82.58,	
900000,	98.488,	220141,	19279,	188272,	22308,	91.37,	82.66,	82.68,	
950000,	102.326,	242587,	23060,	207196,	27152,	91.59,	83.1,	83.03,	
1000000,	105.756,	244746,	21246,	209521,	24487,	91.71,	83.34,	83.47,	

1000000,	105.756,	487333,	44306,	416717,	51639,	90.41,	80.71,	80.72,	
Pool,	TP,	FN,	TN,	FP
1,	6080,	985,	8256,	2858,	
2,	39853,	6353,	24014,	2516,	
3,	109189,	10365,	40815,	3298,	
4,	115312,	7890,	140500,	26975,	
5,	216899,	18713,	203132,	15992,	





OzaBoostHT-ProcessRBF
Speed Change:,	0.0,	Centroids:,	100,	DriftCentroid:	100
GracePeriod:,	200,	TieThreshold:,	0.05,	BinarySplit:,	false,	BaseClassifier:,	HT,	
EnsembleSize:,	8
Count,	Time,	TP,	FN,	TN,	FP,	Accu,	Kappa,	Kpa_t,	Mem,	Depth,	TSize,	DcNod,	ActLf,	InacLf,	Reset,	Alter,	Switch,	Prune,	ClOp0,	ClOp1,	ClOp2,	ClOp3
50000,	9.654,	15926,	4036,	26826,	3203,	85.52,	69.6,	69.92,	
100000,	17.111,	17224,	2449,	27875,	2452,	90.2,	79.47,	79.49,	
150000,	23.994,	33293,	6387,	55060,	5251,	91.2,	81.53,	81.66,	
200000,	30.134,	34757,	4685,	56162,	4396,	91.64,	82.47,	82.41,	
250000,	35.885,	50875,	8634,	83216,	7266,	91.48,	82.15,	82.21,	
300000,	40.778,	52214,	6946,	84496,	6344,	91.58,	82.33,	82.32,	
350000,	45.248,	68506,	10689,	111600,	9196,	92.03,	83.29,	83.24,	
400000,	49.433,	69762,	8906,	113122,	8210,	92.35,	83.91,	83.95,	
450000,	53.049,	86205,	12767,	139915,	11104,	92.03,	83.3,	83.25,	
500000,	56.134,	87551,	10900,	141545,	10004,	92.42,	84.13,	84.21,	
550000,	59.861,	103810,	14809,	168473,	12899,	92.33,	83.88,	83.98,	
600000,	67.762,	105184,	12925,	170028,	11863,	92.23,	83.7,	83.69,	
650000,	74.907,	121182,	16829,	197220,	14760,	92.24,	83.63,	83.66,	
700000,	81.68,	122923,	14877,	198515,	13685,	92.45,	84.17,	84.25,	
750000,	87.926,	138748,	18743,	225946,	16554,	92.58,	84.39,	84.3,	
800000,	93.65,	140655,	16819,	227060,	15466,	92.55,	84.38,	84.38,	
850000,	98.923,	156418,	20680,	254518,	18375,	92.48,	84.22,	84.13,	
900000,	103.733,	158443,	18811,	255527,	17219,	92.51,	84.31,	84.33,	
950000,	107.884,	174199,	22553,	283002,	20237,	92.53,	84.34,	84.29,	
1000000,	111.676,	176243,	20627,	284062,	19068,	92.67,	84.63,	84.67,	

1000000,	111.676,	350442,	43180,	567064,	39305,	91.75,	82.69,	82.71,	
Pool,	TP,	FN,	TN,	FP
1,	5907,	2414,	8440,	1432,	
2,	36883,	6466,	25382,	4033,	
3,	56414,	11835,	89478,	6074,	
4,	149445,	10109,	121538,	9717,	
5,	101793,	12356,	322226,	18049,	





OzaBoostHT-ProcessRBF
Speed Change:,	0.0,	Centroids:,	100,	DriftCentroid:	100
GracePeriod:,	200,	TieThreshold:,	0.05,	BinarySplit:,	false,	BaseClassifier:,	HT,	
EnsembleSize:,	9
Count,	Time,	TP,	FN,	TN,	FP,	Accu,	Kappa,	Kpa_t,	Mem,	Depth,	TSize,	DcNod,	ActLf,	InacLf,	Reset,	Alter,	Switch,	Prune,	ClOp0,	ClOp1,	ClOp2,	ClOp3
50000,	9.686,	32232,	2144,	11846,	3759,	88.18,	71.67,	72.28,	
100000,	17.426,	32803,	1346,	13524,	2327,	92.65,	82.75,	82.98,	
150000,	24.338,	65227,	3373,	25501,	5880,	93.3,	84.25,	84.42,	
200000,	30.73,	65679,	2585,	27534,	4202,	93.77,	85.48,	85.56,	
250000,	36.605,	98235,	4639,	39398,	7709,	93.81,	85.5,	85.67,	
300000,	42.26,	99101,	3819,	41145,	5935,	94.07,	85.92,	86.04,	
350000,	47.204,	131265,	5798,	53446,	9472,	94.16,	86.34,	86.62,	
400000,	51.667,	132127,	5006,	55194,	7673,	94.15,	86.33,	86.53,	
450000,	55.716,	164476,	6966,	67482,	11057,	94.49,	87.09,	87.15,	
500000,	59.296,	165359,	6084,	69266,	9291,	94.61,	87.36,	87.47,	
550000,	63.128,	197565,	8088,	81625,	12703,	94.46,	87.07,	87.2,	
600000,	71.756,	198618,	7197,	83243,	10942,	94.47,	87.01,	87.05,	
650000,	79.65,	230794,	9203,	95683,	14301,	94.57,	87.28,	87.35,	
700000,	86.682,	231884,	8320,	97225,	12571,	94.5,	87.07,	87.2,	
750000,	93.37,	264031,	10321,	109719,	15910,	94.55,	87.2,	87.3,	
800000,	101.572,	265083,	9413,	111340,	14164,	94.63,	87.42,	87.51,	
850000,	108.111,	297320,	11428,	123768,	17465,	94.68,	87.5,	87.49,	
900000,	113.461,	298370,	10518,	125417,	15695,	94.73,	87.63,	87.77,	
950000,	118.12,	330699,	12477,	137752,	19053,	94.73,	87.58,	87.71,	
1000000,	122.141,	331766,	11575,	139381,	17278,	94.72,	87.56,	87.65,	

1000000,	122.141,	662465,	24052,	277133,	36331,	93.96,	85.82,	85.95,	
Pool,	TP,	FN,	TN,	FP
1,	12485,	1192,	3618,	848,	
2,	55123,	3328,	11769,	2468,	
3,	104789,	4617,	45842,	8345,	
4,	176090,	7995,	95193,	11866,	
5,	313978,	6920,	120711,	12804,	





OzaBoostHT-ProcessRBF
Speed Change:,	0.0,	Centroids:,	100,	DriftCentroid:	100
GracePeriod:,	200,	TieThreshold:,	0.05,	BinarySplit:,	false,	BaseClassifier:,	HT,	
EnsembleSize:,	10
Count,	Time,	TP,	FN,	TN,	FP,	Accu,	Kappa,	Kpa_t,	Mem,	Depth,	TSize,	DcNod,	ActLf,	InacLf,	Reset,	Alter,	Switch,	Prune,	ClOp0,	ClOp1,	ClOp2,	ClOp3
50000,	9.677,	15852,	3756,	27885,	2501,	87.48,	73.43,	73.64,	
100000,	17.945,	17776,	1959,	28607,	1658,	92.77,	84.82,	84.93,	
150000,	25.587,	33579,	5553,	56841,	4021,	93.37,	86.03,	86.14,	
200000,	32.455,	35392,	3684,	57833,	3091,	93.68,	86.65,	86.66,	
250000,	38.445,	51357,	7225,	86042,	5370,	93.96,	87.25,	87.35,	
300000,	43.859,	53182,	5321,	87080,	4417,	94.07,	87.49,	87.49,	
350000,	48.825,	69244,	8802,	115245,	6703,	94.18,	87.73,	87.85,	
400000,	53.938,	71066,	6951,	116284,	5699,	94.18,	87.72,	87.84,	
450000,	58.484,	87159,	10383,	144460,	7992,	94.26,	87.9,	87.97,	
500000,	62.374,	89095,	8552,	145451,	6902,	94.39,	88.2,	88.22,	
550000,	66.703,	104895,	11919,	173914,	9266,	94.38,	88.11,	88.16,	
600000,	76.39,	107201,	10020,	174635,	8144,	94.58,	88.6,	88.66,	
650000,	85.328,	122861,	13480,	203199,	10454,	94.5,	88.41,	88.44,	
700000,	93.651,	125238,	11575,	203852,	9335,	94.51,	88.44,	88.53,	
750000,	101.247,	140785,	14976,	232531,	11702,	94.51,	88.42,	88.43,	
800000,	107.433,	143372,	13067,	232944,	10617,	94.45,	88.34,	88.47,	
850000,	113.364,	158777,	16494,	261839,	12884,	94.6,	88.62,	88.57,	
900000,	118.62,	161264,	14545,	262362,	11829,	94.62,	88.64,	88.6,	
950000,	123.347,	176855,	18027,	291057,	14055,	94.59,	88.62,	88.61,	
1000000,	127.604,	179402,	16033,	291521,	13044,	94.59,	88.64,	88.66,	

1000000,	127.604,	356257,	34060,	582578,	27099,	93.88,	87.11,	87.16,	
Pool,	TP,	FN,	TN,	FP
1,	9054,	2908,	5233,	1023,	
2,	18204,	1556,	49434,	3630,	
3,	51857,	5764,	98927,	7038,	
4,	135923,	9961,	137354,	7416,	
5,	141219,	13871,	291630,	7992,	





OzaBoostHT-ProcessRBF
Speed Change:,	0.0,	Centroids:,	100,	DriftCentroid:	100
GracePeriod:,	200,	TieThreshold:,	0.05,	BinarySplit:,	false,	BaseClassifier:,	HT,	
EnsembleSize:,	5
Count,	Time,	TP,	FN,	TN,	FP,	Accu,	Kappa,	Kpa_t,	Mem,	Depth,	TSize,	DcNod,	ActLf,	InacLf,	Reset,	Alter,	Switch,	Prune,	ClOp0,	ClOp1,	ClOp2,	ClOp3
50000,	8.45,	19939,	3295,	23018,	3744,	85.92,	71.73,	71.6,	
100000,	14.597,	21244,	2187,	24326,	2243,	91.14,	82.21,	82.24,	
150000,	20.296,	41297,	5068,	47919,	5712,	92.52,	84.96,	84.97,	
200000,	25.182,	42608,	3949,	49355,	4088,	92.79,	85.49,	85.43,	
250000,	29.606,	62676,	6806,	73032,	7482,	92.98,	85.89,	85.91,	
300000,	33.598,	64195,	5584,	74495,	5726,	93.45,	86.84,	86.81,	
350000,	37.074,	84400,	8474,	97942,	9180,	93.27,	86.48,	86.48,	
400000,	40.074,	85832,	7198,	99627,	7343,	93.54,	87.01,	86.98,	
450000,	42.561,	106128,	10033,	123008,	10827,	93.59,	87.12,	87.14,	
500000,	44.54,	107506,	8723,	124863,	8908,	93.82,	87.58,	87.66,	
550000,	47.071,	127913,	11488,	148212,	12383,	93.98,	87.9,	87.89,	
600000,	53.668,	129409,	10169,	149958,	10464,	94.0,	87.94,	88.01,	
650000,	59.834,	149671,	13043,	173388,	13894,	93.87,	87.68,	87.7,	
700000,	65.373,	151026,	11612,	175286,	12076,	93.89,	87.71,	87.72,	
750000,	70.27,	171434,	14437,	198707,	15418,	94.16,	88.27,	88.38,	
800000,	74.674,	172680,	13064,	200569,	13687,	93.87,	87.68,	87.7,	
850000,	78.581,	193279,	15857,	223991,	16867,	94.26,	88.47,	88.38,	
900000,	82.017,	194485,	14430,	225866,	15219,	94.2,	88.35,	88.29,	
950000,	85.003,	214990,	17242,	249423,	18339,	94.29,	88.51,	88.58,	
1000000,	87.461,	216328,	15792,	251123,	16757,	94.2,	88.35,	88.29,	

1000000,	87.461,	431318,	33034,	500546,	35096,	93.19,	86.31,	86.31,	
Pool,	TP,	FN,	TN,	FP
1,	6451,	2581,	7687,	1527,	
2,	38540,	4231,	25447,	4720,	
3,	90259,	8802,	60654,	3812,	
4,	187716,	9620,	90855,	2472,	
5,	108352,	7800,	315903,	22565,	





OzaBoostHT-ProcessRBF
Speed Change:,	0.001,	Centroids:,	100,	DriftCentroid:	100
GracePeriod:,	200,	TieThreshold:,	0.05,	BinarySplit:,	false,	BaseClassifier:,	HT,	
EnsembleSize:,	5
Count,	Time,	TP,	FN,	TN,	FP,	Accu,	Kappa,	Kpa_t,	Mem,	Depth,	TSize,	DcNod,	ActLf,	InacLf,	Reset,	Alter,	Switch,	Prune,	ClOp0,	ClOp1,	ClOp2,	ClOp3
50000,	7.73,	19330,	4335,	22214,	4117,	83.09,	66.07,	66.03,	
100000,	13.754,	21188,	2652,	23300,	2860,	88.98,	77.91,	77.93,	
150000,	19.219,	40710,	6755,	45982,	6549,	90.3,	80.55,	80.59,	
200000,	24.188,	42541,	4853,	47439,	5167,	90.98,	81.91,	81.88,	
250000,	28.61,	62484,	8775,	70012,	8725,	91.61,	83.18,	83.15,	
300000,	32.483,	64104,	6914,	71594,	7388,	91.44,	82.83,	82.9,	
350000,	35.912,	84345,	10794,	94032,	10825,	91.76,	83.49,	83.54,	
400000,	38.854,	86002,	8888,	95622,	9488,	91.85,	83.67,	83.72,	
450000,	41.326,	106375,	12731,	118011,	12879,	92.02,	84.01,	84.09,	
500000,	43.213,	108007,	10767,	119735,	11491,	92.24,	84.44,	84.47,	
550000,	45.607,	128218,	14656,	142132,	14990,	91.93,	83.82,	83.79,	
600000,	52.128,	129731,	12642,	144128,	13499,	92.23,	84.42,	84.34,	
650000,	58.573,	150036,	16619,	166298,	17043,	91.97,	83.9,	84.05,	
700000,	64.458,	151567,	14499,	168455,	15479,	92.33,	84.61,	84.56,	
750000,	69.608,	171812,	18524,	190633,	19027,	92.22,	84.4,	84.34,	
800000,	74.252,	173401,	16411,	192776,	17412,	92.31,	84.58,	84.57,	
850000,	78.351,	193715,	20306,	215009,	20966,	92.56,	85.08,	85.08,	
900000,	81.973,	195328,	18184,	217258,	19230,	92.82,	85.6,	85.66,	
950000,	85.067,	215580,	22158,	239380,	22878,	92.47,	84.91,	84.94,	
1000000,	87.758,	217041,	19980,	241878,	21101,	92.67,	85.28,	85.31,	

1000000,	87.758,	432621,	42138,	481258,	43979,	91.39,	82.74,	82.75,	
Pool,	TP,	FN,	TN,	FP
1,	7795,	1412,	7529,	1409,	
2,	41147,	6479,	21480,	3584,	
3,	70546,	13221,	70121,	9719,	
4,	102569,	6994,	167759,	13732,	
5,	210564,	14032,	214369,	15535,	





OzaBoostHT-ProcessRBF
Speed Change:,	0.01,	Centroids:,	100,	DriftCentroid:	100
GracePeriod:,	200,	TieThreshold:,	0.05,	BinarySplit:,	false,	BaseClassifier:,	HT,	
EnsembleSize:,	5
Count,	Time,	TP,	FN,	TN,	FP,	Accu,	Kappa,	Kpa_t,	Mem,	Depth,	TSize,	DcNod,	ActLf,	InacLf,	Reset,	Alter,	Switch,	Prune,	ClOp0,	ClOp1,	ClOp2,	ClOp3
50000,	7.664,	20651,	4676,	19991,	4679,	81.28,	62.56,	62.42,	
100000,	13.882,	22233,	2982,	21565,	3220,	87.6,	75.19,	75.27,	
150000,	19.679,	43170,	7385,	42026,	7416,	89.11,	78.21,	78.36,	
200000,	24.98,	44779,	5642,	43694,	5885,	89.35,	78.7,	78.71,	
250000,	29.452,	65863,	9888,	64216,	10030,	89.77,	79.53,	79.37,	
300000,	33.46,	67487,	8139,	66038,	8336,	90.1,	80.21,	80.27,	
350000,	36.966,	88816,	12232,	86505,	12444,	90.48,	80.96,	80.98,	
400000,	39.994,	90499,	10385,	88405,	10711,	90.76,	81.51,	81.57,	
450000,	42.564,	111931,	14334,	108954,	14778,	91.13,	82.25,	82.18,	
500000,	44.595,	113528,	12555,	110926,	12991,	91.1,	82.2,	82.22,	
550000,	46.987,	134904,	16470,	131557,	17066,	91.15,	82.3,	82.32,	
600000,	53.55,	136600,	14776,	133456,	15168,	91.2,	82.41,	82.37,	
650000,	59.552,	158015,	18553,	154115,	19314,	91.34,	82.67,	82.66,	
700000,	65.026,	159535,	16846,	156183,	17436,	91.32,	82.65,	82.68,	
750000,	70.043,	181273,	20654,	176551,	21519,	91.39,	82.77,	82.74,	
800000,	74.561,	182711,	18923,	178745,	19621,	91.48,	82.95,	83.08,	
850000,	78.576,	204232,	22776,	199314,	23675,	91.44,	82.89,	82.96,	
900000,	82.123,	206003,	21027,	201249,	21721,	91.59,	83.18,	83.39,	
950000,	85.511,	227316,	24863,	222008,	25810,	91.56,	83.11,	83.12,	
1000000,	88.392,	229396,	23086,	223708,	23810,	91.7,	83.4,	83.41,	

1000000,	88.392,	456712,	47949,	445716,	49620,	90.24,	80.48,	80.51,	
Pool,	TP,	FN,	TN,	FP
1,	9928,	3662,	3758,	787,	
2,	31129,	5274,	31510,	4889,	
3,	47076,	8583,	94153,	13676,	
4,	129064,	10846,	136923,	14085,	
5,	239515,	19584,	179372,	16183,	





OzaBoostHT-ProcessRBF
Speed Change:,	0.1,	Centroids:,	100,	DriftCentroid:	100
GracePeriod:,	200,	TieThreshold:,	0.05,	BinarySplit:,	false,	BaseClassifier:,	HT,	
EnsembleSize:,	5
Count,	Time,	TP,	FN,	TN,	FP,	Accu,	Kappa,	Kpa_t,	Mem,	Depth,	TSize,	DcNod,	ActLf,	InacLf,	Reset,	Alter,	Switch,	Prune,	ClOp0,	ClOp1,	ClOp2,	ClOp3
50000,	8.38,	17903,	4050,	24584,	3457,	84.98,	69.42,	69.43,	
100000,	16.006,	19704,	2384,	25283,	2629,	89.97,	79.7,	79.7,	
150000,	22.997,	37658,	6144,	50568,	5624,	91.48,	82.69,	82.64,	
200000,	29.434,	39552,	4386,	51435,	4627,	92.0,	83.74,	83.72,	
250000,	34.951,	57747,	8025,	76514,	7708,	92.07,	83.92,	83.97,	
300000,	39.909,	59726,	6224,	77466,	6584,	92.41,	84.61,	84.48,	
350000,	44.198,	77782,	9902,	102788,	9522,	92.62,	85.0,	84.95,	
400000,	47.922,	79766,	7954,	103918,	8362,	92.98,	85.73,	85.79,	
450000,	50.939,	97793,	11652,	129287,	11262,	93.02,	85.8,	85.7,	
500000,	53.33,	100183,	9644,	130050,	10123,	93.1,	86.01,	86.12,	
550000,	56.077,	118054,	13360,	155509,	13071,	92.97,	85.73,	85.79,	
600000,	64.641,	120201,	11515,	156297,	11987,	92.53,	84.82,	84.88,	
650000,	71.85,	138289,	15122,	181667,	14916,	92.79,	85.37,	85.41,	
700000,	78.395,	140443,	13220,	182599,	13738,	93.09,	85.97,	85.88,	
750000,	84.336,	158625,	16859,	207829,	16681,	93.0,	85.8,	85.72,	
800000,	89.652,	160836,	14869,	208831,	15464,	93.25,	86.31,	86.25,	
850000,	94.67,	178988,	18465,	234081,	18460,	93.23,	86.27,	86.27,	
900000,	98.961,	181194,	16525,	235076,	17205,	93.21,	86.22,	86.22,	
950000,	102.613,	199206,	20041,	260398,	20349,	93.07,	85.93,	85.96,	
1000000,	105.75,	201594,	18165,	261245,	18996,	93.14,	86.09,	85.95,	

1000000,	105.75,	400800,	38206,	521643,	39345,	92.24,	84.26,	84.24,	
Pool,	TP,	FN,	TN,	FP
1,	9144,	1476,	5398,	2171,	
2,	34449,	7662,	27228,	3465,	
3,	76381,	9215,	67495,	10704,	
4,	130055,	10137,	142676,	7970,	
5,	150771,	9716,	278846,	15035,	





OzaBoostHT-ProcessRBF
Speed Change:,	1.0,	Centroids:,	100,	DriftCentroid:	100
GracePeriod:,	200,	TieThreshold:,	0.05,	BinarySplit:,	false,	BaseClassifier:,	HT,	
EnsembleSize:,	5
Count,	Time,	TP,	FN,	TN,	FP,	Accu,	Kappa,	Kpa_t,	Mem,	Depth,	TSize,	DcNod,	ActLf,	InacLf,	Reset,	Alter,	Switch,	Prune,	ClOp0,	ClOp1,	ClOp2,	ClOp3
50000,	9.6,	30043,	2923,	11974,	5056,	84.04,	63.35,	64.14,	
100000,	17.163,	31171,	1883,	13761,	3185,	89.86,	76.95,	77.49,	
150000,	24.037,	61329,	4853,	26037,	7777,	90.7,	78.9,	79.12,	
200000,	30.108,	62276,	3707,	28050,	5967,	90.79,	79.23,	79.56,	
250000,	35.672,	92475,	6674,	40416,	10431,	91.05,	79.84,	80.07,	
300000,	40.537,	93488,	5435,	42605,	8472,	91.53,	80.96,	81.33,	
350000,	44.846,	123649,	8443,	55049,	12855,	91.61,	81.17,	81.3,	
400000,	48.506,	124765,	7124,	57224,	10887,	91.79,	81.54,	81.71,	
450000,	51.653,	155075,	10073,	69655,	15193,	92.06,	82.11,	82.26,	
500000,	54.161,	156363,	8703,	71670,	13264,	92.09,	82.07,	82.31,	
550000,	57.172,	186486,	11620,	84384,	17506,	92.28,	82.63,	82.84,	
600000,	65.871,	186099,	11847,	84604,	17450,	85.34,	66.96,	67.53,	
650000,	73.933,	217139,	13893,	98616,	20348,	89.77,	77.07,	77.25,	
700000,	80.928,	216960,	14101,	98764,	20175,	90.04,	77.58,	77.78,	
750000,	87.334,	248130,	15879,	112963,	23024,	90.68,	79.03,	79.38,	
800000,	93.123,	248074,	15959,	113181,	22786,	91.06,	79.88,	80.19,	
850000,	98.216,	279311,	17768,	127339,	25578,	91.11,	79.97,	80.05,	
900000,	102.833,	279199,	17800,	127734,	25267,	91.36,	80.58,	80.84,	
950000,	106.75,	310645,	19572,	141808,	27971,	91.61,	81.06,	81.22,	
1000000,	110.075,	310581,	19520,	142176,	27723,	91.65,	81.13,	81.45,	

1000000,	110.075,	621226,	39092,	283984,	55694,	90.52,	78.62,	78.89,	
Pool,	TP,	FN,	TN,	FP
1,	8342,	1476,	5107,	3218,	
2,	30758,	4703,	29262,	8121,	
3,	101978,	8947,	39106,	13662,	
4,	121665,	4859,	137281,	27095,	
5,	358483,	19107,	73228,	3598,	





OzaBoostHT-ProcessRBF
Speed Change:,	0.01,	Centroids:,	50,	DriftCentroid:	50
GracePeriod:,	200,	TieThreshold:,	0.05,	BinarySplit:,	false,	BaseClassifier:,	HT,	
EnsembleSize:,	5
Count,	Time,	TP,	FN,	TN,	FP,	Accu,	Kappa,	Kpa_t,	Mem,	Depth,	TSize,	DcNod,	ActLf,	InacLf,	Reset,	Alter,	Switch,	Prune,	ClOp0,	ClOp1,	ClOp2,	ClOp3
50000,	9.294,	25042,	3469,	17482,	4002,	85.05,	69.41,	69.31,	
100000,	16.566,	25860,	2429,	18938,	2773,	89.6,	78.79,	78.61,	
150000,	23.703,	50982,	5708,	36689,	6616,	90.29,	80.23,	80.35,	
200000,	29.801,	52059,	4599,	38090,	5252,	90.7,	81.03,	81.03,	
250000,	35.172,	77302,	7810,	56046,	8837,	91.35,	82.37,	82.31,	
300000,	39.604,	78324,	6719,	57476,	7481,	91.3,	82.27,	82.29,	
350000,	43.311,	103645,	9799,	75407,	11144,	91.41,	82.48,	82.48,	
400000,	46.727,	104776,	8644,	76940,	9640,	91.83,	83.34,	83.32,	
450000,	50.259,	130062,	11738,	94922,	13273,	91.86,	83.41,	83.46,	
500000,	52.736,	131389,	10561,	96284,	11766,	91.91,	83.48,	83.42,	
550000,	55.513,	156609,	13605,	114381,	15400,	92.01,	83.7,	83.75,	
600000,	63.826,	157924,	12424,	115821,	13831,	92.14,	83.97,	83.99,	
650000,	71.281,	183246,	15399,	133846,	17504,	92.2,	84.08,	84.09,	
700000,	78.074,	184535,	14178,	135403,	15884,	92.39,	84.47,	84.38,	
750000,	84.132,	210017,	17084,	153361,	19533,	92.57,	84.82,	84.75,	
800000,	89.777,	211145,	16057,	154847,	17951,	92.11,	83.89,	83.87,	
850000,	94.716,	236771,	18900,	172776,	21548,	92.34,	84.34,	84.26,	
900000,	99.056,	237692,	17803,	174477,	20028,	92.35,	84.41,	84.56,	
950000,	102.818,	263661,	20673,	192148,	23513,	92.52,	84.7,	84.82,	
1000000,	106.294,	264338,	19615,	194110,	21937,	92.56,	84.82,	84.9,	

1000000,	106.294,	527999,	40288,	386258,	45450,	91.43,	82.5,	82.5,	
Pool,	TP,	FN,	TN,	FP
1,	8138,	2539,	5883,	1616,	
2,	50083,	8811,	11839,	1967,	
3,	53330,	5066,	93285,	11882,	
4,	153163,	8606,	116935,	12384,	
5,	263285,	15266,	158316,	17601,	





OzaBoostHT-ProcessRBF
Speed Change:,	0.01,	Centroids:,	100,	DriftCentroid:	100
GracePeriod:,	200,	TieThreshold:,	0.05,	BinarySplit:,	false,	BaseClassifier:,	HT,	
EnsembleSize:,	5
Count,	Time,	TP,	FN,	TN,	FP,	Accu,	Kappa,	Kpa_t,	Mem,	Depth,	TSize,	DcNod,	ActLf,	InacLf,	Reset,	Alter,	Switch,	Prune,	ClOp0,	ClOp1,	ClOp2,	ClOp3
50000,	9.369,	23633,	3540,	18463,	4350,	84.21,	68.08,	68.25,	
100000,	17.122,	24679,	2594,	20011,	2716,	89.38,	78.57,	78.45,	
150000,	23.903,	48938,	5748,	38383,	6917,	90.45,	80.68,	80.72,	
200000,	30.056,	49992,	4782,	40103,	5123,	90.81,	81.42,	81.44,	
250000,	35.568,	74130,	7930,	58761,	9165,	91.14,	82.11,	82.2,	
300000,	40.433,	75072,	6931,	60645,	7352,	91.24,	82.34,	82.26,	
350000,	44.707,	99448,	10029,	79139,	11370,	91.39,	82.61,	82.73,	
400000,	48.551,	100675,	8940,	80880,	9505,	91.68,	83.16,	83.18,	
450000,	51.793,	124704,	12071,	99768,	13443,	91.77,	83.4,	83.45,	
500000,	54.338,	126072,	10865,	101480,	11583,	91.99,	83.84,	83.96,	
550000,	57.173,	150224,	14055,	120286,	15421,	92.08,	83.99,	84.0,	
600000,	65.56,	151574,	12811,	121843,	13772,	91.73,	83.28,	83.33,	
650000,	73.043,	175801,	15976,	140772,	17437,	92.13,	84.09,	84.05,	
700000,	79.625,	176975,	14707,	142657,	15661,	92.43,	84.73,	84.79,	
750000,	85.876,	201018,	17890,	161644,	19434,	92.18,	84.24,	84.29,	
800000,	91.338,	202472,	16598,	163293,	17637,	92.27,	84.38,	84.48,	
850000,	96.564,	226779,	19762,	182094,	21351,	92.42,	84.67,	84.58,	
900000,	100.87,	228011,	18456,	183820,	19713,	92.13,	84.1,	84.09,	
950000,	105.352,	252094,	21693,	202948,	23251,	92.34,	84.55,	84.55,	
1000000,	108.821,	253502,	20306,	204545,	21647,	92.43,	84.72,	84.76,	

1000000,	108.821,	505596,	41999,	407493,	44898,	91.31,	82.45,	82.48,	
Pool,	TP,	FN,	TN,	FP
1,	3284,	894,	10731,	3334,	
2,	46740,	5524,	15655,	4710,	
3,	100011,	8720,	49357,	5458,	
4,	104546,	14824,	152508,	19104,	
5,	251015,	12037,	179242,	12292,	





OzaBoostHT-ProcessRBF
Speed Change:,	0.01,	Centroids:,	150,	DriftCentroid:	100
GracePeriod:,	200,	TieThreshold:,	0.05,	BinarySplit:,	false,	BaseClassifier:,	HT,	
EnsembleSize:,	5
Count,	Time,	TP,	FN,	TN,	FP,	Accu,	Kappa,	Kpa_t,	Mem,	Depth,	TSize,	DcNod,	ActLf,	InacLf,	Reset,	Alter,	Switch,	Prune,	ClOp0,	ClOp1,	ClOp2,	ClOp3
50000,	10.318,	18705,	4913,	21647,	4732,	80.7,	61.27,	60.92,	
100000,	17.742,	20539,	3048,	23188,	3225,	87.45,	74.84,	74.69,	
150000,	24.969,	39257,	7666,	45594,	7480,	89.0,	77.89,	77.92,	
200000,	32.405,	41274,	5647,	47224,	5855,	89.54,	78.99,	78.89,	
250000,	38.353,	60418,	10060,	69402,	10117,	89.94,	79.82,	79.77,	
300000,	43.473,	62194,	8119,	71425,	8262,	90.24,	80.4,	80.52,	
350000,	47.736,	81241,	12581,	93714,	12461,	90.27,	80.45,	80.57,	
400000,	51.525,	83333,	10410,	95382,	10875,	90.19,	80.32,	80.28,	
450000,	54.827,	102286,	14753,	118132,	14826,	90.93,	81.77,	81.78,	
500000,	57.366,	104571,	12510,	119670,	13249,	91.05,	82.04,	81.96,	
550000,	60.133,	123607,	16950,	142174,	17266,	90.73,	81.4,	81.41,	
600000,	69.203,	125820,	14737,	143934,	15509,	91.03,	81.99,	82.0,	
650000,	75.564,	144490,	19221,	166765,	19521,	90.95,	81.8,	81.87,	
700000,	82.141,	147088,	16822,	168212,	17878,	91.09,	82.12,	82.02,	
750000,	88.331,	165580,	21383,	191244,	21790,	91.14,	82.19,	82.16,	
800000,	93.252,	168092,	18953,	192848,	20107,	91.28,	82.47,	82.47,	
850000,	98.088,	186764,	23516,	215605,	24112,	91.09,	82.11,	82.1,	
900000,	102.361,	189414,	21118,	217091,	22377,	91.13,	82.2,	82.22,	
950000,	106.185,	207929,	25631,	240062,	26375,	91.24,	82.41,	82.42,	
1000000,	109.332,	210605,	23243,	241569,	24583,	91.34,	82.6,	82.54,	

1000000,	109.332,	418534,	48874,	481631,	50958,	90.02,	79.95,	79.93,	
Pool,	TP,	FN,	TN,	FP
1,	7884,	1974,	6238,	2046,	
2,	16017,	2707,	43982,	9973,	
3,	68267,	9942,	74676,	10909,	
4,	120068,	9778,	149443,	11626,	
5,	206298,	24473,	207292,	16404,	





OzaBoostHT-ProcessRBF
Speed Change:,	0.01,	Centroids:,	200,	DriftCentroid:	100
GracePeriod:,	200,	TieThreshold:,	0.05,	BinarySplit:,	false,	BaseClassifier:,	HT,	
EnsembleSize:,	5
Count,	Time,	TP,	FN,	TN,	FP,	Accu,	Kappa,	Kpa_t,	Mem,	Depth,	TSize,	DcNod,	ActLf,	InacLf,	Reset,	Alter,	Switch,	Prune,	ClOp0,	ClOp1,	ClOp2,	ClOp3
50000,	8.945,	24274,	4084,	16599,	5037,	81.75,	62.64,	62.85,	
100000,	15.642,	25229,	3015,	18275,	3481,	87.01,	73.51,	73.66,	
150000,	21.667,	49942,	7042,	35094,	7916,	88.33,	76.16,	76.51,	
200000,	26.948,	50781,	5764,	37212,	6243,	88.98,	77.56,	77.44,	
250000,	31.723,	76046,	9562,	53800,	10586,	89.62,	78.78,	78.83,	
300000,	36.454,	77014,	8186,	55947,	8853,	89.94,	79.41,	79.36,	
350000,	40.292,	102082,	11969,	72886,	13057,	90.24,	80.1,	80.02,	
400000,	44.159,	103130,	10573,	74983,	11314,	90.3,	80.21,	80.19,	
450000,	48.412,	128145,	14271,	92064,	15514,	90.48,	80.6,	80.42,	
500000,	51.25,	129296,	12847,	94149,	13708,	90.66,	80.95,	81.04,	
550000,	54.005,	154435,	16526,	111128,	17905,	90.71,	81.02,	81.07,	
600000,	62.391,	155578,	15124,	113206,	16092,	90.68,	80.96,	80.87,	
650000,	70.263,	180917,	18754,	130140,	20183,	90.99,	81.56,	81.64,	
700000,	77.158,	181673,	17418,	132505,	18404,	90.79,	81.23,	81.22,	
750000,	84.651,	207313,	20906,	149302,	22473,	91.12,	81.85,	81.84,	
800000,	90.755,	208029,	19621,	151678,	20672,	91.06,	81.74,	81.74,	
850000,	96.304,	233747,	22980,	168486,	24781,	91.24,	82.1,	82.2,	
900000,	101.374,	234391,	21774,	170886,	22949,	91.14,	81.91,	82.11,	
950000,	105.24,	260174,	25067,	187670,	27083,	91.22,	82.07,	82.12,	
1000000,	108.457,	260867,	23800,	190148,	25185,	91.48,	82.59,	82.7,	

1000000,	108.457,	521041,	48867,	377818,	52268,	89.89,	79.35,	79.39,	
Pool,	TP,	FN,	TN,	FP
1,	8509,	1759,	5608,	2277,	
2,	36387,	2592,	29935,	3903,	
3,	115666,	11297,	33193,	3510,	
4,	120081,	12948,	137232,	20416,	
5,	240398,	20271,	171850,	22162,	





OzaBoostHT-ProcessRBF
Speed Change:,	0.01,	Centroids:,	250,	DriftCentroid:	100
GracePeriod:,	200,	TieThreshold:,	0.05,	BinarySplit:,	false,	BaseClassifier:,	HT,	
EnsembleSize:,	5
Count,	Time,	TP,	FN,	TN,	FP,	Accu,	Kappa,	Kpa_t,	Mem,	Depth,	TSize,	DcNod,	ActLf,	InacLf,	Reset,	Alter,	Switch,	Prune,	ClOp0,	ClOp1,	ClOp2,	ClOp3
50000,	11.557,	19259,	3989,	22731,	4007,	84.0,	67.84,	67.79,	
100000,	19.561,	21219,	2003,	24651,	2127,	91.74,	83.4,	83.32,	
150000,	26.445,	40840,	5767,	47437,	5942,	92.57,	85.09,	85.07,	
200000,	32.428,	42787,	3743,	49605,	3865,	93.04,	86.02,	86.07,	
250000,	38.115,	62523,	7378,	72448,	7637,	93.39,	86.72,	86.72,	
300000,	42.83,	64460,	5291,	74779,	5470,	93.69,	87.33,	87.4,	
350000,	46.925,	84283,	8962,	97553,	9188,	93.73,	87.4,	87.37,	
400000,	50.6,	86248,	6725,	100020,	7007,	94.06,	88.06,	88.12,	
450000,	53.6,	105933,	10458,	122953,	10642,	94.1,	88.13,	88.14,	
500000,	56.255,	107973,	8139,	125419,	8469,	94.25,	88.43,	88.4,	
550000,	59.128,	127909,	11858,	148137,	12082,	94.32,	88.59,	88.59,	
600000,	67.438,	130021,	9518,	150503,	9958,	94.26,	88.49,	88.51,	
650000,	75.011,	149603,	13271,	173617,	13495,	94.35,	88.63,	88.62,	
700000,	81.693,	151995,	10898,	175754,	11353,	94.45,	88.85,	88.89,	
750000,	88.083,	171800,	14633,	198667,	14886,	94.49,	88.95,	88.89,	
800000,	94.449,	174256,	12215,	200783,	12746,	94.58,	89.13,	89.15,	
850000,	99.77,	193679,	15923,	224147,	16235,	94.72,	89.39,	89.44,	
900000,	104.593,	196438,	13461,	225963,	14138,	94.72,	89.41,	89.36,	
950000,	108.424,	215699,	17245,	249490,	17550,	94.73,	89.41,	89.45,	
1000000,	111.605,	218306,	14756,	251430,	15500,	94.69,	89.32,	89.29,	

1000000,	111.605,	434005,	32001,	500920,	33050,	93.49,	86.93,	86.93,	
Pool,	TP,	FN,	TN,	FP
1,	9348,	1853,	5749,	1269,	
2,	25694,	4418,	35966,	6594,	
3,	66812,	5297,	81923,	9552,	
4,	189866,	10304,	85222,	5638,	
5,	142285,	10129,	292060,	9997,	





OzaBoostHT-ProcessRBF
Speed Change:,	0.01,	Centroids:,	100,	DriftCentroid:	20
GracePeriod:,	200,	TieThreshold:,	0.05,	BinarySplit:,	false,	BaseClassifier:,	HT,	
EnsembleSize:,	5
Count,	Time,	TP,	FN,	TN,	FP,	Accu,	Kappa,	Kpa_t,	Mem,	Depth,	TSize,	DcNod,	ActLf,	InacLf,	Reset,	Alter,	Switch,	Prune,	ClOp0,	ClOp1,	ClOp2,	ClOp3
50000,	9.73,	23085,	3722,	19078,	4112,	84.33,	68.46,	68.42,	
100000,	17.191,	24393,	2600,	20286,	2721,	89.36,	78.57,	78.66,	
150000,	24.41,	47694,	6081,	39697,	6525,	90.46,	80.79,	80.93,	
200000,	30.826,	48983,	4827,	41053,	5137,	90.71,	81.32,	81.28,	
250000,	36.363,	72917,	8122,	60122,	8836,	91.3,	82.43,	82.46,	
300000,	41.136,	73928,	6885,	61766,	7421,	91.32,	82.51,	82.65,	
350000,	45.329,	97749,	10250,	81010,	10988,	91.44,	82.77,	82.86,	
400000,	49.002,	98991,	8935,	82482,	9592,	91.56,	82.99,	83.06,	
450000,	52.112,	122413,	12385,	102102,	13097,	91.51,	82.94,	82.92,	
500000,	54.74,	123885,	11040,	103428,	11647,	91.68,	83.26,	83.17,	
550000,	57.744,	147673,	14409,	122837,	15078,	91.99,	83.85,	83.83,	
600000,	65.945,	148997,	12970,	124336,	13697,	92.04,	83.97,	83.94,	
650000,	73.447,	172725,	16409,	143737,	17126,	91.9,	83.7,	83.57,	
700000,	80.201,	174186,	14961,	145242,	15611,	92.19,	84.26,	84.29,	
750000,	86.194,	197736,	18427,	164695,	19139,	91.94,	83.77,	83.73,	
800000,	91.653,	199306,	16868,	166220,	17606,	92.2,	84.28,	84.18,	
850000,	96.659,	223022,	20337,	185585,	21053,	92.35,	84.58,	84.61,	
900000,	100.898,	224263,	18738,	187421,	19578,	92.32,	84.54,	84.44,	
950000,	104.55,	248235,	22279,	206505,	22978,	92.27,	84.42,	84.35,	
1000000,	107.611,	249194,	20618,	208727,	21461,	92.47,	84.87,	84.76,	

1000000,	107.611,	497429,	42897,	415232,	44439,	91.27,	82.41,	82.4,	
Pool,	TP,	FN,	TN,	FP
1,	6011,	2044,	7141,	3041,	
2,	39274,	3723,	25120,	4623,	
3,	59700,	3586,	90597,	9764,	
4,	136685,	12949,	128420,	12945,	
5,	255759,	20595,	163954,	14066,	





OzaBoostHT-ProcessRBF
Speed Change:,	0.01,	Centroids:,	100,	DriftCentroid:	40
GracePeriod:,	200,	TieThreshold:,	0.05,	BinarySplit:,	false,	BaseClassifier:,	HT,	
EnsembleSize:,	5
Count,	Time,	TP,	FN,	TN,	FP,	Accu,	Kappa,	Kpa_t,	Mem,	Depth,	TSize,	DcNod,	ActLf,	InacLf,	Reset,	Alter,	Switch,	Prune,	ClOp0,	ClOp1,	ClOp2,	ClOp3
50000,	9.471,	20992,	3822,	21199,	3981,	84.39,	68.78,	68.89,	
100000,	17.076,	22407,	2513,	22638,	2442,	90.09,	80.18,	80.31,	
150000,	23.828,	43473,	6001,	44314,	6206,	91.19,	82.38,	82.35,	
200000,	29.809,	45299,	4458,	45730,	4513,	91.97,	83.94,	83.93,	
250000,	35.18,	66415,	7902,	67393,	8284,	92.04,	84.08,	84.23,	
300000,	40.26,	68425,	6328,	68753,	6494,	92.3,	84.6,	84.56,	
350000,	44.654,	89674,	9647,	90493,	10180,	92.72,	85.44,	85.52,	
400000,	48.534,	91446,	8045,	92135,	8374,	92.81,	85.61,	85.47,	
450000,	51.957,	112943,	11384,	113782,	11885,	93.12,	86.23,	86.23,	
500000,	54.701,	114749,	9806,	115412,	10033,	93.16,	86.32,	86.29,	
550000,	57.834,	136103,	13075,	137168,	13648,	93.09,	86.18,	86.23,	
600000,	66.624,	137966,	11465,	138796,	11773,	93.2,	86.4,	86.49,	
650000,	74.879,	159487,	14736,	160418,	15353,	93.27,	86.54,	86.59,	
700000,	82.199,	161315,	13066,	162143,	13476,	93.39,	86.78,	86.82,	
750000,	88.213,	182617,	16370,	183952,	17055,	93.33,	86.66,	86.69,	
800000,	93.747,	184481,	14773,	185595,	15151,	93.24,	86.47,	86.53,	
850000,	98.585,	205937,	18028,	207402,	18627,	93.54,	87.08,	87.13,	
900000,	102.913,	207740,	16443,	209063,	16754,	93.45,	86.91,	86.88,	
950000,	106.622,	229297,	19673,	230712,	20312,	93.34,	86.68,	86.69,	
1000000,	109.737,	230931,	18058,	232609,	18402,	93.47,	86.95,	87.02,	

1000000,	109.737,	460228,	37731,	463321,	38714,	92.36,	84.71,	84.74,	
Pool,	TP,	FN,	TN,	FP
1,	5570,	1660,	8608,	2359,	
2,	35764,	4641,	27694,	4600,	
3,	67495,	7154,	81040,	7957,	
4,	102271,	7647,	165624,	15355,	
5,	249128,	16629,	180355,	8443,	





OzaBoostHT-ProcessRBF
Speed Change:,	0.01,	Centroids:,	100,	DriftCentroid:	60
GracePeriod:,	200,	TieThreshold:,	0.05,	BinarySplit:,	false,	BaseClassifier:,	HT,	
EnsembleSize:,	5
Count,	Time,	TP,	FN,	TN,	FP,	Accu,	Kappa,	Kpa_t,	Mem,	Depth,	TSize,	DcNod,	ActLf,	InacLf,	Reset,	Alter,	Switch,	Prune,	ClOp0,	ClOp1,	ClOp2,	ClOp3
50000,	9.626,	28110,	3077,	13984,	4815,	84.21,	65.71,	66.51,	
100000,	17.305,	28623,	2329,	16111,	2937,	89.47,	77.53,	77.62,	
150000,	24.139,	56898,	5299,	30211,	7578,	90.03,	78.72,	78.76,	
200000,	30.331,	57657,	4473,	32264,	5606,	90.37,	79.38,	79.38,	
250000,	35.857,	85897,	7307,	46629,	10153,	90.83,	80.43,	80.42,	
300000,	40.774,	86972,	6316,	48444,	8268,	90.99,	80.65,	80.65,	
350000,	45.108,	115330,	9167,	62755,	12734,	91.12,	80.88,	81.01,	
400000,	48.782,	116419,	8077,	64658,	10846,	91.32,	81.34,	81.44,	
450000,	51.87,	144708,	10998,	79185,	15095,	91.62,	82.03,	82.23,	
500000,	54.282,	145834,	9787,	81087,	13292,	91.69,	82.18,	82.43,	
550000,	57.207,	174205,	12749,	95529,	17503,	91.68,	82.13,	82.18,	
600000,	65.298,	175159,	11465,	97711,	15665,	91.9,	82.68,	82.86,	
650000,	72.805,	203642,	14522,	112074,	19748,	91.96,	82.78,	82.81,	
700000,	79.589,	204390,	13241,	114417,	17952,	91.87,	82.66,	82.73,	
750000,	85.312,	232918,	16217,	128879,	21972,	92.16,	83.29,	83.51,	
800000,	90.56,	233676,	14909,	131253,	20162,	92.24,	83.46,	83.4,	
850000,	95.195,	262242,	18044,	145553,	24147,	92.0,	82.9,	82.91,	
900000,	99.314,	263057,	16564,	147947,	22432,	92.15,	83.22,	83.29,	
950000,	102.716,	291625,	19694,	162301,	26366,	92.26,	83.47,	83.58,	
1000000,	105.596,	292551,	18239,	164691,	24519,	92.48,	83.91,	83.97,	

1000000,	105.596,	584176,	37933,	326992,	50885,	91.12,	80.98,	81.08,	
Pool,	TP,	FN,	TN,	FP
1,	8797,	2189,	6550,	633,	
2,	34291,	3660,	28939,	5770,	
3,	86540,	6454,	55859,	14839,	
4,	199213,	5988,	74544,	10908,	
5,	255335,	19642,	161100,	18735,	





OzaBoostHT-ProcessRBF
Speed Change:,	0.01,	Centroids:,	100,	DriftCentroid:	80
GracePeriod:,	200,	TieThreshold:,	0.05,	BinarySplit:,	false,	BaseClassifier:,	HT,	
EnsembleSize:,	5
Count,	Time,	TP,	FN,	TN,	FP,	Accu,	Kappa,	Kpa_t,	Mem,	Depth,	TSize,	DcNod,	ActLf,	InacLf,	Reset,	Alter,	Switch,	Prune,	ClOp0,	ClOp1,	ClOp2,	ClOp3
50000,	7.96,	21513,	4115,	20393,	3975,	83.82,	67.62,	67.43,	
100000,	14.293,	22871,	2617,	21592,	2920,	88.93,	77.84,	77.78,	
150000,	20.306,	44558,	6662,	42262,	6514,	89.83,	79.64,	79.61,	
200000,	25.676,	46218,	4864,	43588,	5330,	90.69,	81.36,	81.45,	
250000,	30.291,	68010,	8844,	64331,	8811,	91.04,	82.07,	82.19,	
300000,	34.35,	69995,	6945,	65571,	7489,	91.52,	83.02,	83.05,	
350000,	37.912,	91690,	10893,	86425,	10988,	91.55,	83.08,	83.09,	
400000,	41.016,	93666,	8904,	87676,	9754,	91.55,	83.09,	83.12,	
450000,	43.632,	115403,	12809,	108654,	13130,	91.88,	83.75,	83.88,	
500000,	45.662,	117315,	10839,	109965,	11881,	91.88,	83.74,	83.77,	
550000,	48.29,	139080,	14686,	131017,	15213,	92.08,	84.15,	84.13,	
600000,	55.556,	140968,	12747,	132375,	13910,	92.13,	84.24,	84.24,	
650000,	61.574,	162738,	16610,	153380,	17268,	92.04,	84.07,	84.08,	
700000,	67.142,	164643,	14675,	154855,	15827,	92.31,	84.61,	84.72,	
750000,	72.188,	186435,	18469,	175867,	19225,	92.37,	84.73,	84.77,	
800000,	76.793,	188433,	16578,	177278,	17711,	92.43,	84.84,	84.87,	
850000,	80.885,	210215,	20261,	198311,	21209,	92.45,	84.89,	84.91,	
900000,	84.457,	212307,	18428,	199609,	19656,	92.41,	84.81,	84.69,	
950000,	87.577,	233993,	22118,	220772,	23113,	92.48,	84.95,	84.89,	
1000000,	90.189,	236168,	20223,	222065,	21544,	92.63,	85.26,	85.36,	

1000000,	90.189,	470161,	42341,	442837,	44657,	91.3,	82.59,	82.61,	
Pool,	TP,	FN,	TN,	FP
1,	5731,	1461,	7824,	3176,	
2,	33835,	6664,	26817,	5469,	
3,	77371,	6697,	67056,	12696,	
4,	201091,	13597,	70553,	5573,	
5,	152133,	13922,	270587,	17743,	





OzaBoostHT-ProcessRBF
Speed Change:,	0.01,	Centroids:,	100,	DriftCentroid:	100
GracePeriod:,	200,	TieThreshold:,	0.05,	BinarySplit:,	false,	BaseClassifier:,	HT,	
EnsembleSize:,	5
Count,	Time,	TP,	FN,	TN,	FP,	Accu,	Kappa,	Kpa_t,	Mem,	Depth,	TSize,	DcNod,	ActLf,	InacLf,	Reset,	Alter,	Switch,	Prune,	ClOp0,	ClOp1,	ClOp2,	ClOp3
50000,	7.668,	14767,	5034,	26809,	3376,	83.16,	64.29,	64.73,	
100000,	13.873,	17127,	2755,	27479,	2639,	89.21,	77.46,	77.5,	
150000,	19.449,	32152,	7467,	54630,	5737,	90.41,	79.95,	79.92,	
200000,	24.471,	34676,	5066,	55250,	5008,	90.64,	80.46,	80.5,	
250000,	29.053,	49846,	9584,	82564,	7992,	91.26,	81.75,	81.75,	
300000,	33.127,	52529,	7078,	83169,	7224,	91.54,	82.37,	82.48,	
350000,	36.679,	67728,	11599,	110511,	10148,	91.66,	82.61,	82.54,	
400000,	39.753,	70660,	9037,	110830,	9473,	91.58,	82.53,	82.51,	
450000,	42.295,	85872,	13434,	138495,	12185,	92.26,	83.89,	83.84,	
500000,	44.305,	88705,	10917,	138860,	11518,	92.15,	83.65,	83.57,	
550000,	46.75,	103924,	15256,	166504,	14302,	92.12,	83.59,	83.56,	
600000,	53.325,	106868,	12717,	166819,	13596,	92.24,	83.87,	83.9,	
650000,	59.358,	122078,	17000,	194613,	16295,	92.53,	84.44,	84.46,	
700000,	64.876,	124959,	14516,	194934,	15591,	92.41,	84.19,	84.2,	
750000,	69.945,	140257,	18730,	222690,	18309,	92.51,	84.41,	84.36,	
800000,	74.493,	142989,	16288,	223252,	17471,	92.7,	84.75,	84.65,	
850000,	78.549,	158469,	20533,	250717,	20267,	92.48,	84.35,	84.3,	
900000,	82.109,	161045,	18027,	251489,	19439,	92.59,	84.53,	84.6,	
950000,	85.211,	176564,	22249,	278921,	22252,	92.6,	84.57,	84.51,	
1000000,	87.791,	179290,	19723,	279575,	21412,	92.66,	84.73,	84.71,	

1000000,	87.791,	355854,	41972,	558496,	43664,	91.44,	82.14,	82.13,	
Pool,	TP,	FN,	TN,	FP
1,	9449,	2831,	4454,	1401,	
2,	27736,	3919,	36503,	4568,	
3,	86759,	7752,	63301,	5981,	
4,	116697,	15887,	141860,	16402,	
5,	115213,	11583,	312378,	15312,	





OzaBoostHT-ProcessRBF
Speed Change:,	0.01,	Centroids:,	100,	DriftCentroid:	100
GracePeriod:,	200,	TieThreshold:,	0.05,	BinarySplit:,	false,	BaseClassifier:,	HT,	
EnsembleSize:,	5
Count,	Time,	TP,	FN,	TN,	FP,	Accu,	Kappa,	Kpa_t,	Mem,	Depth,	TSize,	DcNod,	ActLf,	InacLf,	Reset,	Alter,	Switch,	Prune,	ClOp0,	ClOp1,	ClOp2,	ClOp3
50000,	7.88,	20963,	3053,	23002,	2967,	87.94,	75.85,	75.93,	
100000,	14.119,	21902,	1819,	24520,	1759,	92.84,	85.65,	85.57,	
150000,	19.718,	43231,	4540,	47716,	4498,	93.96,	87.9,	87.88,	
200000,	24.753,	44312,	3101,	49353,	3234,	94.49,	88.95,	88.87,	
250000,	29.27,	65813,	5729,	72439,	6004,	94.61,	89.2,	89.21,	
300000,	33.353,	66937,	4298,	74167,	4598,	94.88,	89.74,	89.71,	
350000,	36.889,	88378,	6934,	97277,	7396,	94.81,	89.59,	89.63,	
400000,	39.887,	89558,	5405,	99236,	5801,	95.38,	90.74,	90.76,	
450000,	42.447,	110946,	8092,	122249,	8698,	95.08,	90.14,	90.08,	
500000,	44.449,	112404,	6432,	124039,	7125,	95.3,	90.58,	90.56,	
550000,	47.039,	133686,	9199,	147146,	9954,	95.27,	90.53,	90.53,	
600000,	53.625,	134893,	7570,	149207,	8330,	95.31,	90.6,	90.5,	
650000,	59.721,	156361,	10303,	172177,	11144,	95.41,	90.8,	90.83,	
700000,	65.284,	157699,	8670,	174087,	9544,	95.37,	90.73,	90.75,	
750000,	70.335,	179267,	11387,	196965,	12366,	95.39,	90.76,	90.74,	
800000,	74.905,	180462,	9723,	199046,	10769,	95.44,	90.87,	90.8,	
850000,	78.965,	202058,	12471,	221952,	13504,	95.56,	91.09,	91.06,	
900000,	82.497,	203432,	10791,	223778,	11999,	95.4,	90.8,	90.74,	
950000,	85.583,	224781,	13536,	246985,	14683,	95.51,	91.0,	91.0,	
1000000,	88.111,	226269,	11800,	248792,	13139,	95.7,	91.39,	91.36,	

1000000,	88.111,	451050,	25336,	495777,	27822,	94.68,	89.35,	89.32,	
Pool,	TP,	FN,	TN,	FP
1,	5732,	1176,	9523,	1759,	
2,	31587,	3464,	34156,	3485,	
3,	43306,	1694,	110218,	8315,	
4,	151944,	8371,	122690,	7900,	
5,	218481,	10631,	219190,	6363,	





OzaBoostHT-ProcessRBF
Speed Change:,	0.01,	Centroids:,	100,	DriftCentroid:	100
GracePeriod:,	400,	TieThreshold:,	0.05,	BinarySplit:,	false,	BaseClassifier:,	HT,	
EnsembleSize:,	5
Count,	Time,	TP,	FN,	TN,	FP,	Accu,	Kappa,	Kpa_t,	Mem,	Depth,	TSize,	DcNod,	ActLf,	InacLf,	Reset,	Alter,	Switch,	Prune,	ClOp0,	ClOp1,	ClOp2,	ClOp3
50000,	7.683,	24265,	2977,	18801,	3943,	86.15,	71.98,	72.05,	
100000,	13.764,	25280,	1897,	20438,	2385,	91.44,	82.71,	82.82,	
150000,	19.346,	49659,	4618,	39682,	6027,	92.55,	84.98,	84.9,	
200000,	24.395,	50634,	3534,	41516,	4316,	92.86,	85.62,	85.62,	
250000,	28.936,	75267,	6214,	60656,	7849,	93.16,	86.21,	86.29,	
300000,	32.964,	76229,	5000,	62645,	6126,	93.45,	86.79,	86.76,	
350000,	36.477,	100950,	7638,	81810,	9588,	93.67,	87.24,	87.21,	
400000,	39.49,	101932,	6343,	83803,	7922,	93.72,	87.34,	87.36,	
450000,	42.02,	126893,	8988,	102784,	11321,	93.83,	87.55,	87.53,	
500000,	44.02,	127695,	7699,	104997,	9609,	93.91,	87.73,	87.7,	
550000,	46.327,	152536,	10396,	124054,	13000,	93.83,	87.56,	87.5,	
600000,	52.936,	153523,	9038,	126200,	11239,	94.06,	88.02,	88.1,	
650000,	58.984,	178228,	11793,	145323,	14642,	93.92,	87.75,	87.74,	
700000,	64.529,	179144,	10356,	147580,	12920,	94.0,	87.92,	87.92,	
750000,	69.544,	204098,	13111,	166499,	16278,	94.09,	88.08,	88.08,	
800000,	74.076,	204893,	11605,	168948,	14554,	94.23,	88.38,	88.4,	
850000,	78.136,	230192,	14379,	187509,	17906,	94.21,	88.3,	88.28,	
900000,	81.674,	230740,	12880,	190182,	16198,	94.16,	88.22,	88.23,	
950000,	84.695,	256076,	15608,	208877,	19425,	94.5,	88.92,	88.87,	
1000000,	87.385,	256634,	14100,	211444,	17822,	94.31,	88.53,	88.49,	

1000000,	87.385,	512710,	29708,	420321,	37247,	93.3,	86.49,	86.49,	
Pool,	TP,	FN,	TN,	FP
1,	6158,	710,	8623,	2710,	
2,	35840,	4337,	25122,	7413,	
3,	60713,	5499,	88454,	9050,	
4,	160418,	7383,	115836,	7173,	
5,	249581,	11779,	182286,	10901,	





OzaBoostHT-ProcessRBF
Speed Change:,	0.01,	Centroids:,	100,	DriftCentroid:	100
GracePeriod:,	800,	TieThreshold:,	0.05,	BinarySplit:,	false,	BaseClassifier:,	HT,	
EnsembleSize:,	5
Count,	Time,	TP,	FN,	TN,	FP,	Accu,	Kappa,	Kpa_t,	Mem,	Depth,	TSize,	DcNod,	ActLf,	InacLf,	Reset,	Alter,	Switch,	Prune,	ClOp0,	ClOp1,	ClOp2,	ClOp3
50000,	8.253,	24360,	3925,	17063,	4649,	82.85,	64.96,	65.33,	
100000,	14.402,	26026,	2418,	18715,	2841,	89.48,	78.51,	78.5,	
150000,	20.036,	50644,	6169,	35939,	7245,	90.32,	80.21,	80.17,	
200000,	25.086,	52083,	4542,	38066,	5309,	90.82,	81.3,	81.45,	
250000,	29.589,	76729,	8320,	55431,	9517,	91.15,	81.99,	82.15,	
300000,	33.599,	78240,	6525,	57665,	7570,	91.51,	82.73,	82.73,	
350000,	37.152,	102813,	10335,	75084,	11765,	91.47,	82.66,	82.69,	
400000,	40.23,	104692,	8391,	77140,	9777,	91.85,	83.39,	83.4,	
450000,	42.791,	129282,	12232,	94650,	13833,	92.07,	83.83,	83.95,	
500000,	44.781,	131191,	10271,	96651,	11887,	92.02,	83.72,	83.76,	
550000,	47.29,	155737,	14052,	114281,	15927,	92.17,	84.05,	84.15,	
600000,	53.884,	157832,	12075,	116140,	13953,	92.26,	84.2,	84.25,	
650000,	59.937,	182161,	15860,	133854,	18122,	91.99,	83.68,	83.8,	
700000,	65.555,	184458,	13817,	135754,	15971,	92.48,	84.66,	84.6,	
750000,	70.575,	208694,	17643,	153498,	20162,	92.35,	84.41,	84.28,	
800000,	75.092,	210923,	15533,	155523,	18021,	92.47,	84.66,	84.73,	
850000,	79.117,	235086,	19430,	173305,	22176,	92.4,	84.53,	84.56,	
900000,	82.637,	237590,	17224,	175112,	20074,	92.51,	84.72,	84.6,	
950000,	85.687,	261475,	21151,	193161,	24210,	92.49,	84.72,	84.76,	
1000000,	88.217,	264071,	18972,	194907,	22050,	92.55,	84.83,	84.8,	

1000000,	88.217,	525546,	40123,	388068,	46260,	91.36,	82.39,	82.43,	
Pool,	TP,	FN,	TN,	FP
1,	8470,	2263,	5984,	1419,	
2,	27707,	3343,	35334,	6344,	
3,	83705,	6384,	64426,	9290,	
4,	151630,	11879,	113209,	14155,	
5,	254034,	16254,	169115,	15052,	





OzaBoostHT-ProcessRBF
Speed Change:,	0.01,	Centroids:,	100,	DriftCentroid:	100
GracePeriod:,	1600,	TieThreshold:,	0.05,	BinarySplit:,	false,	BaseClassifier:,	HT,	
EnsembleSize:,	5
Count,	Time,	TP,	FN,	TN,	FP,	Accu,	Kappa,	Kpa_t,	Mem,	Depth,	TSize,	DcNod,	ActLf,	InacLf,	Reset,	Alter,	Switch,	Prune,	ClOp0,	ClOp1,	ClOp2,	ClOp3
50000,	7.724,	18100,	4843,	22741,	4310,	81.69,	63.06,	63.04,	
100000,	13.947,	19706,	3272,	24301,	2721,	88.01,	75.83,	75.82,	
150000,	19.649,	38312,	7693,	47148,	6841,	89.24,	78.32,	78.52,	
200000,	24.956,	39805,	6071,	49184,	4940,	89.96,	79.75,	79.72,	
250000,	29.5,	58627,	10332,	71873,	9162,	90.08,	80.01,	80.01,	
300000,	33.447,	60191,	8674,	73928,	7207,	90.26,	80.37,	80.31,	
350000,	37.108,	78887,	12907,	96863,	11337,	90.5,	80.83,	80.76,	
400000,	40.193,	80419,	11254,	99072,	9255,	90.74,	81.31,	81.23,	
450000,	42.679,	99548,	15312,	121720,	13414,	91.04,	81.95,	82.07,	
500000,	44.595,	101025,	13669,	123885,	11421,	90.84,	81.55,	81.58,	
550000,	46.847,	120225,	17637,	146708,	15424,	91.33,	82.53,	82.61,	
600000,	53.72,	121814,	15879,	148745,	13562,	91.3,	82.48,	82.39,	
650000,	59.959,	141038,	19816,	171654,	17486,	91.52,	82.92,	82.89,	
700000,	65.579,	142685,	17989,	173744,	15582,	91.74,	83.37,	83.35,	
750000,	70.674,	162049,	21937,	196425,	19583,	91.56,	83.03,	82.97,	
800000,	75.164,	163466,	20119,	198870,	17545,	91.81,	83.5,	83.48,	
850000,	79.134,	182950,	24073,	221377,	21594,	91.71,	83.3,	83.33,	
900000,	82.644,	184512,	22233,	223679,	19576,	91.71,	83.33,	83.33,	
950000,	85.619,	203914,	26140,	246351,	23589,	91.88,	83.65,	83.71,	
1000000,	88.119,	205474,	24323,	248547,	21656,	91.66,	83.22,	83.24,	

1000000,	88.119,	409388,	50463,	494898,	45245,	90.43,	80.72,	80.72,	
Pool,	TP,	FN,	TN,	FP
1,	6254,	2158,	7929,	1837,	
2,	30670,	6278,	30183,	5556,	
3,	62947,	7135,	84961,	8525,	
4,	153626,	16479,	111205,	9594,	
5,	155891,	18413,	260620,	19733,	





OzaBoostHT-ProcessRBF
Speed Change:,	0.01,	Centroids:,	100,	DriftCentroid:	100
GracePeriod:,	3200,	TieThreshold:,	0.05,	BinarySplit:,	false,	BaseClassifier:,	HT,	
EnsembleSize:,	5
Count,	Time,	TP,	FN,	TN,	FP,	Accu,	Kappa,	Kpa_t,	Mem,	Depth,	TSize,	DcNod,	ActLf,	InacLf,	Reset,	Alter,	Switch,	Prune,	ClOp0,	ClOp1,	ClOp2,	ClOp3
50000,	7.686,	25955,	3350,	15721,	4969,	83.36,	65.3,	65.8,	
100000,	13.908,	26847,	2193,	18164,	2796,	90.02,	79.43,	79.53,	
150000,	19.555,	53190,	5149,	34624,	7032,	92.28,	84.11,	84.06,	
200000,	24.584,	54315,	3911,	37117,	4657,	92.84,	85.26,	85.24,	
250000,	29.053,	80559,	6721,	53888,	8827,	93.27,	86.17,	86.14,	
300000,	32.975,	81776,	5529,	56324,	6371,	93.34,	86.3,	86.22,	
350000,	36.435,	108142,	8177,	73226,	10450,	93.84,	87.34,	87.39,	
400000,	39.407,	109407,	6930,	75620,	8043,	93.85,	87.36,	87.41,	
450000,	41.867,	135639,	9642,	92628,	12086,	93.8,	87.26,	87.22,	
500000,	43.764,	137072,	8350,	94906,	9672,	93.9,	87.45,	87.48,	
550000,	46.038,	163347,	11097,	111984,	13567,	94.13,	87.92,	87.88,	
600000,	52.568,	164684,	9766,	114394,	11156,	94.2,	88.09,	87.98,	
650000,	58.435,	190913,	12433,	131523,	15126,	94.21,	88.11,	88.18,	
700000,	63.819,	192299,	11125,	134036,	12540,	94.51,	88.74,	88.7,	
750000,	68.675,	218643,	13736,	151045,	16571,	94.5,	88.7,	88.73,	
800000,	73.043,	220081,	12545,	153402,	13972,	94.3,	88.26,	88.3,	
850000,	77.004,	246186,	15129,	170688,	17992,	94.37,	88.46,	88.44,	
900000,	80.433,	247579,	13858,	173179,	15384,	94.55,	88.83,	88.92,	
950000,	83.355,	274000,	16440,	190200,	19355,	94.65,	89.0,	88.97,	
1000000,	85.815,	275297,	15213,	192704,	16786,	94.49,	88.67,	88.68,	

1000000,	85.815,	549297,	31653,	382904,	36141,	93.22,	86.05,	86.07,	
Pool,	TP,	FN,	TN,	FP
1,	10772,	3220,	3062,	1147,	
2,	27798,	3938,	35618,	5444,	
3,	80701,	7342,	69679,	5755,	
4,	121702,	10308,	146084,	12860,	
5,	308324,	6845,	128461,	10935,	





OzaBoostHT-ProcessRBF
Speed Change:,	0.01,	Centroids:,	100,	DriftCentroid:	100
GracePeriod:,	200,	TieThreshold:,	0.001,	BinarySplit:,	false,	BaseClassifier:,	HT,	
EnsembleSize:,	5
Count,	Time,	TP,	FN,	TN,	FP,	Accu,	Kappa,	Kpa_t,	Mem,	Depth,	TSize,	DcNod,	ActLf,	InacLf,	Reset,	Alter,	Switch,	Prune,	ClOp0,	ClOp1,	ClOp2,	ClOp3
50000,	7.577,	8096,	7844,	30150,	3904,	76.5,	42.09,	46.41,	
100000,	13.66,	11219,	4742,	30197,	3842,	82.83,	59.9,	60.63,	
150000,	18.868,	18982,	12985,	60883,	7144,	83.24,	60.27,	61.58,	
200000,	23.727,	21918,	9918,	61101,	7063,	83.21,	59.93,	60.97,	
250000,	28.167,	29728,	18129,	91770,	10367,	83.27,	60.12,	61.26,	
300000,	32.311,	32843,	15033,	91993,	10131,	83.63,	61.14,	62.21,	
350000,	36.083,	40598,	23172,	122651,	13573,	83.5,	60.77,	61.94,	
400000,	39.28,	43760,	19981,	122857,	13402,	83.56,	60.95,	61.64,	
450000,	41.993,	51610,	28195,	153379,	16810,	83.48,	60.94,	62.28,	
500000,	44.153,	55054,	24648,	153662,	16636,	84.2,	62.76,	63.74,	
550000,	46.713,	63049,	32772,	184070,	20103,	84.26,	63.07,	63.81,	
600000,	53.829,	66278,	29261,	184594,	19867,	84.31,	62.89,	63.99,	
650000,	59.899,	74381,	37362,	214989,	23262,	84.5,	63.42,	64.1,	
700000,	65.461,	77428,	33926,	215618,	23028,	84.35,	62.86,	63.82,	
750000,	70.572,	85726,	41912,	245979,	26377,	84.67,	63.78,	64.48,	
800000,	75.203,	88535,	38541,	246806,	26118,	84.59,	63.29,	64.11,	
850000,	79.317,	97100,	46324,	277220,	29350,	85.23,	64.96,	65.81,	
900000,	82.957,	100380,	42677,	278067,	28876,	86.21,	67.56,	68.02,	
950000,	86.094,	108667,	50555,	308644,	32128,	85.98,	66.75,	67.66,	
1000000,	88.787,	112126,	46828,	309405,	31641,	86.17,	67.35,	68.26,	

1000000,	88.787,	220793,	97383,	618049,	63769,	83.88,	61.78,	62.82,	
Pool,	TP,	FN,	TN,	FP
1,	3765,	6553,	5736,	2161,	
2,	4415,	19496,	35125,	13670,	
3,	25721,	14235,	109969,	13744,	
4,	70214,	28182,	184231,	8299,	
5,	116678,	28917,	282988,	25895,	





OzaBoostHT-ProcessRBF
Speed Change:,	0.01,	Centroids:,	100,	DriftCentroid:	100
GracePeriod:,	200,	TieThreshold:,	0.005,	BinarySplit:,	false,	BaseClassifier:,	HT,	
EnsembleSize:,	5
Count,	Time,	TP,	FN,	TN,	FP,	Accu,	Kappa,	Kpa_t,	Mem,	Depth,	TSize,	DcNod,	ActLf,	InacLf,	Reset,	Alter,	Switch,	Prune,	ClOp0,	ClOp1,	ClOp2,	ClOp3
50000,	7.646,	22648,	5200,	16063,	6083,	77.43,	54.08,	54.33,	
100000,	13.764,	23754,	3983,	17422,	4841,	82.35,	64.14,	64.01,	
150000,	19.366,	46512,	8916,	33634,	10932,	82.87,	65.21,	65.34,	
200000,	24.479,	47794,	7580,	35927,	8699,	85.09,	69.81,	69.72,	
250000,	29.1,	70600,	12434,	52101,	14859,	85.11,	69.84,	69.87,	
300000,	33.245,	71782,	11115,	54623,	12480,	85.37,	70.41,	70.59,	
350000,	36.946,	94590,	15909,	71107,	18388,	85.99,	71.7,	71.71,	
400000,	40.266,	96084,	14409,	73551,	15956,	86.46,	72.6,	72.6,	
450000,	42.976,	119182,	19216,	90079,	21517,	87.13,	73.93,	74.12,	
500000,	45.166,	120638,	17617,	92846,	18899,	87.7,	75.12,	75.07,	
550000,	47.817,	143745,	22347,	109315,	24587,	87.6,	74.91,	74.89,	
600000,	54.468,	145168,	20876,	112028,	21928,	87.42,	74.56,	74.63,	
650000,	60.573,	168399,	25367,	128618,	27610,	87.91,	75.55,	75.4,	
700000,	66.167,	169783,	23892,	131388,	24937,	87.95,	75.63,	75.53,	
750000,	71.298,	192962,	28392,	148195,	30445,	88.28,	76.32,	76.24,	
800000,	75.933,	194364,	26881,	150976,	27779,	88.34,	76.44,	76.57,	
850000,	80.118,	217524,	31348,	167873,	33249,	88.48,	76.74,	76.66,	
900000,	83.838,	219253,	29893,	170274,	30580,	88.37,	76.45,	76.61,	
950000,	87.041,	242230,	34281,	187450,	36033,	88.57,	76.89,	76.75,	
1000000,	89.762,	244233,	32656,	189730,	33381,	88.87,	77.47,	77.37,	

1000000,	89.762,	486463,	66937,	377180,	69414,	86.36,	72.4,	72.4,	
Pool,	TP,	FN,	TN,	FP
1,	4366,	3616,	3852,	6361,	
2,	28737,	9994,	20014,	13956,	
3,	47450,	19795,	74856,	21477,	
4,	119843,	14941,	138245,	17838,	
5,	286067,	18591,	140213,	9782,	





OzaBoostHT-ProcessRBF
Speed Change:,	0.01,	Centroids:,	100,	DriftCentroid:	100
GracePeriod:,	200,	TieThreshold:,	0.01,	BinarySplit:,	false,	BaseClassifier:,	HT,	
EnsembleSize:,	5
Count,	Time,	TP,	FN,	TN,	FP,	Accu,	Kappa,	Kpa_t,	Mem,	Depth,	TSize,	DcNod,	ActLf,	InacLf,	Reset,	Alter,	Switch,	Prune,	ClOp0,	ClOp1,	ClOp2,	ClOp3
50000,	7.545,	22327,	6041,	11554,	10073,	67.77,	32.85,	33.94,	
100000,	13.709,	23783,	4795,	13476,	7946,	74.52,	46.99,	47.97,	
150000,	19.32,	46985,	9990,	27214,	15806,	80.64,	60.03,	60.62,	
200000,	24.387,	48787,	8491,	29015,	13707,	81.09,	60.84,	61.21,	
250000,	28.967,	72106,	13500,	42646,	21743,	81.11,	60.83,	61.64,	
300000,	33.057,	73973,	11761,	45342,	18924,	83.03,	65.01,	65.4,	
350000,	36.719,	97580,	16753,	59232,	26430,	84.12,	67.23,	67.33,	
400000,	39.901,	99392,	14994,	62367,	23247,	84.89,	68.91,	69.24,	
450000,	42.579,	122913,	19980,	76788,	30314,	85.78,	70.86,	70.75,	
500000,	44.764,	124556,	18429,	80612,	26403,	86.82,	73.12,	72.99,	
550000,	47.306,	148433,	23164,	95080,	33318,	87.62,	74.72,	74.48,	
600000,	53.99,	150226,	21410,	98954,	29410,	88.02,	75.52,	75.44,	
650000,	60.106,	173942,	26014,	113640,	36399,	88.14,	75.81,	75.78,	
700000,	65.636,	176200,	24214,	117301,	32285,	88.64,	76.74,	76.8,	
750000,	70.689,	199867,	28757,	131923,	39448,	88.42,	76.28,	76.24,	
800000,	75.229,	202333,	26784,	135681,	35202,	89.03,	77.51,	77.64,	
850000,	79.288,	225754,	31409,	150479,	42353,	88.89,	77.28,	77.13,	
900000,	82.84,	228275,	29310,	154245,	38170,	89.01,	77.54,	77.53,	
950000,	85.924,	251780,	33991,	169041,	45183,	89.18,	77.86,	77.76,	
1000000,	88.456,	254449,	31819,	172860,	40872,	89.58,	78.67,	78.63,	

1000000,	88.456,	506229,	65810,	341901,	86055,	84.81,	68.8,	68.92,	
Pool,	TP,	FN,	TN,	FP
1,	6428,	5946,	3122,	2705,	
2,	31290,	11908,	21677,	7836,	
3,	53802,	8977,	75325,	25424,	
4,	139797,	21127,	113914,	16082,	
5,	274912,	17852,	127863,	34008,	





OzaBoostHT-ProcessRBF
Speed Change:,	0.01,	Centroids:,	100,	DriftCentroid:	100
GracePeriod:,	200,	TieThreshold:,	0.05,	BinarySplit:,	false,	BaseClassifier:,	HT,	
EnsembleSize:,	5
Count,	Time,	TP,	FN,	TN,	FP,	Accu,	Kappa,	Kpa_t,	Mem,	Depth,	TSize,	DcNod,	ActLf,	InacLf,	Reset,	Alter,	Switch,	Prune,	ClOp0,	ClOp1,	ClOp2,	ClOp3
50000,	7.669,	23720,	3428,	18810,	4036,	85.07,	69.85,	70.0,	
100000,	13.771,	25258,	2169,	20016,	2557,	90.55,	80.89,	80.99,	
150000,	19.314,	49006,	5506,	39188,	6294,	91.33,	82.49,	82.34,	
200000,	24.314,	50552,	3966,	40780,	4702,	92.12,	84.1,	84.25,	
250000,	28.825,	74431,	7373,	59969,	8221,	92.41,	84.69,	84.7,	
300000,	32.85,	76040,	5768,	61548,	6644,	92.51,	84.89,	84.96,	
350000,	36.393,	99995,	9122,	80777,	10100,	92.74,	85.36,	85.41,	
400000,	39.453,	101748,	7541,	82188,	8523,	92.7,	85.24,	85.26,	
450000,	41.963,	125677,	10846,	101505,	11966,	92.82,	85.5,	85.51,	
500000,	43.994,	127439,	9269,	102975,	10317,	92.96,	85.78,	85.66,	
550000,	46.444,	151173,	12556,	122539,	13726,	93.06,	86.01,	86.07,	
600000,	53.145,	153000,	10935,	123927,	12138,	93.03,	85.93,	85.87,	
650000,	59.182,	176838,	14223,	143404,	15529,	93.06,	85.99,	86.03,	
700000,	64.689,	178676,	12542,	144811,	13971,	93.12,	86.11,	86.12,	
750000,	69.891,	202290,	15972,	164458,	17274,	93.01,	85.91,	85.92,	
800000,	74.542,	204237,	14148,	165867,	15748,	93.23,	86.36,	86.35,	
850000,	78.653,	228227,	17545,	185327,	18895,	93.61,	87.09,	87.14,	
900000,	82.283,	229959,	15697,	186945,	17399,	93.6,	87.09,	87.15,	
950000,	85.414,	253939,	19052,	206348,	20655,	93.47,	86.82,	86.87,	
1000000,	88.023,	255790,	17200,	207951,	19059,	93.67,	87.23,	87.31,	

1000000,	88.023,	509729,	36252,	414299,	39714,	92.4,	84.67,	84.69,	
Pool,	TP,	FN,	TN,	FP
1,	9854,	3515,	3961,	850,	
2,	28663,	5145,	31319,	7556,	
3,	90886,	6886,	58256,	7570,	
4,	170276,	10648,	102441,	7527,	
5,	210050,	10058,	218322,	16211,	





OzaBoostHT-ProcessRBF
Speed Change:,	0.01,	Centroids:,	100,	DriftCentroid:	100
GracePeriod:,	200,	TieThreshold:,	0.1,	BinarySplit:,	false,	BaseClassifier:,	HT,	
EnsembleSize:,	5
Count,	Time,	TP,	FN,	TN,	FP,	Accu,	Kappa,	Kpa_t,	Mem,	Depth,	TSize,	DcNod,	ActLf,	InacLf,	Reset,	Alter,	Switch,	Prune,	ClOp0,	ClOp1,	ClOp2,	ClOp3
50000,	7.936,	18457,	3299,	25174,	3059,	87.27,	74.07,	73.93,	
100000,	14.26,	19686,	2115,	25975,	2224,	91.32,	82.37,	82.3,	
150000,	20.162,	38177,	5373,	51281,	5158,	91.65,	83.03,	83.17,	
200000,	25.496,	39691,	4087,	51964,	4258,	91.99,	83.74,	83.67,	
250000,	30.321,	58138,	7210,	77543,	7098,	92.45,	84.65,	84.64,	
300000,	34.757,	59593,	5982,	78186,	6239,	92.25,	84.25,	84.38,	
350000,	38.611,	78173,	9091,	103797,	8928,	92.58,	84.92,	84.78,	
400000,	41.961,	79591,	7760,	104595,	8044,	92.83,	85.43,	85.36,	
450000,	44.859,	98358,	10797,	130087,	10747,	92.95,	85.69,	85.6,	
500000,	47.189,	99651,	9526,	130944,	9869,	92.82,	85.41,	85.44,	
550000,	50.205,	118527,	12465,	156396,	12601,	92.96,	85.7,	85.78,	
600000,	57.136,	119831,	11250,	157246,	11661,	92.97,	85.72,	85.76,	
650000,	63.488,	138819,	14187,	182595,	14378,	93.0,	85.81,	85.8,	
700000,	69.37,	140020,	13013,	183475,	13480,	92.84,	85.46,	85.45,	
750000,	74.712,	159093,	15874,	208852,	16160,	93.06,	85.92,	85.89,	
800000,	79.54,	160244,	14689,	209875,	15178,	93.25,	86.3,	86.33,	
850000,	83.872,	179164,	17539,	235179,	17919,	93.15,	86.1,	86.11,	
900000,	87.703,	180582,	16368,	236195,	16841,	93.32,	86.44,	86.45,	
950000,	91.085,	199000,	19164,	261492,	19648,	93.29,	86.39,	86.26,	
1000000,	93.895,	199991,	18018,	262452,	18502,	93.38,	86.57,	86.7,	

1000000,	93.895,	398991,	37182,	523944,	38150,	92.47,	84.7,	84.7,	
Pool,	TP,	FN,	TN,	FP
1,	6958,	1460,	8728,	1021,	
2,	36021,	5390,	27504,	3631,	
3,	104821,	12655,	41992,	4378,	
4,	118558,	13471,	144747,	14085,	
5,	132633,	4206,	300973,	15035,	





OzaBoostHT-ProcessRBF
Speed Change:,	0.01,	Centroids:,	100,	DriftCentroid:	100
GracePeriod:,	200,	TieThreshold:,	0.01,	BinarySplit:,	true,	BaseClassifier:,	HT,	
EnsembleSize:,	5
Count,	Time,	TP,	FN,	TN,	FP,	Accu,	Kappa,	Kpa_t,	Mem,	Depth,	TSize,	DcNod,	ActLf,	InacLf,	Reset,	Alter,	Switch,	Prune,	ClOp0,	ClOp1,	ClOp2,	ClOp3
50000,	7.63,	15333,	8201,	18620,	7840,	67.91,	35.55,	35.79,	
100000,	13.842,	17016,	6913,	20023,	6048,	74.08,	47.98,	48.32,	
150000,	19.686,	34864,	12470,	42108,	10552,	86.04,	71.93,	71.97,	
200000,	24.908,	36917,	10495,	44065,	8523,	87.89,	75.62,	75.53,	
250000,	29.614,	55284,	15781,	65990,	12939,	88.6,	77.11,	77.15,	
300000,	33.702,	57472,	13394,	68239,	10895,	89.46,	78.81,	78.7,	
350000,	37.29,	76016,	18617,	90189,	15172,	89.86,	79.63,	79.59,	
400000,	40.39,	78396,	16175,	92406,	13023,	90.18,	80.28,	80.27,	
450000,	43.014,	96974,	21391,	114341,	17288,	90.22,	80.36,	80.28,	
500000,	45.111,	99207,	18943,	116874,	14976,	90.56,	81.02,	80.98,	
550000,	47.611,	118040,	24042,	138764,	19148,	90.98,	81.88,	81.85,	
600000,	54.277,	120402,	21431,	141304,	16863,	91.25,	82.43,	82.28,	
650000,	60.307,	139455,	26406,	163064,	21069,	91.43,	82.8,	82.81,	
700000,	65.766,	141781,	23672,	165734,	18813,	91.62,	83.17,	83.18,	
750000,	70.722,	160993,	28639,	187297,	23065,	91.54,	83.04,	83.1,	
800000,	75.156,	163133,	25914,	190136,	20817,	91.51,	82.95,	82.86,	
850000,	79.053,	182393,	30895,	211776,	24930,	91.76,	83.45,	83.56,	
900000,	82.508,	184510,	28227,	214521,	22742,	91.52,	82.99,	82.88,	
950000,	85.522,	203672,	33084,	236346,	26892,	91.7,	83.32,	83.43,	
1000000,	88.062,	206087,	30356,	238913,	24644,	91.94,	83.83,	83.91,	

1000000,	88.062,	409759,	63440,	475259,	51536,	88.5,	76.91,	76.91,	
Pool,	TP,	FN,	TN,	FP
1,	4998,	5584,	4648,	2967,	
2,	18528,	8207,	36972,	8941,	
3,	32510,	14778,	105498,	10905,	
4,	92633,	15059,	167174,	16008,	
5,	261090,	19812,	160967,	12715,	





OzaBoostHT-ProcessRBF
Speed Change:,	0.01,	Centroids:,	100,	DriftCentroid:	100
GracePeriod:,	200,	TieThreshold:,	0.01,	BinarySplit:,	true,	BaseClassifier:,	HT,	
EnsembleSize:,	5
Count,	Time,	TP,	FN,	TN,	FP,	Accu,	Kappa,	Kpa_t,	Mem,	Depth,	TSize,	DcNod,	ActLf,	InacLf,	Reset,	Alter,	Switch,	Prune,	ClOp0,	ClOp1,	ClOp2,	ClOp3
50000,	7.634,	18663,	7794,	12916,	10623,	63.16,	25.58,	26.07,	
100000,	13.745,	20057,	6443,	12573,	10927,	65.26,	29.51,	29.51,	
150000,	19.388,	41115,	11802,	27193,	19886,	73.46,	46.07,	47.13,	
200000,	24.547,	41879,	11053,	30809,	16259,	80.12,	60.03,	60.13,	
250000,	29.227,	63379,	16068,	47123,	23426,	84.39,	68.71,	68.79,	
300000,	33.383,	64439,	15019,	51328,	19214,	86.16,	72.28,	72.28,	
350000,	37.036,	85734,	19934,	67923,	26405,	86.31,	72.6,	72.8,	
400000,	40.194,	87141,	18789,	71935,	22135,	86.62,	73.2,	73.12,	
450000,	42.895,	108459,	23578,	88629,	29330,	86.86,	73.69,	73.67,	
500000,	45.044,	110066,	22144,	92799,	24991,	87.58,	75.12,	75.05,	
550000,	47.674,	131571,	26848,	109446,	32131,	87.86,	75.67,	75.51,	
600000,	54.351,	133408,	25027,	113992,	27573,	89.07,	78.1,	78.14,	
650000,	60.438,	154969,	29764,	130743,	34520,	89.39,	78.74,	78.58,	
700000,	65.954,	156950,	27741,	135157,	30152,	89.41,	78.78,	78.61,	
750000,	70.951,	178581,	32471,	151847,	37097,	89.43,	78.81,	78.82,	
800000,	75.444,	180657,	30319,	156405,	32619,	89.91,	79.77,	79.67,	
850000,	79.46,	202358,	35020,	173034,	39584,	89.93,	79.8,	79.65,	
900000,	83.01,	204425,	32877,	177560,	35138,	89.85,	79.64,	79.72,	
950000,	86.062,	226075,	37562,	194336,	42023,	90.04,	80.03,	79.96,	
1000000,	88.662,	228083,	35375,	199135,	37407,	90.47,	80.9,	80.95,	

1000000,	88.662,	454158,	72937,	393471,	79430,	84.76,	69.41,	69.42,	
Pool,	TP,	FN,	TN,	FP
1,	2805,	3098,	8597,	3722,	
2,	23388,	13204,	24876,	11344,	
3,	38359,	14452,	93191,	17753,	
4,	112007,	11492,	139865,	27648,	
5,	277599,	30691,	126942,	18963,	





OzaBoostHT-ProcessRBF
Speed Change:,	0.01,	Centroids:,	100,	DriftCentroid:	100
GracePeriod:,	200,	TieThreshold:,	0.01,	BinarySplit:,	true,	BaseClassifier:,	HT,	
EnsembleSize:,	5
Count,	Time,	TP,	FN,	TN,	FP,	Accu,	Kappa,	Kpa_t,	Mem,	Depth,	TSize,	DcNod,	ActLf,	InacLf,	Reset,	Alter,	Switch,	Prune,	ClOp0,	ClOp1,	ClOp2,	ClOp3
50000,	7.863,	18566,	6334,	18139,	6928,	73.45,	46.91,	46.99,	
100000,	14.029,	20261,	4712,	19176,	5851,	78.87,	57.75,	57.71,	
150000,	19.642,	39141,	10678,	38788,	11360,	82.45,	64.9,	64.76,	
200000,	24.772,	41401,	8560,	40139,	9900,	84.21,	68.41,	68.36,	
250000,	29.329,	59954,	14753,	60522,	14738,	85.09,	70.18,	70.46,	
300000,	33.35,	62881,	12021,	61838,	13260,	86.36,	72.72,	72.64,	
350000,	36.862,	81949,	17750,	82420,	17848,	87.79,	75.57,	75.43,	
400000,	39.895,	84925,	14947,	83790,	16338,	87.99,	75.98,	76.11,	
450000,	42.475,	103865,	20733,	104442,	20927,	87.88,	75.75,	75.72,	
500000,	44.505,	106990,	17899,	105843,	19268,	88.24,	76.47,	76.54,	
550000,	47.111,	125775,	23753,	126946,	23493,	88.83,	77.65,	77.65,	
600000,	53.723,	128746,	21030,	128687,	21537,	89.2,	78.4,	78.45,	
650000,	59.675,	147898,	26614,	149630,	25825,	89.61,	79.23,	79.21,	
700000,	65.155,	151032,	23803,	151448,	23717,	90.09,	80.19,	80.04,	
750000,	70.055,	170429,	29209,	172234,	28095,	90.27,	80.54,	80.49,	
800000,	74.445,	173474,	26396,	174176,	25954,	90.34,	80.68,	80.56,	
850000,	78.36,	192901,	31771,	194949,	30346,	90.37,	80.75,	80.8,	
900000,	81.857,	195935,	28907,	196854,	28304,	90.28,	80.56,	80.61,	
950000,	84.851,	215384,	34173,	217775,	32635,	90.62,	81.24,	81.33,	
1000000,	87.368,	218463,	31367,	219736,	30434,	90.82,	81.64,	81.66,	

1000000,	87.368,	433847,	65540,	437511,	63069,	87.14,	74.28,	74.28,	
Pool,	TP,	FN,	TN,	FP
1,	4500,	1969,	6420,	5278,	
2,	25535,	11865,	24764,	10489,	
3,	47357,	5669,	90331,	20342,	
4,	156116,	32077,	92131,	10711,	
5,	200339,	13960,	223865,	16249,	





OzaBoostHT-ProcessRBF
Speed Change:,	0.01,	Centroids:,	100,	DriftCentroid:	100
GracePeriod:,	200,	TieThreshold:,	0.01,	BinarySplit:,	true,	BaseClassifier:,	HT,	
EnsembleSize:,	5
Count,	Time,	TP,	FN,	TN,	FP,	Accu,	Kappa,	Kpa_t,	Mem,	Depth,	TSize,	DcNod,	ActLf,	InacLf,	Reset,	Alter,	Switch,	Prune,	ClOp0,	ClOp1,	ClOp2,	ClOp3
50000,	7.547,	9084,	10581,	25331,	4996,	68.83,	31.27,	34.93,	
100000,	13.818,	11136,	8745,	25542,	4577,	73.36,	42.32,	44.38,	
150000,	19.845,	23753,	15608,	51919,	8712,	82.51,	62.95,	63.22,	
200000,	24.971,	26909,	12681,	52127,	8283,	84.72,	67.93,	67.89,	
250000,	29.643,	39693,	19432,	78656,	12211,	85.35,	69.28,	69.39,	
300000,	33.755,	43097,	16312,	79180,	11411,	86.48,	71.63,	71.39,	
350000,	37.415,	55713,	23016,	105844,	15419,	86.42,	71.41,	71.67,	
400000,	40.615,	59476,	19854,	106364,	14306,	87.13,	73.0,	73.14,	
450000,	43.265,	72023,	26361,	133373,	18235,	87.68,	74.05,	74.13,	
500000,	45.385,	75987,	23153,	133686,	17174,	87.67,	74.12,	74.27,	
550000,	47.865,	88396,	29676,	161019,	20901,	88.04,	74.8,	74.96,	
600000,	54.619,	92670,	26379,	161068,	19883,	88.13,	75.12,	75.3,	
650000,	60.783,	105142,	32851,	188539,	23460,	88.53,	75.95,	76.2,	
700000,	66.374,	109177,	29493,	189002,	22328,	88.88,	76.54,	76.64,	
750000,	71.463,	121594,	35979,	216511,	25908,	88.85,	76.45,	76.74,	
800000,	76.068,	125893,	32562,	216741,	24804,	88.91,	76.69,	76.95,	
850000,	80.16,	138117,	39099,	244363,	28413,	88.75,	76.29,	76.36,	
900000,	83.786,	142351,	35587,	244755,	27307,	88.94,	76.64,	76.9,	
950000,	86.879,	154715,	42142,	272274,	30861,	89.02,	76.85,	76.89,	
1000000,	89.541,	159239,	38328,	272620,	29813,	89.51,	77.95,	77.88,	

1000000,	89.541,	313954,	80470,	544894,	60674,	85.89,	70.19,	70.46,	
Pool,	TP,	FN,	TN,	FP
1,	5654,	4117,	6929,	1475,	
2,	26401,	6743,	30825,	8611,	
3,	35924,	15904,	105661,	6138,	
4,	100689,	10761,	157032,	22423,	
5,	145286,	42945,	244447,	22027,	





OzaBoostHT-ProcessRBF
Speed Change:,	0.01,	Centroids:,	100,	DriftCentroid:	100
GracePeriod:,	200,	TieThreshold:,	0.01,	BinarySplit:,	true,	BaseClassifier:,	HT,	
EnsembleSize:,	5
Count,	Time,	TP,	FN,	TN,	FP,	Accu,	Kappa,	Kpa_t,	Mem,	Depth,	TSize,	DcNod,	ActLf,	InacLf,	Reset,	Alter,	Switch,	Prune,	ClOp0,	ClOp1,	ClOp2,	ClOp3
50000,	8.193,	17468,	8138,	14516,	9872,	63.97,	27.78,	28.04,	
100000,	15.069,	19383,	6273,	14686,	9658,	68.14,	36.0,	36.11,	
150000,	21.237,	39279,	12037,	31402,	17276,	77.39,	54.57,	54.82,	
200000,	26.535,	41210,	10284,	32271,	16235,	78.82,	57.45,	57.58,	
250000,	31.335,	61481,	15612,	50924,	21977,	83.45,	66.82,	66.9,	
300000,	35.711,	63463,	13801,	52790,	19946,	85.54,	71.05,	71.05,	
350000,	39.551,	83778,	19013,	72009,	25194,	86.76,	73.51,	73.5,	
400000,	42.803,	86110,	17006,	73879,	23005,	87.47,	74.92,	74.91,	
450000,	45.547,	106190,	22068,	93437,	28299,	87.68,	75.35,	75.31,	
500000,	47.687,	108948,	19819,	95269,	25964,	88.46,	76.89,	76.77,	
550000,	50.261,	128946,	25053,	114899,	31096,	88.44,	76.86,	76.64,	
600000,	56.872,	131819,	22739,	116833,	28609,	88.87,	77.73,	77.8,	
650000,	62.865,	151710,	27898,	136665,	33721,	89.06,	78.11,	78.15,	
700000,	68.352,	154785,	25488,	138687,	31040,	89.64,	79.27,	79.21,	
750000,	73.375,	174608,	30753,	158451,	36182,	89.37,	78.73,	78.83,	
800000,	77.929,	177689,	28265,	160497,	33549,	89.43,	78.85,	78.71,	
850000,	81.971,	197503,	33458,	180423,	38610,	89.73,	79.46,	79.56,	
900000,	85.532,	200850,	30913,	182400,	35837,	90.13,	80.24,	80.21,	
950000,	88.557,	220527,	36102,	202389,	40976,	89.98,	79.95,	79.97,	
1000000,	91.093,	223856,	33563,	204466,	38115,	90.14,	80.28,	80.22,	

1000000,	91.093,	444383,	69665,	406855,	79091,	85.12,	70.21,	70.21,	
Pool,	TP,	FN,	TN,	FP
1,	6353,	4301,	5557,	1992,	
2,	23863,	6538,	33104,	9119,	
3,	65937,	14741,	65589,	17415,	
4,	103663,	14782,	150486,	22013,	
5,	244567,	29303,	152119,	28552,	





