OzaBagAdaHT-ProcessRBF
Speed Change:,	0.0,	Centroids:,	100,	DriftCentroid:	100
GracePeriod:,	200,	TieThreshold:,	0.05,	BinarySplit:,	false,	BaseClassifier:,	HT,	
EnsembleSize:,	1
Count,	Time,	TP,	FN,	TN,	FP,	Accu,	Kappa,	Kpa_t,	Mem,	Depth,	TSize,	DcNod,	ActLf,	InacLf,	Reset,	Alter,	Switch,	Prune,	ClOp0,	ClOp1,	ClOp2,	ClOp3
50000,	7.308,	22957,	5209,	15099,	6597,	76.27,	51.36,	51.99,	
100000,	13.082,	24290,	4094,	16803,	4666,	82.37,	63.91,	64.31,	
150000,	18.451,	47489,	8876,	32488,	10852,	84.01,	67.34,	67.67,	
200000,	23.203,	49181,	7608,	34512,	8413,	85.38,	70.13,	70.01,	
250000,	27.401,	71162,	12594,	50612,	14348,	85.43,	70.36,	70.27,	
300000,	31.3,	72787,	10967,	52690,	11848,	86.31,	72.1,	72.14,	
350000,	34.674,	93426,	15904,	69012,	17659,	86.6,	72.73,	72.97,	
400000,	37.418,	95202,	14121,	71085,	15057,	87.13,	73.78,	73.69,	
450000,	39.665,	117469,	18677,	87299,	20873,	87.9,	75.26,	75.57,	
500000,	41.303,	116082,	16934,	89618,	18339,	87.71,	74.97,	75.26,	
550000,	43.4,	139145,	21454,	105749,	23975,	88.14,	75.78,	76.0,	
600000,	49.928,	135790,	19718,	108087,	21379,	88.2,	75.9,	76.01,	
650000,	56.039,	159627,	24286,	124356,	26932,	88.33,	76.2,	76.29,	
700000,	61.751,	155618,	22562,	126614,	24325,	88.3,	76.12,	76.29,	
750000,	66.868,	179619,	27084,	143158,	29842,	88.45,	76.49,	76.38,	
800000,	71.461,	175438,	25284,	145396,	27232,	88.64,	76.85,	76.87,	
850000,	75.574,	199295,	29779,	161742,	32759,	88.61,	76.75,	76.58,	
900000,	79.094,	195628,	27887,	164049,	30106,	88.91,	77.36,	77.45,	
950000,	82.048,	219027,	32445,	180543,	35564,	88.94,	77.45,	77.52,	
1000000,	84.539,	214928,	30533,	183147,	32774,	89.27,	78.18,	78.21,	

1000000,	84.539,	433955,	62978,	363690,	68338,	86.74,	72.96,	73.07,	
Pool,	TP,	FN,	TN,	FP
1,	6739,	1536,	7403,	2463,	
2,	41793,	7042,	18755,	4790,	
3,	72739,	7939,	58018,	14141,	
4,	142354,	17387,	79231,	13578,	
5,	170330,	29074,	200283,	33366,	





OzaBagAdaHT-ProcessRBF
Speed Change:,	0.0,	Centroids:,	100,	DriftCentroid:	100
GracePeriod:,	200,	TieThreshold:,	0.05,	BinarySplit:,	false,	BaseClassifier:,	HT,	
EnsembleSize:,	2
Count,	Time,	TP,	FN,	TN,	FP,	Accu,	Kappa,	Kpa_t,	Mem,	Depth,	TSize,	DcNod,	ActLf,	InacLf,	Reset,	Alter,	Switch,	Prune,	ClOp0,	ClOp1,	ClOp2,	ClOp3
50000,	8.233,	13898,	6004,	27121,	2973,	82.04,	61.54,	62.48,	
100000,	14.798,	15754,	4259,	27778,	2209,	87.06,	72.59,	72.88,	
150000,	21.129,	30083,	9804,	54977,	5093,	88.16,	74.99,	75.3,	
200000,	26.735,	32494,	7622,	55599,	4285,	89.12,	77.14,	77.41,	
250000,	31.812,	47037,	12970,	82870,	7078,	89.7,	78.37,	78.56,	
300000,	36.406,	49114,	10698,	84055,	6103,	90.21,	79.28,	79.42,	
350000,	40.558,	63656,	16045,	111238,	8917,	90.17,	79.23,	79.55,	
400000,	44.188,	64977,	13840,	112186,	7928,	90.07,	79.09,	79.34,	
450000,	47.224,	79370,	19023,	139510,	10649,	90.58,	80.16,	80.28,	
500000,	49.74,	80741,	16830,	140564,	9683,	90.51,	79.97,	80.13,	
550000,	52.743,	95929,	22015,	167698,	12354,	90.6,	80.25,	80.38,	
600000,	60.356,	96341,	19678,	168982,	11402,	90.87,	80.74,	81.07,	
650000,	67.54,	111440,	24810,	195986,	14066,	90.99,	81.05,	81.2,	
700000,	74.586,	112081,	22562,	197272,	13106,	90.82,	80.7,	80.86,	
750000,	80.759,	127055,	27765,	224365,	15728,	90.76,	80.53,	80.76,	
800000,	86.321,	127741,	25433,	225626,	14784,	90.9,	80.84,	80.94,	
850000,	91.318,	141649,	30527,	252701,	17447,	91.04,	81.15,	81.37,	
900000,	95.813,	141804,	28179,	254208,	16409,	91.26,	81.54,	81.71,	
950000,	99.763,	156587,	33258,	281155,	19150,	91.13,	81.31,	81.31,	
1000000,	103.345,	156256,	30929,	282566,	18079,	91.16,	81.41,	81.64,	

1000000,	103.345,	312843,	64187,	563721,	37229,	89.86,	78.61,	78.83,	
Pool,	TP,	FN,	TN,	FP
1,	7744,	4357,	5237,	875,	
2,	31489,	8114,	30113,	2934,	
3,	33990,	12103,	106624,	10787,	
4,	105442,	15695,	142242,	10834,	
5,	134178,	23918,	279505,	11799,	





OzaBagAdaHT-ProcessRBF
Speed Change:,	0.0,	Centroids:,	100,	DriftCentroid:	100
GracePeriod:,	200,	TieThreshold:,	0.05,	BinarySplit:,	false,	BaseClassifier:,	HT,	
EnsembleSize:,	3
Count,	Time,	TP,	FN,	TN,	FP,	Accu,	Kappa,	Kpa_t,	Mem,	Depth,	TSize,	DcNod,	ActLf,	InacLf,	Reset,	Alter,	Switch,	Prune,	ClOp0,	ClOp1,	ClOp2,	ClOp3
50000,	8.632,	20572,	3897,	21696,	3832,	84.54,	69.06,	69.05,	
100000,	16.112,	21827,	2263,	23087,	2823,	89.83,	79.65,	79.74,	
150000,	22.931,	42931,	5919,	44789,	6358,	90.9,	81.81,	81.64,	
200000,	29.687,	44281,	4042,	46322,	5355,	91.38,	82.76,	82.71,	
250000,	35.976,	65398,	7763,	68100,	8736,	91.56,	83.11,	83.01,	
300000,	41.684,	66932,	5722,	69744,	7602,	92.15,	84.29,	84.26,	
350000,	46.979,	88120,	9403,	91549,	10925,	92.34,	84.68,	84.67,	
400000,	51.612,	89632,	7406,	93230,	9732,	92.37,	84.74,	84.75,	
450000,	55.714,	110672,	10948,	115359,	13018,	92.72,	85.44,	85.44,	
500000,	59.441,	112388,	8947,	116835,	11830,	92.72,	85.44,	85.42,	
550000,	63.567,	133349,	12447,	139073,	15126,	92.79,	85.57,	85.67,	
600000,	72.515,	134724,	10491,	140685,	13776,	93.02,	86.03,	86.05,	
650000,	80.75,	155190,	14017,	162945,	17088,	92.94,	85.86,	85.82,	
700000,	88.397,	156022,	11924,	164508,	15682,	93.32,	86.64,	86.71,	
750000,	95.721,	176719,	15571,	186612,	18963,	93.14,	86.28,	86.25,	
800000,	103.023,	177848,	13435,	188466,	17485,	93.37,	86.74,	86.65,	
850000,	109.312,	197969,	17021,	210322,	20832,	93.36,	86.72,	86.7,	
900000,	115.021,	198221,	14957,	212483,	19338,	93.25,	86.49,	86.52,	
950000,	120.371,	218383,	18505,	234057,	22676,	93.34,	86.69,	86.61,	
1000000,	125.719,	218728,	16484,	236506,	21184,	93.25,	86.5,	86.41,	

1000000,	125.719,	437111,	34989,	470563,	43860,	92.12,	84.22,	84.2,	
Pool,	TP,	FN,	TN,	FP
1,	13288,	2431,	2278,	188,	
2,	29183,	5822,	30062,	7725,	
3,	56627,	4247,	84828,	17001,	
4,	175065,	11972,	88640,	10145,	
5,	162948,	10517,	264755,	8801,	





OzaBagAdaHT-ProcessRBF
Speed Change:,	0.0,	Centroids:,	100,	DriftCentroid:	100
GracePeriod:,	200,	TieThreshold:,	0.05,	BinarySplit:,	false,	BaseClassifier:,	HT,	
EnsembleSize:,	4
Count,	Time,	TP,	FN,	TN,	FP,	Accu,	Kappa,	Kpa_t,	Mem,	Depth,	TSize,	DcNod,	ActLf,	InacLf,	Reset,	Alter,	Switch,	Prune,	ClOp0,	ClOp1,	ClOp2,	ClOp3
50000,	9.742,	25512,	3309,	16620,	4556,	84.27,	67.53,	67.72,	
100000,	18.182,	26432,	2376,	18363,	2829,	89.59,	78.62,	78.62,	
150000,	26.023,	52396,	5332,	35301,	6968,	91.13,	81.77,	81.85,	
200000,	33.793,	53582,	4227,	37078,	5113,	91.73,	82.98,	83.03,	
250000,	40.772,	79221,	7168,	54289,	9143,	91.98,	83.53,	83.56,	
300000,	47.473,	80320,	6006,	56169,	7229,	92.21,	84.02,	84.16,	
350000,	53.652,	106039,	8812,	73376,	11122,	92.75,	85.11,	85.13,	
400000,	59.335,	106260,	7654,	75068,	9279,	92.6,	84.77,	84.81,	
450000,	64.63,	131633,	10348,	92484,	13171,	92.83,	85.27,	85.34,	
500000,	69.502,	130954,	9225,	94104,	11210,	93.0,	85.58,	85.71,	
550000,	74.764,	155783,	11869,	111919,	15136,	93.03,	85.72,	85.73,	
600000,	85.044,	155366,	10678,	113398,	13258,	93.0,	85.64,	85.71,	
650000,	94.851,	179317,	13372,	131014,	17034,	93.2,	86.0,	86.1,	
700000,	103.976,	179392,	12138,	132651,	15178,	93.24,	86.12,	86.15,	
750000,	112.673,	202610,	14880,	150315,	18819,	93.41,	86.47,	86.48,	
800000,	120.931,	202395,	13604,	152117,	17029,	93.37,	86.41,	86.53,	
850000,	128.68,	226628,	16294,	169545,	20612,	93.59,	86.81,	86.82,	
900000,	135.56,	225367,	15075,	171286,	18877,	93.36,	86.34,	86.23,	
950000,	141.976,	249490,	17739,	189030,	22403,	93.53,	86.73,	86.62,	
1000000,	148.084,	248585,	16452,	190475,	20606,	93.79,	87.21,	87.18,	

1000000,	148.084,	498075,	34191,	379505,	43009,	92.28,	84.14,	84.18,	
Pool,	TP,	FN,	TN,	FP
1,	5988,	1192,	9111,	1862,	
2,	18487,	3874,	43520,	6862,	
3,	65807,	7210,	83625,	7040,	
4,	168549,	8095,	78641,	11903,	
5,	239244,	13820,	164608,	15342,	





OzaBagAdaHT-ProcessRBF
Speed Change:,	0.0,	Centroids:,	100,	DriftCentroid:	100
GracePeriod:,	200,	TieThreshold:,	0.05,	BinarySplit:,	false,	BaseClassifier:,	HT,	
EnsembleSize:,	5
Count,	Time,	TP,	FN,	TN,	FP,	Accu,	Kappa,	Kpa_t,	Mem,	Depth,	TSize,	DcNod,	ActLf,	InacLf,	Reset,	Alter,	Switch,	Prune,	ClOp0,	ClOp1,	ClOp2,	ClOp3
50000,	9.655,	21628,	4022,	20913,	3432,	85.09,	70.17,	70.16,	
100000,	19.097,	23153,	2455,	22458,	1934,	91.22,	82.44,	82.47,	
150000,	28.245,	44977,	6207,	43738,	5057,	92.38,	84.76,	84.81,	
200000,	36.626,	46958,	4250,	45293,	3481,	93.32,	86.63,	86.65,	
250000,	44.412,	67081,	7902,	66662,	6580,	93.56,	87.12,	87.09,	
300000,	51.933,	68813,	5990,	68501,	4828,	93.83,	87.65,	87.64,	
350000,	58.875,	89303,	9567,	89615,	7824,	94.18,	88.36,	88.41,	
400000,	65.396,	91007,	7604,	91480,	6055,	94.32,	88.63,	88.66,	
450000,	72.165,	111148,	11211,	112690,	9083,	94.19,	88.38,	88.27,	
500000,	79.265,	112762,	9235,	114594,	7246,	94.36,	88.71,	88.69,	
550000,	85.673,	131518,	12828,	136159,	10201,	94.53,	89.06,	89.05,	
600000,	97.917,	133606,	10725,	137944,	8403,	94.71,	89.41,	89.41,	
650000,	108.538,	152521,	14365,	159314,	11288,	94.75,	89.5,	89.57,	
700000,	119.343,	154381,	12174,	161438,	9505,	94.9,	89.8,	89.86,	
750000,	128.999,	173453,	15913,	182664,	12386,	94.71,	89.42,	89.53,	
800000,	138.496,	175003,	13683,	184692,	10612,	94.77,	89.53,	89.53,	
850000,	147.132,	193966,	17299,	205962,	13493,	95.01,	90.02,	90.0,	
900000,	155.513,	195219,	15091,	208087,	11688,	95.03,	90.06,	90.15,	
950000,	163.119,	213652,	18791,	229500,	14546,	94.91,	89.82,	89.75,	
1000000,	170.134,	214928,	16569,	231410,	12758,	94.9,	89.81,	89.82,	

1000000,	170.134,	428580,	35360,	460910,	27304,	93.73,	87.46,	87.48,	
Pool,	TP,	FN,	TN,	FP
1,	5911,	3772,	7322,	1210,	
2,	42393,	6618,	21273,	2497,	
3,	105053,	5487,	44982,	4841,	
4,	122954,	9472,	153723,	3933,	
5,	152269,	10011,	233610,	14823,	





OzaBagAdaHT-ProcessRBF
Speed Change:,	0.0,	Centroids:,	100,	DriftCentroid:	100
GracePeriod:,	200,	TieThreshold:,	0.05,	BinarySplit:,	false,	BaseClassifier:,	HT,	
EnsembleSize:,	6
Count,	Time,	TP,	FN,	TN,	FP,	Accu,	Kappa,	Kpa_t,	Mem,	Depth,	TSize,	DcNod,	ActLf,	InacLf,	Reset,	Alter,	Switch,	Prune,	ClOp0,	ClOp1,	ClOp2,	ClOp3
50000,	10.943,	24581,	3649,	17944,	3823,	85.05,	69.57,	69.56,	
100000,	21.422,	25523,	2502,	19667,	2308,	90.38,	80.49,	80.43,	
150000,	31.611,	50473,	5782,	37930,	5812,	91.76,	83.28,	83.18,	
200000,	40.645,	51729,	4478,	39635,	4158,	92.35,	84.45,	84.47,	
250000,	49.777,	76695,	7613,	58042,	7646,	92.67,	85.12,	85.03,	
300000,	58.755,	77944,	6251,	59747,	6007,	92.76,	85.29,	85.28,	
350000,	67.095,	102552,	9276,	78176,	9385,	93.2,	86.17,	86.04,	
400000,	75.285,	103294,	7950,	79937,	7660,	93.3,	86.38,	86.45,	
450000,	82.82,	127536,	10908,	98450,	11015,	93.48,	86.75,	86.72,	
500000,	89.765,	128186,	9580,	100030,	9321,	93.42,	86.61,	86.58,	
550000,	97.462,	151143,	12521,	118622,	12547,	93.71,	87.2,	87.28,	
600000,	110.878,	152120,	11167,	120257,	10859,	93.75,	87.29,	87.21,	
650000,	123.192,	175606,	14087,	138720,	14085,	93.79,	87.36,	87.42,	
700000,	134.87,	175561,	12686,	140583,	12375,	93.93,	87.66,	87.66,	
750000,	146.086,	198741,	15580,	159073,	15684,	93.82,	87.44,	87.39,	
800000,	156.804,	198607,	14251,	160820,	13924,	93.77,	87.34,	87.27,	
850000,	166.898,	221718,	17150,	179394,	17185,	93.86,	87.52,	87.55,	
900000,	176.969,	222223,	15811,	181239,	15470,	93.79,	87.39,	87.37,	
950000,	186.189,	244433,	18625,	199841,	18675,	94.07,	87.96,	87.96,	
1000000,	194.743,	244930,	17317,	201532,	17045,	93.84,	87.47,	87.55,	

1000000,	194.743,	489363,	35942,	401373,	35720,	92.83,	85.44,	85.42,	
Pool,	TP,	FN,	TN,	FP
1,	5630,	1369,	7767,	3431,	
2,	27808,	4971,	34606,	5314,	
3,	78476,	8177,	68795,	7444,	
4,	88263,	5471,	186115,	11043,	
5,	289186,	15954,	104090,	8488,	





OzaBagAdaHT-ProcessRBF
Speed Change:,	0.0,	Centroids:,	100,	DriftCentroid:	100
GracePeriod:,	200,	TieThreshold:,	0.05,	BinarySplit:,	false,	BaseClassifier:,	HT,	
EnsembleSize:,	7
Count,	Time,	TP,	FN,	TN,	FP,	Accu,	Kappa,	Kpa_t,	Mem,	Depth,	TSize,	DcNod,	ActLf,	InacLf,	Reset,	Alter,	Switch,	Prune,	ClOp0,	ClOp1,	ClOp2,	ClOp3
50000,	11.735,	16302,	6165,	23786,	3744,	80.18,	59.55,	60.02,	
100000,	22.932,	18512,	3883,	24842,	2763,	86.71,	73.0,	72.95,	
150000,	33.43,	35458,	9490,	48759,	6290,	88.26,	76.2,	76.35,	
200000,	43.656,	37697,	7017,	50100,	5186,	88.89,	77.44,	77.43,	
250000,	53.646,	54986,	12352,	73905,	8754,	89.35,	78.42,	78.46,	
300000,	63.165,	57491,	9728,	75235,	7546,	89.86,	79.48,	79.4,	
350000,	72.029,	74984,	14821,	98977,	11215,	90.14,	80.07,	80.21,	
400000,	80.757,	77124,	12309,	100661,	9906,	90.12,	79.97,	79.98,	
450000,	88.793,	94870,	17307,	124273,	13547,	90.36,	80.5,	80.56,	
500000,	96.456,	97164,	14654,	125956,	12216,	90.69,	81.17,	81.3,	
550000,	105.748,	114252,	19753,	149566,	15876,	90.45,	80.68,	80.62,	
600000,	119.859,	116976,	16934,	151235,	14411,	91.05,	81.92,	82.05,	
650000,	133.788,	134075,	21971,	174784,	18206,	90.9,	81.63,	81.6,	
700000,	146.777,	136543,	19124,	176759,	16635,	91.17,	82.13,	82.12,	
750000,	160.034,	153666,	24191,	200021,	20383,	91.21,	82.24,	82.26,	
800000,	172.062,	155802,	21371,	202192,	18787,	91.2,	82.21,	82.28,	
850000,	184.316,	173359,	26319,	225241,	22536,	91.44,	82.72,	82.8,	
900000,	194.832,	175994,	23582,	227582,	20994,	91.16,	82.14,	82.21,	
950000,	204.867,	192844,	28472,	250643,	24742,	91.28,	82.38,	82.22,	
1000000,	215.385,	195920,	25718,	253189,	23161,	91.39,	82.58,	82.72,	

1000000,	215.385,	388764,	54190,	503832,	47903,	89.79,	79.33,	79.38,	
Pool,	TP,	FN,	TN,	FP
1,	7351,	3986,	5588,	1256,	
2,	37655,	4707,	27673,	2600,	
3,	55008,	8311,	88446,	11803,	
4,	147852,	18228,	110994,	13957,	
5,	140898,	18958,	271131,	18287,	





OzaBagAdaHT-ProcessRBF
Speed Change:,	0.0,	Centroids:,	100,	DriftCentroid:	100
GracePeriod:,	200,	TieThreshold:,	0.05,	BinarySplit:,	false,	BaseClassifier:,	HT,	
EnsembleSize:,	8
Count,	Time,	TP,	FN,	TN,	FP,	Accu,	Kappa,	Kpa_t,	Mem,	Depth,	TSize,	DcNod,	ActLf,	InacLf,	Reset,	Alter,	Switch,	Prune,	ClOp0,	ClOp1,	ClOp2,	ClOp3
50000,	12.197,	26473,	2696,	16494,	4334,	85.94,	70.74,	71.06,	
100000,	24.687,	27215,	2095,	18564,	2126,	91.56,	82.59,	82.54,	
150000,	38.135,	53876,	4433,	35499,	6189,	92.82,	85.21,	85.24,	
200000,	50.477,	54891,	3752,	37641,	3716,	93.51,	86.62,	86.53,	
250000,	63.915,	81480,	6040,	54678,	7799,	93.57,	86.76,	86.83,	
300000,	76.03,	82250,	5419,	57043,	5288,	93.52,	86.71,	86.63,	
350000,	87.895,	109165,	7603,	73995,	9234,	94.0,	87.66,	87.64,	
400000,	99.151,	109729,	7052,	76325,	6654,	94.0,	87.65,	87.66,	
450000,	110.128,	136191,	9066,	93591,	10592,	94.36,	88.42,	88.42,	
500000,	121.211,	136711,	8567,	95757,	8011,	94.26,	88.19,	88.25,	
550000,	132.525,	162757,	10502,	113029,	11835,	94.64,	88.97,	88.89,	
600000,	151.855,	162955,	10083,	115243,	9288,	94.41,	88.52,	88.56,	
650000,	168.297,	188737,	11955,	132443,	13174,	94.42,	88.51,	88.6,	
700000,	184.433,	188760,	11492,	134696,	10547,	94.66,	89.02,	88.96,	
750000,	198.989,	214251,	13379,	151852,	14453,	94.59,	88.87,	88.89,	
800000,	214.378,	213793,	12897,	154370,	11818,	94.65,	89.02,	89.1,	
850000,	229.514,	239109,	14732,	171319,	15774,	94.65,	88.99,	89.0,	
900000,	244.272,	238586,	14227,	173851,	13104,	94.77,	89.23,	89.24,	
950000,	257.105,	264006,	16137,	190856,	17014,	94.71,	89.12,	89.08,	
1000000,	270.615,	263349,	15608,	193283,	14337,	94.77,	89.23,	89.2,	

1000000,	270.615,	527355,	31745,	384139,	31351,	93.69,	87.01,	87.02,	
Pool,	TP,	FN,	TN,	FP
1,	8987,	1937,	5234,	2006,	
2,	22084,	2905,	41651,	6058,	
3,	67524,	8012,	80890,	7319,	
4,	121893,	4864,	154536,	9533,	
5,	306867,	14027,	101828,	6435,	





OzaBagAdaHT-ProcessRBF
Speed Change:,	0.0,	Centroids:,	100,	DriftCentroid:	100
GracePeriod:,	200,	TieThreshold:,	0.05,	BinarySplit:,	false,	BaseClassifier:,	HT,	
EnsembleSize:,	9
Count,	Time,	TP,	FN,	TN,	FP,	Accu,	Kappa,	Kpa_t,	Mem,	Depth,	TSize,	DcNod,	ActLf,	InacLf,	Reset,	Alter,	Switch,	Prune,	ClOp0,	ClOp1,	ClOp2,	ClOp3
50000,	13.499,	19834,	3499,	23053,	3612,	85.77,	71.43,	71.26,	
100000,	25.624,	21070,	2418,	24269,	2243,	90.68,	81.28,	81.25,	
150000,	38.82,	40937,	5731,	47741,	5589,	91.58,	83.08,	83.05,	
200000,	52.114,	42248,	4445,	49340,	3967,	92.5,	84.91,	84.95,	
250000,	63.56,	62298,	7685,	72601,	7414,	92.44,	84.81,	84.81,	
300000,	74.617,	63529,	6279,	74459,	5733,	92.8,	85.51,	85.46,	
350000,	85.431,	83797,	9493,	97663,	9045,	93.12,	86.17,	86.08,	
400000,	95.647,	84916,	8128,	99645,	7311,	93.15,	86.21,	86.23,	
450000,	105.721,	105346,	11234,	122748,	10670,	93.27,	86.47,	86.54,	
500000,	115.652,	106368,	9860,	124941,	8822,	93.51,	86.95,	86.95,	
550000,	125.94,	126782,	12990,	147967,	12242,	93.34,	86.61,	86.62,	
600000,	142.063,	127864,	11552,	150172,	10351,	93.56,	87.05,	87.07,	
650000,	158.308,	148176,	14720,	173252,	13833,	93.36,	86.64,	86.64,	
700000,	174.769,	149386,	13255,	175431,	11867,	93.56,	87.05,	87.08,	
750000,	191.726,	169680,	16408,	198599,	15294,	93.7,	87.33,	87.29,	
800000,	206.929,	170948,	14989,	200648,	13340,	93.59,	87.1,	87.14,	
850000,	220.549,	191049,	18107,	224043,	16640,	93.91,	87.74,	87.81,	
900000,	234.273,	192219,	16672,	225928,	14812,	93.69,	87.31,	87.34,	
950000,	248.256,	212059,	19753,	249521,	18055,	93.88,	87.68,	87.74,	
1000000,	261.757,	213367,	18430,	251129,	16153,	93.8,	87.54,	87.69,	

1000000,	261.757,	425426,	38183,	500650,	34208,	92.76,	85.44,	85.46,	
Pool,	TP,	FN,	TN,	FP
1,	4680,	1041,	9599,	2819,	
2,	27153,	6746,	35611,	3313,	
3,	108336,	11529,	40439,	3427,	
4,	105593,	4982,	171959,	7835,	
5,	179664,	13885,	243042,	16814,	





OzaBagAdaHT-ProcessRBF
Speed Change:,	0.0,	Centroids:,	100,	DriftCentroid:	100
GracePeriod:,	200,	TieThreshold:,	0.05,	BinarySplit:,	false,	BaseClassifier:,	HT,	
EnsembleSize:,	10
Count,	Time,	TP,	FN,	TN,	FP,	Accu,	Kappa,	Kpa_t,	Mem,	Depth,	TSize,	DcNod,	ActLf,	InacLf,	Reset,	Alter,	Switch,	Prune,	ClOp0,	ClOp1,	ClOp2,	ClOp3
50000,	15.722,	20569,	4299,	20869,	4260,	82.88,	65.76,	65.85,	
100000,	30.322,	21905,	2866,	23424,	1805,	90.66,	81.31,	81.31,	
150000,	44.692,	42746,	6887,	44464,	5900,	91.54,	83.08,	83.14,	
200000,	58.881,	44457,	5208,	46933,	3402,	92.12,	84.24,	84.23,	
250000,	71.69,	65225,	9197,	68222,	7353,	92.47,	84.94,	85.0,	
300000,	86.035,	67006,	7445,	70683,	4866,	92.6,	85.19,	85.23,	
350000,	99.824,	88054,	11306,	91961,	8676,	93.14,	86.27,	86.31,	
400000,	112.607,	89052,	9603,	94549,	6245,	92.93,	85.85,	85.95,	
450000,	125.059,	110473,	13329,	115653,	10106,	93.09,	86.19,	86.09,	
500000,	136.711,	110786,	11642,	118234,	7612,	93.19,	86.38,	86.41,	
550000,	148.976,	131690,	15390,	139662,	11518,	93.05,	86.1,	86.08,	
600000,	168.488,	132428,	13601,	142085,	9025,	93.26,	86.51,	86.54,	
650000,	186.318,	153350,	17434,	163433,	12894,	93.16,	86.32,	86.29,	
700000,	203.823,	154067,	15625,	165874,	10398,	93.21,	86.41,	86.44,	
750000,	220.559,	175268,	19331,	187202,	14244,	93.51,	87.01,	86.99,	
800000,	237.177,	175616,	17575,	189657,	11787,	93.32,	86.64,	86.76,	
850000,	252.586,	196909,	21319,	211032,	15543,	93.43,	86.85,	86.81,	
900000,	267.94,	197223,	19561,	213520,	13081,	93.44,	86.88,	86.88,	
950000,	283.15,	218658,	23198,	234704,	16908,	93.51,	87.02,	86.99,	
1000000,	297.495,	218899,	21438,	237244,	14377,	93.65,	87.31,	87.26,	

1000000,	297.495,	437557,	44636,	471948,	31285,	92.41,	84.81,	84.83,	
Pool,	TP,	FN,	TN,	FP
1,	6961,	821,	9562,	826,	
2,	25830,	3615,	39420,	3930,	
3,	55868,	14538,	83762,	9384,	
4,	111761,	10970,	157860,	10421,	
5,	237137,	14692,	181344,	6724,	





OzaBagAdaHT-ProcessRBF
Speed Change:,	0.0,	Centroids:,	100,	DriftCentroid:	100
GracePeriod:,	200,	TieThreshold:,	0.05,	BinarySplit:,	false,	BaseClassifier:,	HT,	
EnsembleSize:,	5
Count,	Time,	TP,	FN,	TN,	FP,	Accu,	Kappa,	Kpa_t,	Mem,	Depth,	TSize,	DcNod,	ActLf,	InacLf,	Reset,	Alter,	Switch,	Prune,	ClOp0,	ClOp1,	ClOp2,	ClOp3
50000,	10.973,	12345,	5835,	29363,	2455,	83.42,	62.68,	64.26,	
100000,	20.842,	14450,	3760,	30291,	1499,	89.48,	76.67,	77.11,	
150000,	31.156,	27361,	9132,	59745,	3760,	90.8,	79.71,	80.16,	
200000,	39.992,	29861,	6711,	60642,	2786,	91.52,	81.41,	81.66,	
250000,	49.07,	42983,	11870,	90075,	5070,	91.9,	82.29,	82.59,	
300000,	56.793,	45475,	9455,	91090,	3980,	92.12,	82.75,	83.06,	
350000,	64.135,	58638,	14452,	120715,	6193,	92.59,	83.73,	84.09,	
400000,	70.926,	61272,	12066,	121585,	5077,	92.58,	83.78,	84.14,	
450000,	77.217,	74548,	16873,	151260,	7317,	92.91,	84.5,	84.74,	
500000,	83.049,	77058,	14517,	152195,	6230,	92.79,	84.21,	84.33,	
550000,	89.409,	90374,	19263,	181944,	8417,	93.02,	84.7,	85.05,	
600000,	101.904,	92905,	16896,	182818,	7288,	93.13,	84.97,	85.16,	
650000,	112.906,	106282,	21556,	212628,	9484,	93.28,	85.29,	85.54,	
700000,	123.37,	109015,	19194,	213298,	8379,	93.22,	85.24,	85.41,	
750000,	133.49,	122281,	23767,	243278,	10603,	93.34,	85.44,	85.58,	
800000,	142.762,	125038,	21449,	243945,	9449,	93.35,	85.47,	85.74,	
850000,	151.305,	137982,	25978,	273826,	11694,	93.4,	85.61,	85.75,	
900000,	158.996,	140562,	23585,	274668,	10549,	93.53,	85.84,	86.05,	
950000,	166.013,	153629,	28113,	304462,	12801,	93.52,	85.85,	85.99,	
1000000,	172.812,	156030,	25648,	305264,	11607,	93.76,	86.41,	86.53,	

1000000,	172.812,	309659,	53761,	609726,	24408,	92.18,	82.86,	83.15,	
Pool,	TP,	FN,	TN,	FP
1,	6488,	3538,	6407,	1725,	
2,	33133,	8743,	29827,	1007,	
3,	60822,	9969,	86535,	6607,	
4,	86816,	19593,	175329,	7573,	
5,	122400,	11918,	311628,	7496,	





OzaBagAdaHT-ProcessRBF
Speed Change:,	0.001,	Centroids:,	100,	DriftCentroid:	100
GracePeriod:,	200,	TieThreshold:,	0.05,	BinarySplit:,	false,	BaseClassifier:,	HT,	
EnsembleSize:,	5
Count,	Time,	TP,	FN,	TN,	FP,	Accu,	Kappa,	Kpa_t,	Mem,	Depth,	TSize,	DcNod,	ActLf,	InacLf,	Reset,	Alter,	Switch,	Prune,	ClOp0,	ClOp1,	ClOp2,	ClOp3
50000,	9.581,	19913,	3748,	22682,	3654,	85.19,	70.29,	70.19,	
100000,	18.206,	20804,	2799,	24253,	2144,	90.11,	80.14,	80.22,	
150000,	26.625,	41168,	6286,	46993,	5550,	91.13,	82.2,	82.19,	
200000,	34.619,	42058,	5142,	48810,	3987,	91.63,	83.18,	83.14,	
250000,	42.388,	62158,	8531,	71917,	7211,	92.19,	84.29,	84.38,	
300000,	49.628,	63400,	7370,	73650,	5562,	92.39,	84.72,	84.7,	
350000,	56.633,	83119,	10740,	96823,	8719,	92.57,	85.06,	85.09,	
400000,	63.297,	83691,	9564,	98767,	6949,	92.84,	85.6,	85.55,	
450000,	69.433,	102190,	12849,	121835,	10122,	92.98,	85.88,	85.89,	
500000,	75.214,	102069,	11609,	123697,	8355,	93.1,	86.14,	86.02,	
550000,	81.547,	120300,	14954,	146897,	11489,	93.06,	86.04,	86.01,	
600000,	92.796,	119696,	13724,	148745,	9695,	93.09,	86.11,	86.0,	
650000,	103.331,	137668,	17012,	171952,	12897,	93.07,	86.07,	86.13,	
700000,	113.578,	137339,	15718,	173763,	11055,	93.29,	86.52,	86.56,	
750000,	123.547,	155121,	19062,	197075,	14153,	93.39,	86.71,	86.71,	
800000,	132.592,	154852,	17746,	198904,	12379,	93.3,	86.52,	86.52,	
850000,	141.354,	172654,	21061,	222207,	15491,	93.33,	86.58,	86.62,	
900000,	150.911,	172393,	19694,	224236,	13728,	93.41,	86.73,	86.78,	
950000,	159.516,	190924,	22995,	247176,	16805,	93.5,	86.96,	86.98,	
1000000,	166.891,	189744,	21690,	249559,	15020,	93.42,	86.77,	86.8,	

1000000,	166.891,	380668,	44685,	496735,	31825,	92.35,	84.62,	84.63,	
Pool,	TP,	FN,	TN,	FP
1,	5744,	3192,	6946,	2374,	
2,	35381,	6390,	26612,	4391,	
3,	51048,	8216,	94786,	9618,	
4,	95481,	9675,	175426,	9809,	
5,	193014,	17212,	192965,	5633,	





OzaBagAdaHT-ProcessRBF
Speed Change:,	0.01,	Centroids:,	100,	DriftCentroid:	100
GracePeriod:,	200,	TieThreshold:,	0.05,	BinarySplit:,	false,	BaseClassifier:,	HT,	
EnsembleSize:,	5
Count,	Time,	TP,	FN,	TN,	FP,	Accu,	Kappa,	Kpa_t,	Mem,	Depth,	TSize,	DcNod,	ActLf,	InacLf,	Reset,	Alter,	Switch,	Prune,	ClOp0,	ClOp1,	ClOp2,	ClOp3
50000,	9.799,	24272,	3072,	17760,	4893,	84.07,	67.63,	67.65,	
100000,	19.691,	26268,	1111,	19764,	2857,	92.06,	83.87,	83.95,	
150000,	30.651,	50704,	3986,	37867,	7440,	93.08,	85.95,	86.04,	
200000,	40.242,	52852,	1905,	40058,	5185,	93.76,	87.32,	87.38,	
250000,	48.249,	77324,	4737,	58240,	9696,	93.99,	87.79,	87.95,	
300000,	56.047,	79464,	2645,	60497,	7394,	94.1,	88.03,	88.11,	
350000,	63.264,	103996,	5510,	78618,	11873,	94.1,	88.02,	88.14,	
400000,	69.924,	106093,	3397,	80969,	9541,	94.2,	88.23,	88.23,	
450000,	75.921,	130555,	6312,	99184,	13938,	94.27,	88.37,	88.43,	
500000,	81.515,	132382,	4152,	101593,	11542,	94.49,	88.82,	88.84,	
550000,	87.599,	157049,	7061,	119833,	15984,	94.41,	88.67,	88.7,	
600000,	100.131,	159238,	4849,	122098,	13443,	94.8,	89.44,	89.4,	
650000,	111.736,	183458,	7756,	140458,	17960,	94.66,	89.16,	89.17,	
700000,	121.535,	185346,	5558,	142654,	15365,	94.74,	89.31,	89.34,	
750000,	131.413,	209440,	8422,	161240,	19917,	94.75,	89.37,	89.4,	
800000,	140.342,	210982,	6260,	163400,	17324,	94.68,	89.22,	89.24,	
850000,	148.732,	234884,	9101,	181782,	21779,	94.92,	89.67,	89.77,	
900000,	157.158,	236333,	6969,	184170,	19284,	94.66,	89.19,	89.28,	
950000,	164.789,	260045,	9809,	202416,	23643,	94.86,	89.56,	89.54,	
1000000,	171.843,	260879,	7637,	204950,	21144,	94.94,	89.75,	89.8,	

1000000,	171.843,	520924,	17446,	407366,	44787,	93.78,	87.37,	87.42,	
Pool,	TP,	FN,	TN,	FP
1,	5915,	515,	7405,	4338,	
2,	59902,	2816,	8252,	1338,	
3,	102676,	4426,	44095,	10375,	
4,	105808,	2670,	172291,	4291,	
5,	246623,	7019,	175323,	24445,	





OzaBagAdaHT-ProcessRBF
Speed Change:,	0.1,	Centroids:,	100,	DriftCentroid:	100
GracePeriod:,	200,	TieThreshold:,	0.05,	BinarySplit:,	false,	BaseClassifier:,	HT,	
EnsembleSize:,	5
Count,	Time,	TP,	FN,	TN,	FP,	Accu,	Kappa,	Kpa_t,	Mem,	Depth,	TSize,	DcNod,	ActLf,	InacLf,	Reset,	Alter,	Switch,	Prune,	ClOp0,	ClOp1,	ClOp2,	ClOp3
50000,	11.747,	17010,	5498,	23095,	4392,	80.21,	59.85,	59.74,	
100000,	20.213,	19903,	2656,	24738,	2703,	89.28,	78.36,	78.44,	
150000,	28.255,	37234,	7993,	48089,	6679,	90.44,	80.7,	80.78,	
200000,	35.647,	40358,	4986,	49832,	4824,	91.1,	82.04,	81.97,	
250000,	42.778,	57788,	10189,	73342,	8676,	91.61,	83.08,	83.03,	
300000,	49.75,	60550,	7211,	75534,	6705,	91.79,	83.38,	83.23,	
350000,	56.097,	78402,	12268,	98849,	10476,	92.24,	84.33,	84.33,	
400000,	62.001,	81149,	9235,	101229,	8387,	92.59,	85.02,	85.07,	
450000,	67.527,	98996,	14197,	124661,	12141,	92.81,	85.47,	85.54,	
500000,	72.873,	101787,	11270,	126863,	10080,	92.54,	84.94,	85.1,	
550000,	78.668,	119613,	16155,	150482,	13745,	92.88,	85.6,	85.62,	
600000,	89.056,	122543,	13196,	152483,	11778,	92.75,	85.37,	85.49,	
650000,	98.955,	140199,	18095,	176246,	15455,	92.7,	85.24,	85.29,	
700000,	108.313,	143233,	15054,	178140,	13500,	92.84,	85.54,	85.55,	
750000,	117.23,	161049,	19944,	201945,	17057,	93.1,	86.07,	86.11,	
800000,	126.013,	163928,	16924,	203909,	15122,	93.02,	85.89,	85.98,	
850000,	134.002,	181784,	21684,	227729,	18735,	93.16,	86.19,	86.34,	
900000,	141.592,	184408,	18676,	229730,	16764,	93.21,	86.29,	86.29,	
950000,	148.663,	202578,	23490,	253524,	20287,	93.28,	86.44,	86.42,	
1000000,	155.379,	204732,	20460,	255428,	18353,	93.25,	86.38,	86.5,	

1000000,	155.379,	407310,	43950,	508952,	38640,	91.74,	83.31,	83.36,	
Pool,	TP,	FN,	TN,	FP
1,	5046,	1177,	8885,	3087,	
2,	39271,	6628,	21523,	5277,	
3,	82621,	5537,	70170,	4820,	
4,	109002,	7439,	162947,	10677,	
5,	171370,	23169,	245427,	14779,	





OzaBagAdaHT-ProcessRBF
Speed Change:,	1.0,	Centroids:,	100,	DriftCentroid:	100
GracePeriod:,	200,	TieThreshold:,	0.05,	BinarySplit:,	false,	BaseClassifier:,	HT,	
EnsembleSize:,	5
Count,	Time,	TP,	FN,	TN,	FP,	Accu,	Kappa,	Kpa_t,	Mem,	Depth,	TSize,	DcNod,	ActLf,	InacLf,	Reset,	Alter,	Switch,	Prune,	ClOp0,	ClOp1,	ClOp2,	ClOp3
50000,	9.379,	20783,	3020,	23008,	3186,	87.58,	75.12,	75.17,	
100000,	17.282,	21605,	1978,	24920,	1497,	93.05,	86.04,	86.06,	
150000,	25.298,	42758,	4690,	48180,	4369,	94.29,	88.54,	88.51,	
200000,	32.515,	43646,	3528,	50210,	2616,	94.66,	89.28,	89.3,	
250000,	39.491,	65004,	6155,	73442,	5396,	95.02,	90.0,	89.98,	
300000,	46.124,	65757,	4945,	75352,	3746,	94.91,	89.78,	89.77,	
350000,	52.584,	86144,	7518,	98609,	6477,	95.11,	90.19,	90.21,	
400000,	58.522,	86573,	6353,	100700,	4764,	95.15,	90.26,	90.23,	
450000,	64.252,	106940,	8852,	123832,	7511,	95.26,	90.5,	90.51,	
500000,	69.861,	107114,	7624,	126128,	5791,	95.4,	90.77,	90.78,	
550000,	76.156,	127220,	10110,	149180,	8520,	95.47,	90.9,	90.88,	
600000,	86.819,	126796,	11591,	147750,	10520,	82.61,	65.17,	65.17,	
650000,	95.422,	147720,	13140,	173272,	10898,	89.18,	78.26,	78.42,	
700000,	103.633,	147969,	14010,	171959,	12719,	90.76,	81.46,	81.53,	
750000,	111.419,	169378,	15271,	197300,	13081,	91.37,	82.71,	82.66,	
800000,	119.15,	169962,	15994,	196028,	14673,	92.12,	84.22,	84.24,	
850000,	126.504,	191052,	17256,	221735,	14944,	92.3,	84.56,	84.49,	
900000,	133.583,	190986,	17991,	220497,	16495,	92.36,	84.68,	84.76,	
950000,	139.934,	212381,	19215,	246369,	16633,	92.7,	85.36,	85.39,	
1000000,	145.906,	211645,	19876,	245016,	18173,	92.87,	85.71,	85.7,	

1000000,	145.906,	424026,	39091,	491385,	34806,	92.61,	85.17,	85.18,	
Pool,	TP,	FN,	TN,	FP
1,	3782,	1172,	10036,	3205,	
2,	28044,	2803,	36945,	5021,	
3,	94426,	15885,	47056,	6212,	
4,	102112,	4926,	165660,	9357,	
5,	195662,	14305,	231688,	11011,	





OzaBagAdaHT-ProcessRBF
Speed Change:,	0.01,	Centroids:,	50,	DriftCentroid:	50
GracePeriod:,	200,	TieThreshold:,	0.05,	BinarySplit:,	false,	BaseClassifier:,	HT,	
EnsembleSize:,	5
Count,	Time,	TP,	FN,	TN,	FP,	Accu,	Kappa,	Kpa_t,	Mem,	Depth,	TSize,	DcNod,	ActLf,	InacLf,	Reset,	Alter,	Switch,	Prune,	ClOp0,	ClOp1,	ClOp2,	ClOp3
50000,	9.129,	20083,	3770,	21767,	4376,	83.71,	67.38,	67.63,	
100000,	17.407,	21208,	2436,	23471,	2885,	89.36,	78.67,	78.53,	
150000,	25.157,	41339,	5981,	45812,	6864,	90.6,	81.15,	81.17,	
200000,	32.483,	42823,	4412,	47667,	5098,	91.62,	83.2,	83.2,	
250000,	39.518,	63039,	7971,	70100,	8886,	91.98,	83.91,	84.0,	
300000,	46.194,	64612,	6268,	72024,	7096,	92.29,	84.54,	84.53,	
350000,	52.714,	85056,	9713,	94378,	10849,	92.59,	85.15,	85.15,	
400000,	58.806,	86681,	7896,	96397,	9026,	92.88,	85.74,	85.68,	
450000,	64.684,	107151,	11330,	118791,	12666,	93.13,	86.24,	86.22,	
500000,	70.038,	108581,	9565,	120951,	10886,	92.94,	85.84,	85.87,	
550000,	76.038,	128723,	12909,	143282,	14406,	93.36,	86.7,	86.72,	
600000,	86.576,	129669,	11276,	145621,	12689,	92.97,	85.9,	85.89,	
650000,	96.444,	149475,	14554,	167891,	16153,	93.22,	86.39,	86.5,	
700000,	105.562,	150333,	12817,	170144,	14451,	93.39,	86.76,	86.77,	
750000,	114.379,	170447,	16119,	192600,	17874,	93.43,	86.82,	86.77,	
800000,	123.018,	171182,	14479,	194855,	16136,	93.31,	86.57,	86.53,	
850000,	132.278,	191177,	17632,	217230,	19558,	93.61,	87.18,	87.16,	
900000,	140.581,	191014,	15976,	219542,	17802,	93.67,	87.32,	87.3,	
950000,	149.164,	210852,	19117,	241938,	21269,	93.61,	87.18,	87.23,	
1000000,	156.338,	211253,	17497,	244149,	19490,	93.58,	87.13,	87.11,	

1000000,	156.338,	422105,	36614,	486087,	40759,	92.26,	84.49,	84.49,	
Pool,	TP,	FN,	TN,	FP
1,	6126,	2281,	6786,	2900,	
2,	35191,	4181,	29789,	3573,	
3,	75343,	8332,	65328,	9866,	
4,	70682,	5954,	199253,	15131,	
5,	234763,	15866,	184931,	9289,	





OzaBagAdaHT-ProcessRBF
Speed Change:,	0.01,	Centroids:,	100,	DriftCentroid:	100
GracePeriod:,	200,	TieThreshold:,	0.05,	BinarySplit:,	false,	BaseClassifier:,	HT,	
EnsembleSize:,	5
Count,	Time,	TP,	FN,	TN,	FP,	Accu,	Kappa,	Kpa_t,	Mem,	Depth,	TSize,	DcNod,	ActLf,	InacLf,	Reset,	Alter,	Switch,	Prune,	ClOp0,	ClOp1,	ClOp2,	ClOp3
50000,	10.265,	29105,	1574,	13676,	5641,	85.57,	68.33,	69.68,	
100000,	20.102,	29743,	1040,	16350,	2867,	92.19,	83.19,	83.54,	
150000,	29.697,	58673,	2513,	30688,	8122,	93.16,	85.41,	85.45,	
200000,	37.932,	59502,	1926,	33464,	5108,	93.75,	86.65,	86.88,	
250000,	46.132,	88470,	3330,	47946,	10230,	94.15,	87.52,	87.6,	
300000,	54.394,	89332,	2761,	50825,	7082,	94.38,	88.02,	88.18,	
350000,	61.462,	118104,	4074,	65297,	12157,	94.66,	88.59,	88.7,	
400000,	68.192,	119053,	3490,	68280,	9027,	94.65,	88.61,	88.73,	
450000,	74.49,	148003,	4796,	82683,	14082,	94.71,	88.7,	88.82,	
500000,	80.573,	148509,	4235,	85824,	10906,	94.75,	88.84,	89.01,	
550000,	87.083,	177411,	5527,	100101,	15897,	94.91,	89.13,	89.18,	
600000,	98.617,	176427,	4955,	103296,	12797,	94.78,	88.87,	88.98,	
650000,	109.896,	205035,	6207,	117733,	17694,	95.05,	89.46,	89.65,	
700000,	120.928,	204156,	5655,	120886,	14511,	95.17,	89.71,	89.85,	
750000,	131.473,	232338,	6923,	135329,	19427,	95.1,	89.57,	89.7,	
800000,	141.733,	231462,	6324,	138445,	16214,	95.26,	89.88,	89.96,	
850000,	150.96,	259103,	7613,	152879,	21160,	95.15,	89.67,	89.72,	
900000,	159.735,	258450,	7022,	155996,	17873,	95.29,	89.94,	90.06,	
950000,	167.81,	285487,	8270,	170452,	22896,	95.21,	89.8,	89.96,	
1000000,	175.747,	284077,	7720,	173759,	19612,	95.13,	89.66,	89.8,	

1000000,	175.747,	569564,	15990,	344211,	42508,	94.15,	87.51,	87.67,	
Pool,	TP,	FN,	TN,	FP
1,	8930,	1163,	5431,	2648,	
2,	19313,	1538,	39974,	11791,	
3,	78908,	2219,	67596,	13267,	
4,	217533,	4738,	49357,	4509,	
5,	244880,	6332,	181853,	10293,	





OzaBagAdaHT-ProcessRBF
Speed Change:,	0.01,	Centroids:,	150,	DriftCentroid:	100
GracePeriod:,	200,	TieThreshold:,	0.05,	BinarySplit:,	false,	BaseClassifier:,	HT,	
EnsembleSize:,	5
Count,	Time,	TP,	FN,	TN,	FP,	Accu,	Kappa,	Kpa_t,	Mem,	Depth,	TSize,	DcNod,	ActLf,	InacLf,	Reset,	Alter,	Switch,	Prune,	ClOp0,	ClOp1,	ClOp2,	ClOp3
50000,	10.371,	15195,	5356,	26402,	3044,	83.2,	64.69,	65.04,	
100000,	19.484,	17490,	3337,	27016,	2157,	89.01,	77.21,	77.28,	
150000,	28.714,	32993,	8171,	53805,	5028,	90.4,	80.07,	80.12,	
200000,	36.841,	35422,	5976,	54625,	3977,	91.08,	81.48,	81.61,	
250000,	45.298,	51415,	10667,	81094,	6821,	91.42,	82.29,	82.23,	
300000,	53.187,	53696,	8395,	82248,	5661,	91.79,	83.0,	83.27,	
350000,	60.398,	68740,	12991,	108603,	8507,	91.98,	83.42,	83.42,	
400000,	67.073,	70330,	10624,	109820,	7286,	92.29,	84.07,	84.06,	
450000,	73.21,	85369,	15116,	136345,	10196,	92.37,	84.2,	84.24,	
500000,	78.951,	87230,	12796,	137438,	8853,	92.52,	84.55,	84.68,	
550000,	85.193,	102135,	17242,	164142,	11766,	92.61,	84.69,	84.78,	
600000,	97.101,	104334,	14883,	165156,	10362,	92.81,	85.13,	85.29,	
650000,	107.975,	119223,	19313,	191911,	13273,	92.84,	85.2,	85.32,	
700000,	118.046,	121387,	17036,	192937,	11837,	92.74,	84.98,	85.07,	
750000,	127.74,	136374,	21330,	219761,	14820,	92.87,	85.24,	85.25,	
800000,	136.927,	138337,	19015,	220808,	13317,	93.08,	85.68,	85.7,	
850000,	145.609,	152960,	23312,	247748,	16257,	93.16,	85.83,	85.88,	
900000,	153.928,	154877,	20937,	248833,	14738,	93.31,	86.14,	86.17,	
950000,	161.211,	169562,	25275,	275627,	17703,	93.18,	85.89,	85.99,	
1000000,	168.013,	171177,	22822,	276882,	16091,	93.52,	86.58,	86.61,	

1000000,	168.013,	340739,	48097,	552509,	33794,	91.81,	83.03,	83.11,	
Pool,	TP,	FN,	TN,	FP
1,	3415,	2159,	9155,	3425,	
2,	31208,	6517,	30555,	4480,	
3,	56522,	8430,	91912,	6746,	
4,	132473,	21399,	122981,	9623,	
5,	117121,	9592,	297906,	9520,	





OzaBagAdaHT-ProcessRBF
Speed Change:,	0.01,	Centroids:,	200,	DriftCentroid:	100
GracePeriod:,	200,	TieThreshold:,	0.05,	BinarySplit:,	false,	BaseClassifier:,	HT,	
EnsembleSize:,	5
Count,	Time,	TP,	FN,	TN,	FP,	Accu,	Kappa,	Kpa_t,	Mem,	Depth,	TSize,	DcNod,	ActLf,	InacLf,	Reset,	Alter,	Switch,	Prune,	ClOp0,	ClOp1,	ClOp2,	ClOp3
50000,	9.638,	15720,	4620,	27404,	2254,	86.25,	70.98,	71.39,	
100000,	17.639,	17901,	2459,	28084,	1556,	91.97,	83.25,	83.45,	
150000,	25.246,	33999,	6726,	55823,	3450,	93.4,	86.23,	86.38,	
200000,	32.66,	36204,	4541,	56545,	2710,	93.53,	86.5,	86.61,	
250000,	39.579,	52573,	8698,	84090,	4603,	93.75,	87.02,	87.16,	
300000,	46.101,	54832,	6421,	84986,	3761,	94.14,	87.81,	87.85,	
350000,	52.586,	71184,	10558,	112533,	5652,	94.18,	87.9,	87.99,	
400000,	58.707,	73291,	8126,	113598,	4791,	94.53,	88.61,	88.69,	
450000,	64.372,	88491,	12320,	140948,	6742,	94.3,	88.15,	88.26,	
500000,	69.556,	90920,	9726,	142149,	5888,	94.61,	88.78,	88.77,	
550000,	75.585,	105575,	13929,	169442,	7845,	94.58,	88.73,	88.77,	
600000,	85.907,	108187,	11322,	170642,	6911,	94.76,	89.12,	89.14,	
650000,	95.527,	123182,	15545,	197853,	8884,	94.69,	88.99,	89.12,	
700000,	104.838,	125447,	12925,	199207,	7947,	94.72,	89.03,	89.09,	
750000,	113.41,	140473,	17114,	226170,	9991,	94.65,	88.91,	88.97,	
800000,	121.54,	141716,	14488,	227805,	8909,	94.95,	89.5,	89.55,	
850000,	129.353,	156257,	18699,	254764,	10986,	94.84,	89.27,	89.37,	
900000,	136.703,	157665,	16038,	256493,	9876,	94.97,	89.52,	89.63,	
950000,	143.572,	171973,	20167,	283436,	11988,	95.06,	89.73,	89.79,	
1000000,	149.996,	174008,	17585,	285172,	10829,	95.0,	89.6,	89.62,	

1000000,	149.996,	345981,	37752,	568608,	22817,	93.94,	87.4,	87.48,	
Pool,	TP,	FN,	TN,	FP
1,	6570,	4292,	6760,	611,	
2,	19228,	2898,	46710,	3851,	
3,	67386,	12796,	79049,	4586,	
4,	96730,	7560,	168459,	6645,	
5,	156067,	10206,	267630,	7124,	





OzaBagAdaHT-ProcessRBF
Speed Change:,	0.01,	Centroids:,	250,	DriftCentroid:	100
GracePeriod:,	200,	TieThreshold:,	0.05,	BinarySplit:,	false,	BaseClassifier:,	HT,	
EnsembleSize:,	5
Count,	Time,	TP,	FN,	TN,	FP,	Accu,	Kappa,	Kpa_t,	Mem,	Depth,	TSize,	DcNod,	ActLf,	InacLf,	Reset,	Alter,	Switch,	Prune,	ClOp0,	ClOp1,	ClOp2,	ClOp3
50000,	9.337,	28215,	2507,	14851,	4423,	86.14,	70.19,	70.64,	
100000,	17.464,	29232,	1539,	16632,	2597,	91.73,	82.34,	82.48,	
150000,	25.36,	57735,	4000,	31570,	6691,	92.48,	83.9,	84.02,	
200000,	33.115,	58769,	2888,	33680,	4663,	93.17,	85.43,	85.52,	
250000,	40.736,	85958,	5328,	48845,	8668,	93.39,	85.95,	86.12,	
300000,	48.08,	86751,	4040,	51132,	6511,	94.0,	87.26,	87.32,	
350000,	55.088,	113257,	6521,	66265,	10528,	93.89,	87.03,	87.16,	
400000,	61.756,	113981,	5216,	68672,	8269,	94.13,	87.55,	87.59,	
450000,	68.075,	140477,	7608,	83640,	12245,	94.39,	88.04,	88.0,	
500000,	73.82,	140837,	6247,	86124,	10013,	94.45,	88.18,	88.25,	
550000,	80.09,	167570,	8614,	101143,	13943,	94.59,	88.49,	88.55,	
600000,	91.067,	167589,	7289,	103734,	11596,	94.75,	88.84,	88.92,	
650000,	101.504,	194117,	9625,	118772,	15691,	94.48,	88.29,	88.32,	
700000,	111.347,	192654,	8288,	121593,	13195,	94.8,	89.01,	89.08,	
750000,	120.833,	218866,	10639,	136480,	17300,	94.75,	88.87,	89.05,	
800000,	129.726,	218050,	9295,	139290,	14735,	94.91,	89.18,	89.2,	
850000,	138.308,	243851,	11579,	154261,	18893,	94.93,	89.26,	89.26,	
900000,	146.31,	242881,	10349,	156975,	16261,	94.84,	89.04,	89.0,	
950000,	153.921,	268801,	12632,	172096,	20444,	94.79,	88.98,	89.02,	
1000000,	160.999,	267985,	11339,	174812,	17790,	94.96,	89.33,	89.28,	

1000000,	160.999,	536786,	23971,	346908,	38234,	93.78,	86.77,	86.84,	
Pool,	TP,	FN,	TN,	FP
1,	7684,	1266,	7449,	1829,	
2,	40887,	3080,	24516,	4328,	
3,	76879,	5745,	65582,	15489,	
4,	170291,	5159,	98638,	12108,	
5,	241045,	8721,	150723,	4480,	





OzaBagAdaHT-ProcessRBF
Speed Change:,	0.01,	Centroids:,	100,	DriftCentroid:	20
GracePeriod:,	200,	TieThreshold:,	0.05,	BinarySplit:,	false,	BaseClassifier:,	HT,	
EnsembleSize:,	5
Count,	Time,	TP,	FN,	TN,	FP,	Accu,	Kappa,	Kpa_t,	Mem,	Depth,	TSize,	DcNod,	ActLf,	InacLf,	Reset,	Alter,	Switch,	Prune,	ClOp0,	ClOp1,	ClOp2,	ClOp3
50000,	9.144,	22732,	4008,	19165,	4086,	83.81,	67.45,	67.45,	
100000,	16.862,	24070,	2534,	21081,	2315,	90.3,	80.53,	80.4,	
150000,	24.425,	47138,	6086,	40730,	6037,	91.94,	83.83,	83.83,	
200000,	31.672,	48781,	4464,	42585,	4170,	92.43,	84.8,	84.82,	
250000,	38.908,	72031,	7950,	62126,	7884,	92.58,	85.08,	84.99,	
300000,	45.866,	73705,	6227,	64194,	5874,	93.07,	86.07,	86.17,	
350000,	52.529,	96722,	9721,	83825,	9604,	93.02,	85.98,	86.08,	
400000,	59.042,	98390,	7911,	85752,	7476,	93.43,	86.79,	86.88,	
450000,	64.918,	120492,	11328,	105428,	11223,	93.55,	87.03,	87.04,	
500000,	70.486,	122304,	9421,	107448,	9080,	93.77,	87.48,	87.51,	
550000,	76.419,	143022,	12854,	127261,	12844,	93.71,	87.36,	87.44,	
600000,	87.155,	144417,	10973,	129216,	10569,	93.92,	87.78,	87.84,	
650000,	97.234,	165099,	14342,	149116,	14373,	93.97,	87.88,	87.9,	
700000,	106.89,	166861,	12475,	150912,	12075,	93.98,	87.91,	87.98,	
750000,	116.07,	186938,	15776,	171117,	15797,	94.28,	88.52,	88.47,	
800000,	124.789,	188494,	13986,	172644,	13592,	93.94,	87.83,	87.82,	
850000,	133.232,	208555,	17276,	192997,	17223,	94.15,	88.24,	88.16,	
900000,	141.086,	209710,	15487,	194489,	15034,	94.11,	88.17,	88.1,	
950000,	148.856,	229847,	18798,	214754,	18664,	94.07,	88.09,	88.09,	
1000000,	156.037,	230855,	16919,	216163,	16505,	94.19,	88.32,	88.41,	

1000000,	156.037,	460702,	35717,	430917,	35169,	92.91,	85.76,	85.77,	
Pool,	TP,	FN,	TN,	FP
1,	10373,	1767,	3644,	2414,	
2,	22685,	4587,	40435,	5053,	
3,	82509,	5719,	67230,	5724,	
4,	111466,	4841,	152695,	14103,	
5,	233669,	18803,	166913,	7875,	





OzaBagAdaHT-ProcessRBF
Speed Change:,	0.01,	Centroids:,	100,	DriftCentroid:	40
GracePeriod:,	200,	TieThreshold:,	0.05,	BinarySplit:,	false,	BaseClassifier:,	HT,	
EnsembleSize:,	5
Count,	Time,	TP,	FN,	TN,	FP,	Accu,	Kappa,	Kpa_t,	Mem,	Depth,	TSize,	DcNod,	ActLf,	InacLf,	Reset,	Alter,	Switch,	Prune,	ClOp0,	ClOp1,	ClOp2,	ClOp3
50000,	10.163,	25618,	2555,	18908,	2916,	89.05,	77.71,	77.7,	
100000,	18.06,	26957,	1270,	19826,	1947,	93.57,	86.87,	86.92,	
150000,	25.901,	52781,	3657,	38913,	4646,	94.34,	88.44,	88.47,	
200000,	33.542,	54078,	2359,	40111,	3420,	94.88,	89.56,	89.55,	
250000,	41.083,	79762,	4660,	59340,	6152,	94.98,	89.78,	89.83,	
300000,	48.038,	80291,	3338,	60399,	4837,	95.21,	90.22,	90.26,	
350000,	55.114,	103784,	5534,	79702,	7550,	95.46,	90.73,	90.78,	
400000,	61.455,	103208,	4240,	81163,	6193,	95.48,	90.83,	90.84,	
450000,	67.383,	127393,	6468,	100112,	8854,	95.52,	90.87,	90.89,	
500000,	72.97,	126246,	5152,	101792,	7430,	95.7,	91.25,	91.34,	
550000,	79.045,	149985,	7349,	120702,	10169,	95.61,	91.06,	91.11,	
600000,	89.392,	148775,	6013,	122434,	8675,	95.79,	91.43,	91.46,	
650000,	99.536,	172065,	8250,	141366,	11422,	95.69,	91.24,	91.28,	
700000,	109.184,	171196,	6898,	143189,	9834,	95.91,	91.69,	91.7,	
750000,	118.229,	194382,	9101,	161996,	12697,	95.75,	91.35,	91.37,	
800000,	127.582,	192733,	7775,	163731,	11015,	95.88,	91.61,	91.63,	
850000,	136.821,	215846,	9944,	182720,	13876,	95.96,	91.77,	91.77,	
900000,	145.043,	214102,	8623,	184419,	12220,	95.89,	91.64,	91.57,	
950000,	152.853,	236842,	10807,	203544,	15048,	95.93,	91.73,	91.79,	
1000000,	160.17,	235216,	9481,	205204,	13400,	95.92,	91.71,	91.71,	

1000000,	160.17,	472058,	20288,	408748,	28448,	95.13,	90.08,	90.1,	
Pool,	TP,	FN,	TN,	FP
1,	7970,	1738,	5794,	2714,	
2,	41873,	4965,	23995,	1863,	
3,	94072,	2962,	58608,	7189,	
4,	132950,	5802,	99304,	5966,	
5,	195193,	4821,	221047,	10716,	





OzaBagAdaHT-ProcessRBF
Speed Change:,	0.01,	Centroids:,	100,	DriftCentroid:	60
GracePeriod:,	200,	TieThreshold:,	0.05,	BinarySplit:,	false,	BaseClassifier:,	HT,	
EnsembleSize:,	5
Count,	Time,	TP,	FN,	TN,	FP,	Accu,	Kappa,	Kpa_t,	Mem,	Depth,	TSize,	DcNod,	ActLf,	InacLf,	Reset,	Alter,	Switch,	Prune,	ClOp0,	ClOp1,	ClOp2,	ClOp3
50000,	10.329,	17072,	4095,	25798,	3032,	85.74,	70.6,	70.97,	
100000,	19.477,	18354,	2803,	27049,	1794,	90.81,	81.05,	81.25,	
150000,	27.962,	35674,	6558,	52913,	4852,	91.43,	82.36,	82.48,	
200000,	36.14,	37320,	5012,	54194,	3474,	92.22,	84.02,	84.12,	
250000,	43.789,	54534,	8736,	80373,	6354,	92.64,	84.83,	84.96,	
300000,	51.171,	56354,	7133,	81493,	5020,	92.67,	84.92,	84.93,	
350000,	58.335,	73799,	10774,	107612,	7812,	93.01,	85.65,	85.52,	
400000,	64.869,	75565,	9212,	108813,	6410,	93.06,	85.75,	85.82,	
450000,	70.959,	92969,	12739,	135081,	9208,	93.28,	86.18,	86.28,	
500000,	76.733,	94711,	11189,	136323,	7777,	93.31,	86.24,	86.22,	
550000,	83.121,	112144,	14649,	162619,	10585,	93.43,	86.48,	86.5,	
600000,	95.093,	113993,	13054,	163841,	9111,	93.6,	86.85,	86.84,	
650000,	106.15,	131254,	16514,	190283,	11946,	93.55,	86.71,	86.78,	
700000,	116.717,	132937,	14968,	191488,	10407,	93.58,	86.78,	86.73,	
750000,	127.361,	149921,	18377,	217939,	13202,	93.76,	87.16,	87.23,	
800000,	136.771,	151682,	16823,	219037,	11612,	93.88,	87.43,	87.49,	
850000,	146.424,	168533,	20212,	245478,	14406,	93.92,	87.52,	87.65,	
900000,	155.405,	170242,	18700,	246630,	12866,	93.74,	87.12,	87.08,	
950000,	163.542,	186352,	22033,	272971,	15711,	93.75,	87.16,	87.24,	
1000000,	171.046,	188310,	20492,	274039,	14136,	93.88,	87.44,	87.43,	

1000000,	171.046,	374662,	42525,	547010,	29847,	92.76,	85.12,	85.17,	
Pool,	TP,	FN,	TN,	FP
1,	5472,	3121,	7234,	2382,	
2,	15760,	3229,	51190,	2580,	
3,	47786,	8790,	103035,	4020,	
4,	172778,	14585,	94835,	3411,	
5,	132866,	12800,	290716,	17454,	





OzaBagAdaHT-ProcessRBF
Speed Change:,	0.01,	Centroids:,	100,	DriftCentroid:	80
GracePeriod:,	200,	TieThreshold:,	0.05,	BinarySplit:,	false,	BaseClassifier:,	HT,	
EnsembleSize:,	5
Count,	Time,	TP,	FN,	TN,	FP,	Accu,	Kappa,	Kpa_t,	Mem,	Depth,	TSize,	DcNod,	ActLf,	InacLf,	Reset,	Alter,	Switch,	Prune,	ClOp0,	ClOp1,	ClOp2,	ClOp3
50000,	10.661,	19900,	5032,	19201,	5861,	78.21,	56.43,	56.35,	
100000,	20.248,	20984,	3789,	21771,	3456,	85.51,	71.01,	71.02,	
150000,	29.432,	41289,	8389,	41657,	8659,	87.69,	75.37,	75.4,	
200000,	38.266,	42851,	7006,	43926,	6217,	88.04,	76.09,	76.13,	
250000,	46.54,	63019,	11443,	64236,	11296,	88.62,	77.23,	77.13,	
300000,	54.337,	64557,	10172,	66604,	8667,	88.77,	77.53,	77.43,	
350000,	62.019,	84811,	14370,	87060,	13753,	89.23,	78.46,	78.38,	
400000,	69.241,	86485,	12988,	89396,	11131,	89.44,	78.87,	79.01,	
450000,	75.858,	106994,	17169,	109545,	16286,	89.34,	78.67,	78.59,	
500000,	82.197,	108583,	15685,	112259,	13473,	89.92,	79.84,	79.75,	
550000,	89.321,	128758,	19905,	132480,	18512,	90.08,	80.15,	80.05,	
600000,	101.762,	130608,	18416,	135143,	15809,	89.87,	79.73,	79.85,	
650000,	113.349,	150774,	22545,	155347,	20775,	90.19,	80.39,	80.39,	
700000,	124.222,	152819,	20951,	158119,	18074,	90.4,	80.8,	80.9,	
750000,	134.468,	172376,	25086,	178322,	23003,	90.46,	80.92,	80.91,	
800000,	144.377,	174636,	23522,	181050,	20342,	90.32,	80.64,	80.69,	
850000,	153.755,	194194,	27607,	201273,	25226,	90.51,	81.02,	80.96,	
900000,	162.667,	196763,	26001,	203946,	22543,	90.64,	81.28,	81.18,	
950000,	171.231,	215268,	30132,	224165,	27524,	90.35,	80.71,	80.69,	
1000000,	179.209,	217595,	28431,	226856,	24723,	90.78,	81.56,	81.52,	

1000000,	179.209,	432863,	58563,	451021,	52247,	88.92,	77.84,	77.82,	
Pool,	TP,	FN,	TN,	FP
1,	5527,	2860,	7784,	1970,	
2,	35728,	6572,	23617,	6817,	
3,	58758,	9672,	87569,	7411,	
4,	153675,	8531,	115524,	9762,	
5,	179175,	30928,	216527,	26287,	





OzaBagAdaHT-ProcessRBF
Speed Change:,	0.01,	Centroids:,	100,	DriftCentroid:	100
GracePeriod:,	200,	TieThreshold:,	0.05,	BinarySplit:,	false,	BaseClassifier:,	HT,	
EnsembleSize:,	5
Count,	Time,	TP,	FN,	TN,	FP,	Accu,	Kappa,	Kpa_t,	Mem,	Depth,	TSize,	DcNod,	ActLf,	InacLf,	Reset,	Alter,	Switch,	Prune,	ClOp0,	ClOp1,	ClOp2,	ClOp3
50000,	10.919,	30905,	1631,	10934,	6526,	83.68,	61.61,	64.28,	
100000,	20.546,	30948,	1239,	13622,	4191,	89.14,	75.41,	76.31,	
150000,	29.537,	62570,	2699,	24628,	10099,	90.72,	78.74,	79.43,	
200000,	38.114,	62614,	2246,	27620,	7520,	91.33,	80.23,	80.92,	
250000,	46.34,	94179,	3714,	38884,	13219,	91.73,	81.23,	81.68,	
300000,	54.145,	94028,	3279,	42157,	10536,	91.9,	81.75,	82.16,	
350000,	61.5,	125662,	4677,	53473,	16184,	92.14,	82.29,	82.71,	
400000,	68.525,	125530,	4303,	56811,	13356,	92.31,	82.68,	82.95,	
450000,	75.115,	157100,	5630,	68293,	18973,	92.52,	83.2,	83.79,	
500000,	81.348,	157139,	5185,	71501,	16041,	92.87,	83.88,	84.38,	
550000,	87.761,	188661,	6566,	82968,	21719,	92.64,	83.38,	83.76,	
600000,	101.228,	187623,	6090,	86226,	18738,	92.8,	83.75,	84.11,	
650000,	113.375,	219246,	7475,	97756,	24374,	92.87,	83.94,	84.35,	
700000,	124.983,	218336,	7012,	101124,	21343,	92.95,	84.15,	84.46,	
750000,	135.684,	250082,	8385,	112522,	27007,	92.91,	84.02,	84.4,	
800000,	145.89,	248685,	7899,	116097,	23786,	93.34,	85.02,	85.39,	
850000,	155.017,	280240,	9286,	127584,	29619,	92.97,	84.28,	84.55,	
900000,	163.211,	279421,	8706,	130872,	26348,	93.26,	84.76,	85.18,	
950000,	171.797,	310040,	10169,	142580,	32206,	93.06,	84.43,	84.82,	
1000000,	179.511,	309478,	9515,	145852,	28896,	93.29,	84.91,	85.26,	

1000000,	179.511,	619518,	19684,	288432,	61102,	91.92,	81.73,	82.24,	
Pool,	TP,	FN,	TN,	FP
1,	7476,	766,	6224,	3700,	
2,	24739,	3003,	35230,	9792,	
3,	103964,	3718,	49087,	5914,	
4,	156583,	4163,	100950,	21603,	
5,	326756,	8034,	96941,	20093,	





OzaBagAdaHT-ProcessRBF
Speed Change:,	0.01,	Centroids:,	100,	DriftCentroid:	100
GracePeriod:,	200,	TieThreshold:,	0.05,	BinarySplit:,	false,	BaseClassifier:,	HT,	
EnsembleSize:,	5
Count,	Time,	TP,	FN,	TN,	FP,	Accu,	Kappa,	Kpa_t,	Mem,	Depth,	TSize,	DcNod,	ActLf,	InacLf,	Reset,	Alter,	Switch,	Prune,	ClOp0,	ClOp1,	ClOp2,	ClOp3
50000,	12.925,	24554,	3683,	16594,	5165,	82.3,	63.72,	64.36,	
100000,	23.372,	26215,	2080,	18267,	3438,	88.96,	77.37,	77.64,	
150000,	33.216,	51156,	5488,	35206,	8146,	90.43,	80.36,	80.5,	
200000,	42.436,	52872,	3705,	37203,	6220,	91.19,	81.95,	82.07,	
250000,	51.174,	77833,	6961,	54367,	10835,	91.68,	82.98,	83.13,	
300000,	59.089,	79766,	5086,	56224,	8924,	91.83,	83.26,	83.35,	
350000,	66.684,	104715,	8333,	73445,	13503,	91.92,	83.45,	83.55,	
400000,	74.294,	106754,	6425,	75358,	11463,	92.24,	84.1,	84.28,	
450000,	82.463,	131737,	9587,	92637,	16035,	92.43,	84.49,	84.43,	
500000,	88.867,	133822,	7767,	94545,	13866,	92.51,	84.65,	84.79,	
550000,	95.747,	158649,	10938,	111895,	18482,	92.4,	84.45,	84.56,	
600000,	108.929,	160679,	9064,	113897,	16270,	92.6,	84.85,	84.91,	
650000,	120.832,	185039,	12257,	131166,	20885,	92.56,	84.75,	84.77,	
700000,	131.916,	186485,	10363,	133531,	18568,	92.81,	85.32,	85.39,	
750000,	142.547,	211122,	13592,	150578,	23124,	92.85,	85.37,	85.41,	
800000,	152.619,	212065,	11675,	152772,	20855,	92.8,	85.24,	85.31,	
850000,	161.794,	236277,	14853,	169941,	25399,	92.93,	85.51,	85.61,	
900000,	170.586,	237261,	12965,	172249,	23077,	92.98,	85.63,	85.63,	
950000,	178.798,	261915,	16084,	189146,	27663,	93.01,	85.65,	85.58,	
1000000,	186.555,	262443,	14205,	191838,	25311,	93.05,	85.8,	85.81,	

1000000,	186.555,	524358,	30289,	380984,	52974,	91.67,	82.95,	83.04,	
Pool,	TP,	FN,	TN,	FP
1,	5100,	967,	9466,	2674,	
2,	35862,	4570,	28167,	4090,	
3,	70636,	3494,	74390,	15144,	
4,	126174,	11596,	134056,	17296,	
5,	286586,	9662,	134905,	13770,	





OzaBagAdaHT-ProcessRBF
Speed Change:,	0.01,	Centroids:,	100,	DriftCentroid:	100
GracePeriod:,	400,	TieThreshold:,	0.05,	BinarySplit:,	false,	BaseClassifier:,	HT,	
EnsembleSize:,	5
Count,	Time,	TP,	FN,	TN,	FP,	Accu,	Kappa,	Kpa_t,	Mem,	Depth,	TSize,	DcNod,	ActLf,	InacLf,	Reset,	Alter,	Switch,	Prune,	ClOp0,	ClOp1,	ClOp2,	ClOp3
50000,	10.137,	14334,	5845,	27585,	2233,	83.84,	65.43,	66.51,	
100000,	18.703,	16932,	3449,	28222,	1397,	90.31,	79.61,	79.76,	
150000,	27.019,	31698,	8692,	56170,	3437,	91.9,	82.96,	83.28,	
200000,	35.077,	34717,	6032,	56704,	2547,	92.53,	84.37,	84.53,	
250000,	43.06,	49694,	11110,	84547,	4646,	92.75,	84.85,	84.92,	
300000,	51.008,	52765,	8270,	85222,	3743,	93.13,	85.64,	85.77,	
350000,	58.222,	67841,	13490,	112933,	5733,	93.07,	85.54,	85.71,	
400000,	65.439,	70782,	10446,	113729,	4892,	93.35,	86.11,	86.17,	
450000,	73.267,	85366,	15697,	141492,	6763,	93.53,	86.48,	86.61,	
500000,	79.353,	87626,	12581,	142355,	5962,	93.59,	86.6,	86.67,	
550000,	85.737,	102420,	17853,	170078,	7756,	93.7,	86.85,	86.99,	
600000,	98.211,	103784,	14711,	171108,	6962,	93.74,	86.89,	87.02,	
650000,	108.277,	118205,	20019,	198748,	8739,	93.7,	86.83,	86.97,	
700000,	118.03,	119713,	16858,	199868,	7903,	93.82,	87.07,	87.18,	
750000,	127.052,	133780,	22088,	227687,	9711,	93.92,	87.23,	87.39,	
800000,	135.593,	135576,	18963,	228687,	8830,	93.94,	87.3,	87.42,	
850000,	143.888,	149359,	24092,	256444,	10613,	94.19,	87.85,	87.97,	
900000,	151.761,	151105,	21000,	257263,	9696,	94.19,	87.91,	88.02,	
950000,	158.954,	164769,	26134,	285401,	11588,	93.97,	87.33,	87.34,	
1000000,	165.852,	166688,	23055,	286040,	10614,	94.05,	87.56,	87.66,	

1000000,	165.852,	331457,	49189,	571441,	22202,	92.86,	85.05,	85.2,	
Pool,	TP,	FN,	TN,	FP
1,	10285,	3418,	3579,	885,	
2,	23711,	6441,	40336,	2353,	
3,	52747,	10781,	98111,	2159,	
4,	137972,	21405,	112691,	5045,	
5,	106742,	7144,	316724,	11760,	





OzaBagAdaHT-ProcessRBF
Speed Change:,	0.01,	Centroids:,	100,	DriftCentroid:	100
GracePeriod:,	800,	TieThreshold:,	0.05,	BinarySplit:,	false,	BaseClassifier:,	HT,	
EnsembleSize:,	5
Count,	Time,	TP,	FN,	TN,	FP,	Accu,	Kappa,	Kpa_t,	Mem,	Depth,	TSize,	DcNod,	ActLf,	InacLf,	Reset,	Alter,	Switch,	Prune,	ClOp0,	ClOp1,	ClOp2,	ClOp3
50000,	10.002,	24581,	2391,	18850,	4174,	86.87,	73.42,	73.59,	
100000,	18.445,	25402,	1510,	20758,	2330,	92.32,	84.51,	84.61,	
150000,	27.305,	50197,	3665,	39755,	6379,	93.04,	85.96,	86.01,	
200000,	35.54,	51170,	2788,	41730,	4312,	93.48,	86.84,	86.92,	
250000,	43.543,	75829,	4895,	61090,	8182,	93.93,	87.78,	87.72,	
300000,	51.943,	76920,	3949,	63105,	6026,	94.25,	88.41,	88.37,	
350000,	59.976,	101531,	6104,	82503,	9858,	94.23,	88.38,	88.41,	
400000,	67.543,	102604,	5086,	84478,	7632,	94.51,	88.94,	88.88,	
450000,	75.83,	126945,	7218,	103978,	11420,	94.65,	89.21,	89.31,	
500000,	82.302,	127516,	6160,	106051,	9168,	94.78,	89.49,	89.55,	
550000,	89.578,	151755,	8298,	125281,	13041,	94.6,	89.1,	89.08,	
600000,	103.323,	151435,	7199,	127474,	10780,	94.7,	89.31,	89.32,	
650000,	114.365,	175725,	9318,	146799,	14565,	94.91,	89.74,	89.82,	
700000,	124.814,	175019,	8162,	148929,	12373,	94.89,	89.69,	89.7,	
750000,	134.761,	198580,	10311,	168193,	16072,	95.0,	89.91,	89.83,	
800000,	144.462,	197377,	9225,	170583,	13925,	94.77,	89.47,	89.48,	
850000,	153.539,	221253,	11350,	189872,	17603,	94.86,	89.65,	89.64,	
900000,	162.167,	218703,	10194,	192124,	15424,	95.06,	90.05,	90.04,	
950000,	170.056,	242437,	12390,	211544,	19120,	94.89,	89.7,	89.79,	
1000000,	177.388,	240791,	11263,	213623,	16925,	94.86,	89.64,	89.67,	

1000000,	177.388,	483228,	23653,	425167,	36045,	94.03,	87.96,	87.99,	
Pool,	TP,	FN,	TN,	FP
1,	5873,	868,	8933,	2535,	
2,	27657,	3562,	33209,	8326,	
3,	96383,	5975,	55804,	3400,	
4,	164741,	8028,	95397,	12210,	
5,	188574,	5220,	231824,	9574,	





OzaBagAdaHT-ProcessRBF
Speed Change:,	0.01,	Centroids:,	100,	DriftCentroid:	100
GracePeriod:,	1600,	TieThreshold:,	0.05,	BinarySplit:,	false,	BaseClassifier:,	HT,	
EnsembleSize:,	5
Count,	Time,	TP,	FN,	TN,	FP,	Accu,	Kappa,	Kpa_t,	Mem,	Depth,	TSize,	DcNod,	ActLf,	InacLf,	Reset,	Alter,	Switch,	Prune,	ClOp0,	ClOp1,	ClOp2,	ClOp3
50000,	9.782,	13275,	5780,	28021,	2921,	82.59,	62.01,	63.11,	
100000,	18.139,	16224,	3130,	28753,	1893,	89.95,	78.58,	78.76,	
150000,	26.168,	29884,	8453,	57191,	4469,	91.56,	81.99,	82.31,	
200000,	34.182,	32992,	5752,	58074,	3182,	92.18,	83.32,	83.61,	
250000,	41.973,	46564,	10781,	86874,	5778,	92.73,	84.4,	84.62,	
300000,	49.288,	50027,	8058,	87420,	4495,	92.76,	84.6,	84.92,	
350000,	55.601,	63458,	13002,	116594,	6943,	93.23,	85.51,	85.73,	
400000,	61.95,	66939,	10373,	117071,	5617,	93.13,	85.31,	85.45,	
450000,	67.518,	80519,	15190,	146211,	8077,	93.36,	85.82,	85.84,	
500000,	72.786,	83862,	12611,	146905,	6621,	93.52,	86.11,	86.19,	
550000,	78.676,	96551,	17439,	175759,	9123,	93.41,	85.97,	86.18,	
600000,	89.43,	100927,	14697,	176574,	7724,	93.62,	86.4,	86.54,	
650000,	99.483,	113123,	19587,	205351,	10225,	93.5,	86.15,	86.17,	
700000,	109.028,	117791,	16802,	206312,	8784,	93.67,	86.48,	86.63,	
750000,	118.215,	129533,	21537,	235093,	11295,	93.96,	87.12,	87.26,	
800000,	126.807,	133960,	18820,	235968,	9933,	93.67,	86.49,	86.57,	
850000,	134.406,	146501,	23455,	264663,	12371,	94.01,	87.28,	87.34,	
900000,	141.603,	150352,	20819,	265680,	11025,	93.82,	86.81,	86.93,	
950000,	148.164,	163419,	25522,	294296,	13366,	93.88,	86.97,	87.14,	
1000000,	154.093,	166595,	22730,	295307,	12113,	94.0,	87.24,	87.31,	

1000000,	154.093,	330014,	48252,	589603,	25479,	92.63,	84.25,	84.43,	
Pool,	TP,	FN,	TN,	FP
1,	4898,	4615,	8201,	491,	
2,	29041,	3369,	37660,	2705,	
3,	61675,	7552,	87540,	6713,	
4,	93185,	22392,	168307,	7229,	
5,	141215,	10324,	287895,	8341,	





OzaBagAdaHT-ProcessRBF
Speed Change:,	0.01,	Centroids:,	100,	DriftCentroid:	100
GracePeriod:,	3200,	TieThreshold:,	0.05,	BinarySplit:,	false,	BaseClassifier:,	HT,	
EnsembleSize:,	5
Count,	Time,	TP,	FN,	TN,	FP,	Accu,	Kappa,	Kpa_t,	Mem,	Depth,	TSize,	DcNod,	ActLf,	InacLf,	Reset,	Alter,	Switch,	Prune,	ClOp0,	ClOp1,	ClOp2,	ClOp3
50000,	8.863,	24947,	3424,	15907,	5720,	81.71,	62.26,	62.97,	
100000,	16.568,	26525,	1902,	18789,	2784,	90.63,	80.8,	80.88,	
150000,	24.195,	51538,	5166,	35228,	8066,	91.82,	83.3,	83.43,	
200000,	31.354,	53156,	3506,	38496,	4842,	92.68,	85.07,	85.04,	
250000,	38.136,	78478,	6639,	54837,	10044,	93.1,	85.89,	85.94,	
300000,	44.696,	79981,	4918,	58318,	6783,	93.29,	86.32,	86.36,	
350000,	50.769,	105475,	7972,	74597,	11954,	93.51,	86.75,	86.73,	
400000,	56.433,	107063,	6138,	78090,	8709,	93.71,	87.14,	87.19,	
450000,	61.526,	132549,	9119,	94485,	13845,	93.92,	87.59,	87.65,	
500000,	66.326,	134157,	7328,	98010,	10505,	94.03,	87.81,	87.87,	
550000,	71.887,	159702,	10268,	114348,	15680,	94.03,	87.81,	87.87,	
600000,	82.011,	161192,	8449,	118072,	12287,	94.19,	88.16,	88.23,	
650000,	91.405,	186984,	11376,	134257,	17381,	94.38,	88.52,	88.47,	
700000,	100.401,	188344,	9571,	138097,	13988,	94.35,	88.48,	88.47,	
750000,	108.792,	214087,	12436,	154444,	19031,	94.58,	88.95,	89.09,	
800000,	116.795,	215597,	10635,	158060,	15628,	94.59,	88.95,	89.03,	
850000,	124.152,	241324,	13483,	174565,	20626,	94.72,	89.21,	89.33,	
900000,	131.236,	243058,	11714,	177911,	17231,	94.64,	89.02,	88.98,	
950000,	138.927,	268523,	14544,	194552,	22279,	94.57,	88.91,	88.93,	
1000000,	145.324,	269941,	12765,	198014,	18791,	94.78,	89.34,	89.32,	

1000000,	145.324,	538464,	27309,	392566,	41070,	93.16,	86.03,	86.08,	
Pool,	TP,	FN,	TN,	FP
1,	8540,	1243,	6358,	2067,	
2,	39684,	2972,	27108,	2947,	
3,	84539,	5239,	66261,	7614,	
4,	161633,	5833,	110732,	12860,	
5,	244068,	12022,	182107,	15582,	





OzaBagAdaHT-ProcessRBF
Speed Change:,	0.01,	Centroids:,	100,	DriftCentroid:	100
GracePeriod:,	200,	TieThreshold:,	0.001,	BinarySplit:,	false,	BaseClassifier:,	HT,	
EnsembleSize:,	5
Count,	Time,	TP,	FN,	TN,	FP,	Accu,	Kappa,	Kpa_t,	Mem,	Depth,	TSize,	DcNod,	ActLf,	InacLf,	Reset,	Alter,	Switch,	Prune,	ClOp0,	ClOp1,	ClOp2,	ClOp3
50000,	8.44,	17221,	7888,	16480,	8409,	67.4,	34.8,	34.38,	
100000,	14.753,	16674,	8234,	17157,	7935,	67.66,	35.32,	35.13,	
150000,	20.576,	34060,	16159,	33420,	16359,	67.56,	35.12,	35.34,	
200000,	25.913,	33503,	16640,	34160,	15697,	67.66,	35.34,	35.2,	
250000,	30.734,	50913,	24451,	50412,	24222,	67.69,	35.38,	35.31,	
300000,	35.558,	50283,	24859,	51358,	23500,	67.96,	35.91,	35.94,	
350000,	39.576,	67793,	32642,	67370,	32193,	67.68,	35.35,	35.33,	
400000,	42.973,	67199,	32909,	68520,	31372,	68.16,	36.31,	36.34,	
450000,	46.601,	84631,	40938,	84378,	40051,	67.69,	35.39,	35.5,	
500000,	49.039,	84206,	41093,	85416,	39285,	67.81,	35.61,	35.04,	
550000,	51.964,	101398,	49334,	101359,	47907,	67.5,	35.0,	34.58,	
600000,	59.047,	101154,	49309,	102539,	46998,	68.14,	36.29,	36.25,	
650000,	65.517,	118189,	57607,	118444,	55758,	67.75,	35.51,	34.93,	
700000,	71.48,	117726,	57602,	119709,	54963,	67.48,	34.96,	34.95,	
750000,	76.929,	134834,	66142,	135535,	63487,	67.47,	34.96,	34.98,	
800000,	81.932,	134587,	65890,	136808,	62715,	67.92,	35.85,	36.23,	
850000,	87.161,	151518,	74510,	152703,	71267,	67.7,	35.41,	35.27,	
900000,	91.303,	151177,	74027,	154069,	70727,	67.7,	35.39,	35.66,	
950000,	95.084,	168441,	82838,	169783,	78936,	68.01,	36.02,	35.76,	
1000000,	98.122,	167871,	82380,	171242,	78507,	67.73,	35.47,	35.36,	

1000000,	98.122,	336312,	165218,	341025,	157443,	67.73,	35.47,	35.38,	
Pool,	TP,	FN,	TN,	FP
1,	5456,	7101,	2197,	3446,	
2,	2015,	16327,	32888,	21562,	
3,	77762,	22396,	48217,	15417,	
4,	112581,	59083,	91895,	27475,	
5,	138498,	60311,	165828,	89543,	





OzaBagAdaHT-ProcessRBF
Speed Change:,	0.01,	Centroids:,	100,	DriftCentroid:	100
GracePeriod:,	200,	TieThreshold:,	0.005,	BinarySplit:,	false,	BaseClassifier:,	HT,	
EnsembleSize:,	5
Count,	Time,	TP,	FN,	TN,	FP,	Accu,	Kappa,	Kpa_t,	Mem,	Depth,	TSize,	DcNod,	ActLf,	InacLf,	Reset,	Alter,	Switch,	Prune,	ClOp0,	ClOp1,	ClOp2,	ClOp3
50000,	8.281,	22596,	5360,	10900,	11141,	66.99,	31.14,	32.95,	
100000,	14.63,	22446,	5353,	11326,	10875,	67.54,	32.58,	34.68,	
150000,	21.133,	45688,	10076,	27132,	17101,	78.65,	56.5,	56.82,	
200000,	27.982,	46229,	9230,	28717,	15824,	82.35,	64.13,	64.51,	
250000,	33.9,	70421,	13172,	45010,	21394,	85.22,	69.9,	70.02,	
300000,	39.215,	71236,	12123,	46614,	20027,	85.81,	71.05,	71.32,	
350000,	43.854,	95478,	16025,	62908,	25586,	85.91,	71.25,	71.27,	
400000,	48.039,	96527,	14811,	64586,	24076,	86.53,	72.48,	72.56,	
450000,	52.018,	120700,	18589,	81087,	29621,	86.8,	73.09,	73.38,	
500000,	55.168,	121679,	17444,	82883,	27994,	86.9,	73.31,	73.33,	
550000,	59.16,	146031,	21137,	99355,	33474,	87.2,	73.89,	74.05,	
600000,	67.219,	146937,	19965,	101280,	31818,	87.31,	74.15,	74.24,	
650000,	74.931,	171385,	23713,	118135,	36764,	88.27,	76.13,	76.38,	
700000,	82.109,	172249,	22485,	120260,	35006,	88.58,	76.8,	76.74,	
750000,	88.903,	196718,	26036,	137410,	39833,	89.22,	78.12,	78.1,	
800000,	95.247,	197774,	24734,	139522,	37970,	89.57,	78.82,	78.93,	
850000,	101.347,	222204,	28278,	156633,	42882,	89.42,	78.5,	78.67,	
900000,	106.455,	223460,	26934,	158678,	40928,	89.68,	79.01,	79.1,	
950000,	111.215,	247894,	30418,	175819,	45866,	89.75,	79.16,	79.36,	
1000000,	115.098,	249153,	29055,	177851,	43941,	89.73,	79.12,	79.24,	

1000000,	115.098,	497047,	59473,	353670,	89807,	85.07,	69.55,	69.78,	
Pool,	TP,	FN,	TN,	FP
1,	5807,	4118,	5080,	3111,	
2,	43756,	16951,	8249,	3799,	
3,	75047,	15811,	62175,	10458,	
4,	137587,	15033,	93530,	44891,	
5,	234850,	7560,	184636,	27548,	





OzaBagAdaHT-ProcessRBF
Speed Change:,	0.01,	Centroids:,	100,	DriftCentroid:	100
GracePeriod:,	200,	TieThreshold:,	0.01,	BinarySplit:,	false,	BaseClassifier:,	HT,	
EnsembleSize:,	5
Count,	Time,	TP,	FN,	TN,	FP,	Accu,	Kappa,	Kpa_t,	Mem,	Depth,	TSize,	DcNod,	ActLf,	InacLf,	Reset,	Alter,	Switch,	Prune,	ClOp0,	ClOp1,	ClOp2,	ClOp3
50000,	9.143,	16316,	6776,	22502,	4404,	77.64,	54.68,	55.41,	
100000,	19.718,	17935,	5044,	23454,	3567,	82.78,	65.16,	65.35,	
150000,	30.216,	35541,	10773,	46002,	7682,	85.45,	70.69,	70.79,	
200000,	39.495,	37601,	8696,	47189,	6514,	86.8,	73.43,	73.48,	
250000,	48.191,	55607,	13835,	70159,	10397,	88.45,	76.74,	76.78,	
300000,	56.535,	57922,	11621,	71384,	9073,	89.03,	77.93,	77.89,	
350000,	62.861,	76134,	16493,	94466,	12905,	89.67,	79.22,	79.22,	
400000,	68.447,	78677,	14040,	95696,	11587,	90.13,	80.17,	80.12,	
450000,	72.887,	97139,	18844,	118793,	15222,	90.66,	81.25,	81.17,	
500000,	76.701,	99660,	16368,	120148,	13824,	90.87,	81.65,	81.55,	
550000,	81.377,	117932,	21056,	143557,	17453,	91.11,	82.12,	82.13,	
600000,	90.097,	120727,	18641,	144777,	15855,	91.39,	82.7,	82.51,	
650000,	98.305,	138859,	23310,	168386,	19443,	91.51,	82.92,	82.88,	
700000,	105.658,	141776,	20858,	169424,	17942,	91.39,	82.69,	82.69,	
750000,	112.507,	160145,	25356,	193061,	21436,	91.92,	83.77,	83.71,	
800000,	118.868,	162875,	22912,	194289,	19924,	91.93,	83.76,	83.76,	
850000,	124.849,	181299,	27412,	217823,	23464,	91.83,	83.58,	83.49,	
900000,	130.229,	184130,	24998,	218959,	21913,	91.85,	83.62,	83.68,	
950000,	135.039,	202323,	29531,	242801,	25343,	92.0,	83.91,	83.9,	
1000000,	139.266,	205453,	27020,	243721,	23806,	92.17,	84.27,	84.4,	

1000000,	139.266,	407776,	56551,	486522,	49149,	89.43,	78.73,	78.73,	
Pool,	TP,	FN,	TN,	FP
1,	4756,	2876,	6202,	4329,	
2,	25282,	8258,	30374,	8793,	
3,	61961,	15237,	74258,	12057,	
4,	110430,	11885,	156325,	12339,	
5,	205347,	18295,	219363,	11631,	





OzaBagAdaHT-ProcessRBF
Speed Change:,	0.01,	Centroids:,	100,	DriftCentroid:	100
GracePeriod:,	200,	TieThreshold:,	0.05,	BinarySplit:,	false,	BaseClassifier:,	HT,	
EnsembleSize:,	5
Count,	Time,	TP,	FN,	TN,	FP,	Accu,	Kappa,	Kpa_t,	Mem,	Depth,	TSize,	DcNod,	ActLf,	InacLf,	Reset,	Alter,	Switch,	Prune,	ClOp0,	ClOp1,	ClOp2,	ClOp3
50000,	9.387,	22863,	3026,	18488,	5621,	82.7,	65.23,	65.29,	
100000,	19.371,	24271,	1684,	20857,	3188,	90.26,	80.44,	80.46,	
150000,	26.973,	47387,	4499,	39545,	8567,	91.16,	82.25,	82.31,	
200000,	34.736,	49028,	3021,	42066,	5885,	91.93,	83.79,	83.77,	
250000,	41.917,	72011,	5699,	61069,	11219,	92.3,	84.55,	84.62,	
300000,	48.627,	73888,	4151,	63531,	8430,	92.65,	85.24,	85.33,	
350000,	55.11,	96913,	6856,	82594,	13635,	92.85,	85.65,	85.59,	
400000,	61.297,	98700,	5354,	85038,	10908,	92.64,	85.22,	85.2,	
450000,	66.991,	121641,	7962,	104347,	16048,	92.96,	85.88,	85.84,	
500000,	72.221,	123748,	6453,	106583,	13216,	93.19,	86.31,	86.32,	
550000,	77.995,	146408,	9031,	126238,	18321,	93.32,	86.6,	86.64,	
600000,	90.385,	148654,	7495,	128346,	15505,	93.34,	86.63,	86.67,	
650000,	100.794,	171212,	10055,	147964,	20613,	93.37,	86.69,	86.65,	
700000,	110.227,	173581,	8531,	150066,	17822,	93.29,	86.54,	86.55,	
750000,	119.59,	196218,	11084,	169617,	22818,	93.53,	87.01,	86.99,	
800000,	128.08,	198377,	9590,	171780,	19970,	93.59,	87.12,	87.12,	
850000,	136.035,	221074,	12045,	191494,	24938,	93.84,	87.63,	87.69,	
900000,	143.695,	222923,	10695,	193674,	22076,	93.58,	87.11,	87.13,	
950000,	151.751,	245738,	13032,	213236,	27086,	93.73,	87.41,	87.45,	
1000000,	160.26,	247348,	11734,	215619,	24183,	93.71,	87.38,	87.38,	

1000000,	160.26,	493086,	24766,	428855,	51269,	92.4,	84.74,	84.75,	
Pool,	TP,	FN,	TN,	FP
1,	7882,	1044,	7028,	2309,	
2,	42211,	2727,	20461,	7292,	
3,	57160,	1857,	97236,	6373,	
4,	150255,	10144,	114881,	15297,	
5,	235578,	8994,	189249,	19998,	





OzaBagAdaHT-ProcessRBF
Speed Change:,	0.01,	Centroids:,	100,	DriftCentroid:	100
GracePeriod:,	200,	TieThreshold:,	0.1,	BinarySplit:,	false,	BaseClassifier:,	HT,	
EnsembleSize:,	5
Count,	Time,	TP,	FN,	TN,	FP,	Accu,	Kappa,	Kpa_t,	Mem,	Depth,	TSize,	DcNod,	ActLf,	InacLf,	Reset,	Alter,	Switch,	Prune,	ClOp0,	ClOp1,	ClOp2,	ClOp3
50000,	11.926,	24541,	2867,	18699,	3889,	86.48,	72.6,	72.63,	
100000,	21.928,	25152,	2029,	20238,	2581,	90.78,	81.38,	81.42,	
150000,	31.943,	49543,	4875,	39250,	6143,	91.48,	82.8,	82.68,	
200000,	41.559,	50357,	3907,	40766,	4763,	91.88,	83.6,	83.64,	
250000,	50.975,	74413,	6769,	59796,	8122,	92.25,	84.35,	84.26,	
300000,	59.758,	74315,	5762,	61474,	6796,	92.22,	84.31,	84.4,	
350000,	68.851,	97876,	8640,	80655,	10104,	92.29,	84.47,	84.55,	
400000,	76.857,	97346,	7572,	82319,	8719,	92.53,	84.94,	84.97,	
450000,	84.918,	120547,	10410,	101538,	11946,	92.78,	85.43,	85.41,	
500000,	92.54,	119400,	9318,	103155,	10535,	92.88,	85.62,	85.71,	
550000,	100.138,	142310,	12170,	122132,	13792,	92.79,	85.42,	85.51,	
600000,	112.05,	140549,	11029,	124142,	12338,	92.97,	85.83,	85.71,	
650000,	123.737,	163449,	13820,	142764,	15658,	92.97,	85.78,	85.86,	
700000,	134.581,	161229,	12767,	144970,	14159,	92.88,	85.63,	85.57,	
750000,	144.918,	183776,	15466,	163777,	17457,	93.11,	86.11,	86.06,	
800000,	154.766,	182068,	14459,	165993,	15898,	93.14,	86.16,	86.22,	
850000,	164.372,	203816,	17169,	184757,	19240,	93.03,	85.94,	85.84,	
900000,	173.373,	202550,	16102,	186755,	17698,	93.11,	86.09,	86.1,	
950000,	181.909,	223979,	18815,	205685,	21031,	93.13,	86.13,	86.21,	
1000000,	190.108,	222404,	17763,	207573,	19486,	93.1,	86.07,	86.14,	

1000000,	190.108,	446383,	36578,	413258,	40517,	92.29,	84.44,	84.45,	
Pool,	TP,	FN,	TN,	FP
1,	6082,	740,	9527,	1853,	
2,	21093,	3226,	40155,	7940,	
3,	74416,	2887,	69963,	5883,	
4,	148215,	18194,	104773,	11247,	
5,	196577,	11531,	188840,	13594,	





OzaBagAdaHT-ProcessRBF
Speed Change:,	0.01,	Centroids:,	100,	DriftCentroid:	100
GracePeriod:,	200,	TieThreshold:,	0.01,	BinarySplit:,	true,	BaseClassifier:,	HT,	
EnsembleSize:,	5
Count,	Time,	TP,	FN,	TN,	FP,	Accu,	Kappa,	Kpa_t,	Mem,	Depth,	TSize,	DcNod,	ActLf,	InacLf,	Reset,	Alter,	Switch,	Prune,	ClOp0,	ClOp1,	ClOp2,	ClOp3
50000,	8.647,	25621,	3869,	12209,	8298,	75.66,	47.99,	49.18,	
100000,	15.578,	26766,	2995,	12897,	7342,	79.33,	55.57,	56.88,	
150000,	22.096,	52302,	6938,	25623,	15134,	80.19,	57.64,	58.71,	
200000,	28.351,	53276,	6012,	27233,	13479,	81.69,	61.24,	62.18,	
250000,	34.093,	79633,	9307,	40214,	20843,	83.84,	65.61,	66.38,	
300000,	39.364,	80783,	8085,	42028,	19104,	84.6,	67.26,	67.93,	
350000,	44.187,	107021,	11355,	55303,	26318,	84.95,	68.13,	68.91,	
400000,	48.608,	108589,	9917,	56976,	24518,	85.51,	69.13,	69.79,	
450000,	52.469,	134972,	13125,	70219,	31681,	85.73,	69.56,	70.66,	
500000,	55.836,	136369,	11726,	72052,	29853,	85.71,	69.61,	70.42,	
550000,	59.797,	162719,	14751,	85522,	37005,	86.1,	70.54,	71.2,	
600000,	67.807,	164295,	13375,	87288,	35042,	86.32,	70.92,	71.88,	
650000,	75.347,	190416,	16538,	101343,	41700,	87.04,	72.62,	72.95,	
700000,	82.436,	192232,	14987,	103370,	39411,	88.04,	74.73,	75.26,	
750000,	89.11,	218283,	18103,	117598,	46013,	88.24,	75.23,	75.52,	
800000,	95.273,	220125,	16534,	119607,	43734,	88.26,	75.25,	75.62,	
850000,	100.947,	246295,	19661,	133760,	50281,	88.35,	75.39,	75.69,	
900000,	106.152,	247827,	18161,	136071,	47941,	88.33,	75.49,	75.83,	
950000,	110.833,	274041,	21273,	150246,	54437,	88.46,	75.76,	76.14,	
1000000,	114.997,	275768,	19843,	152362,	52027,	88.46,	75.66,	76.07,	

1000000,	114.997,	549809,	41116,	302608,	106464,	85.24,	68.7,	69.37,	
Pool,	TP,	FN,	TN,	FP
1,	10566,	3026,	888,	3754,	
2,	40382,	4652,	12895,	14598,	
3,	98257,	11328,	35636,	18453,	
4,	154770,	9772,	91809,	34388,	
5,	245834,	12338,	161380,	35271,	





OzaBagAdaHT-ProcessRBF
Speed Change:,	0.01,	Centroids:,	100,	DriftCentroid:	100
GracePeriod:,	200,	TieThreshold:,	0.01,	BinarySplit:,	true,	BaseClassifier:,	HT,	
EnsembleSize:,	5
Count,	Time,	TP,	FN,	TN,	FP,	Accu,	Kappa,	Kpa_t,	Mem,	Depth,	TSize,	DcNod,	ActLf,	InacLf,	Reset,	Alter,	Switch,	Prune,	ClOp0,	ClOp1,	ClOp2,	ClOp3
50000,	8.181,	16364,	6654,	22364,	4615,	77.46,	54.33,	54.79,	
100000,	14.993,	16956,	6177,	22470,	4397,	78.85,	57.24,	57.3,	
150000,	21.505,	33785,	12036,	45754,	8422,	81.62,	62.75,	62.75,	
200000,	27.717,	35307,	10994,	45845,	7854,	83.45,	66.59,	66.77,	
250000,	33.82,	52414,	16365,	69391,	11827,	84.53,	68.76,	68.73,	
300000,	39.357,	54709,	14641,	69560,	11090,	86.23,	72.26,	72.16,	
350000,	44.354,	71938,	19822,	93075,	15162,	86.42,	72.64,	72.67,	
400000,	48.877,	74121,	18071,	93502,	14306,	86.71,	73.2,	73.22,	
450000,	52.927,	91608,	23019,	117015,	18355,	87.22,	74.25,	74.23,	
500000,	56.415,	93923,	21196,	117327,	17554,	87.25,	74.34,	74.44,	
550000,	60.615,	111758,	25968,	140848,	21423,	87.97,	75.8,	75.68,	
600000,	68.982,	113978,	24184,	141212,	20626,	87.88,	75.62,	75.74,	
650000,	76.886,	131925,	28723,	164989,	24360,	88.62,	77.09,	77.04,	
700000,	84.019,	134136,	26964,	165509,	23391,	88.91,	77.67,	77.68,	
750000,	90.623,	152131,	31428,	189357,	27081,	89.15,	78.14,	77.94,	
800000,	96.801,	154371,	29674,	189818,	26137,	89.09,	78.03,	78.09,	
850000,	102.522,	172402,	34058,	213706,	29831,	89.24,	78.34,	78.21,	
900000,	107.678,	174613,	32228,	214324,	28835,	89.5,	78.84,	78.78,	
950000,	112.403,	192923,	36613,	238029,	32432,	89.69,	79.26,	79.21,	
1000000,	117.029,	194821,	34911,	238863,	31405,	89.49,	78.83,	78.95,	

1000000,	117.029,	387744,	71524,	476892,	63837,	86.46,	72.71,	72.72,	
Pool,	TP,	FN,	TN,	FP
1,	7554,	5720,	2536,	2364,	
2,	6178,	7001,	40230,	19364,	
3,	64723,	21655,	66955,	10128,	
4,	100385,	13342,	167645,	9635,	
5,	208904,	23806,	199526,	22346,	





OzaBagAdaHT-ProcessRBF
Speed Change:,	0.01,	Centroids:,	100,	DriftCentroid:	100
GracePeriod:,	200,	TieThreshold:,	0.01,	BinarySplit:,	true,	BaseClassifier:,	HT,	
EnsembleSize:,	5
Count,	Time,	TP,	FN,	TN,	FP,	Accu,	Kappa,	Kpa_t,	Mem,	Depth,	TSize,	DcNod,	ActLf,	InacLf,	Reset,	Alter,	Switch,	Prune,	ClOp0,	ClOp1,	ClOp2,	ClOp3
50000,	8.085,	8585,	11308,	25083,	5022,	67.34,	27.97,	32.23,	
100000,	15.042,	10533,	9291,	25196,	4980,	71.46,	38.05,	39.86,	
150000,	21.73,	21418,	18150,	51276,	9154,	78.05,	52.88,	53.94,	
200000,	27.776,	24718,	14791,	52356,	8135,	82.69,	62.97,	63.48,	
250000,	33.238,	36006,	23476,	78633,	11883,	83.89,	65.63,	66.54,	
300000,	38.564,	40260,	19284,	79829,	10627,	86.03,	70.42,	70.65,	
350000,	43.503,	51830,	27448,	106529,	14191,	87.44,	73.36,	73.9,	
400000,	48.082,	56473,	22984,	107601,	12942,	87.97,	74.6,	74.83,	
450000,	52.224,	68116,	31042,	134461,	16379,	88.44,	75.57,	75.93,	
500000,	55.832,	73133,	26287,	135637,	14943,	89.39,	77.64,	77.91,	
550000,	59.899,	84810,	34072,	162582,	18534,	89.63,	78.12,	78.3,	
600000,	68.672,	90008,	29204,	163643,	17145,	89.76,	78.46,	78.58,	
650000,	76.403,	101608,	37144,	190623,	20623,	89.68,	78.27,	78.51,	
700000,	83.802,	106826,	32242,	191731,	19201,	89.81,	78.54,	78.64,	
750000,	90.588,	118606,	39997,	218784,	22611,	90.32,	79.63,	79.8,	
800000,	96.833,	123873,	35062,	219784,	21281,	90.2,	79.41,	79.38,	
850000,	102.535,	135929,	42741,	246725,	24603,	90.53,	80.17,	80.37,	
900000,	107.761,	140957,	37838,	247969,	23236,	90.54,	80.1,	80.08,	
950000,	112.687,	153004,	45409,	275088,	26497,	90.88,	80.78,	80.99,	
1000000,	116.975,	158181,	40543,	276117,	25159,	90.74,	80.57,	80.67,	

1000000,	116.975,	311185,	85952,	551205,	51656,	86.24,	70.83,	71.24,	
Pool,	TP,	FN,	TN,	FP
1,	5808,	2647,	7400,	2326,	
2,	19836,	13654,	35824,	3455,	
3,	24277,	7016,	112043,	20304,	
4,	160076,	33374,	86746,	10835,	
5,	101188,	29261,	309192,	14736,	





OzaBagAdaHT-ProcessRBF
Speed Change:,	0.01,	Centroids:,	100,	DriftCentroid:	100
GracePeriod:,	200,	TieThreshold:,	0.01,	BinarySplit:,	true,	BaseClassifier:,	HT,	
EnsembleSize:,	5
Count,	Time,	TP,	FN,	TN,	FP,	Accu,	Kappa,	Kpa_t,	Mem,	Depth,	TSize,	DcNod,	ActLf,	InacLf,	Reset,	Alter,	Switch,	Prune,	ClOp0,	ClOp1,	ClOp2,	ClOp3
50000,	7.829,	12852,	6446,	25926,	4774,	77.56,	51.88,	52.64,	
100000,	14.556,	13680,	5481,	28141,	2698,	83.64,	64.42,	65.14,	
150000,	20.86,	27485,	11327,	54026,	7160,	85.47,	68.74,	69.34,	
200000,	26.713,	28370,	10328,	56323,	4979,	85.74,	69.34,	70.24,	
250000,	32.244,	42200,	15968,	82620,	9210,	86.62,	71.09,	71.7,	
300000,	37.459,	43380,	14637,	85238,	6745,	87.85,	73.74,	74.18,	
350000,	42.141,	57756,	19781,	111495,	10966,	88.86,	76.07,	76.64,	
400000,	46.462,	59164,	18329,	113890,	8617,	88.87,	76.2,	76.79,	
450000,	50.208,	73409,	23518,	140253,	12818,	88.82,	76.03,	76.34,	
500000,	53.388,	75015,	21909,	142650,	10426,	89.22,	76.94,	77.31,	
550000,	57.052,	89271,	26890,	169253,	14584,	89.72,	77.95,	78.39,	
600000,	64.969,	91036,	25165,	171529,	12270,	89.8,	78.17,	78.59,	
650000,	72.604,	105629,	29941,	198113,	16315,	90.44,	79.61,	79.89,	
700000,	79.637,	107369,	28200,	200618,	13813,	90.84,	80.43,	80.68,	
750000,	85.965,	121892,	32851,	227462,	17793,	91.22,	81.17,	81.49,	
800000,	91.844,	124155,	30953,	229763,	15129,	91.86,	82.68,	82.99,	
850000,	97.339,	138399,	35592,	256963,	19044,	92.02,	82.89,	83.03,	
900000,	102.238,	140702,	33691,	259150,	16457,	91.87,	82.6,	82.79,	
950000,	106.616,	155093,	38294,	286354,	20257,	92.17,	83.28,	83.53,	
1000000,	110.517,	157568,	36303,	288506,	17623,	92.44,	83.9,	84.03,	

1000000,	110.517,	312661,	74597,	574860,	37880,	88.75,	75.88,	76.29,	
Pool,	TP,	FN,	TN,	FP
1,	4741,	6603,	6023,	769,	
2,	21457,	12932,	30638,	7753,	
3,	86481,	18817,	48852,	9415,	
4,	48723,	22858,	209822,	9578,	
5,	151259,	13387,	279525,	10365,	





OzaBagAdaHT-ProcessRBF
Speed Change:,	0.01,	Centroids:,	100,	DriftCentroid:	100
GracePeriod:,	200,	TieThreshold:,	0.01,	BinarySplit:,	true,	BaseClassifier:,	HT,	
EnsembleSize:,	5
Count,	Time,	TP,	FN,	TN,	FP,	Accu,	Kappa,	Kpa_t,	Mem,	Depth,	TSize,	DcNod,	ActLf,	InacLf,	Reset,	Alter,	Switch,	Prune,	ClOp0,	ClOp1,	ClOp2,	ClOp3
50000,	8.754,	21168,	5841,	15200,	7787,	72.74,	44.78,	45.1,	
100000,	15.834,	22903,	3820,	16521,	6756,	78.85,	57.15,	57.45,	
150000,	22.294,	44814,	9063,	32104,	14015,	81.1,	61.64,	62.17,	
200000,	28.397,	47169,	6473,	33518,	12840,	82.53,	64.47,	64.97,	
250000,	34.127,	69011,	11659,	50008,	19318,	84.2,	67.99,	68.27,	
300000,	39.338,	71240,	9203,	51984,	17573,	85.07,	69.82,	70.01,	
350000,	44.178,	93146,	14357,	69111,	23382,	86.48,	72.7,	72.92,	
400000,	48.52,	95354,	11889,	71425,	21332,	87.11,	74.0,	73.96,	
450000,	52.384,	117250,	17025,	88799,	26922,	87.58,	74.98,	75.03,	
500000,	55.791,	119660,	14511,	90959,	24870,	87.68,	75.14,	75.31,	
550000,	59.61,	141436,	19521,	108665,	30374,	88.1,	76.04,	75.97,	
600000,	67.532,	143905,	16902,	110825,	28368,	88.22,	76.27,	76.0,	
650000,	75.31,	165679,	21988,	128680,	33649,	88.52,	76.87,	76.98,	
700000,	82.289,	168344,	19305,	130546,	31805,	88.32,	76.44,	76.26,	
750000,	88.754,	190097,	24343,	148698,	36858,	88.87,	77.58,	77.67,	
800000,	94.707,	192688,	21733,	150654,	34925,	88.9,	77.65,	77.52,	
850000,	100.201,	214470,	26725,	168793,	40008,	88.94,	77.71,	77.74,	
900000,	105.217,	217088,	23993,	170851,	38068,	89.19,	78.24,	78.42,	
950000,	109.721,	239157,	28942,	188700,	43197,	89.19,	78.18,	78.24,	
1000000,	113.75,	241448,	26190,	191191,	41171,	89.4,	78.67,	78.5,	

1000000,	113.75,	480605,	55132,	379891,	84368,	86.05,	71.84,	71.92,	
Pool,	TP,	FN,	TN,	FP
1,	9866,	1768,	2952,	3602,	
2,	32436,	7188,	20739,	12361,	
3,	76701,	10152,	54045,	22763,	
4,	180982,	15764,	85911,	8114,	
5,	180620,	20260,	216244,	37528,	





