OzaBagHT-RandomRBF
Speed Change:,	0.0,	Centroids:,	100,	DriftCentroid:	100
GracePeriod:,	200,	TieThreshold:,	0.05,	BinarySplit:,	false,	BaseClassifier:,	HT,	
EnsembleSize:,	1
Count,	Time,	TP,	FN,	TN,	FP,	Accu,	Kappa,	Kpa_t,	Mem,	Depth,	TSize,	DcNod,	ActLf,	InacLf,	Reset,	Alter,	Switch,	Prune,	ClOp0,	ClOp1,	ClOp2,	ClOp3
50000,	0.496,	20627,	4357,	20231,	4675,	81.84,	63.67,	63.49,	
100000,	0.921,	22083,	2852,	21648,	3294,	87.61,	75.21,	75.1,	
150000,	1.257,	42702,	7262,	42577,	7259,	88.91,	77.83,	78.02,	
200000,	1.589,	44460,	5256,	44082,	5730,	90.22,	80.44,	80.51,	
250000,	1.928,	65103,	9748,	65142,	9380,	90.7,	81.4,	81.41,	
300000,	2.246,	67144,	7633,	66759,	7753,	91.1,	82.2,	82.29,	
350000,	2.543,	86134,	12013,	88052,	11365,	91.35,	82.71,	82.82,	
400000,	2.859,	87182,	9888,	89723,	9824,	91.23,	82.45,	82.57,	
450000,	3.193,	106648,	14055,	110969,	13286,	91.98,	83.97,	83.92,	
500000,	3.525,	107222,	11960,	112630,	11766,	91.91,	83.81,	83.73,	
550000,	3.83,	126180,	15964,	133859,	15308,	92.09,	84.18,	84.24,	
600000,	4.143,	126687,	13937,	135630,	13669,	92.12,	84.25,	84.23,	
650000,	4.441,	144712,	17869,	156774,	17274,	92.2,	84.4,	84.35,	
700000,	4.742,	145358,	15841,	158561,	15620,	92.19,	84.38,	84.5,	
750000,	5.058,	165202,	19769,	179677,	19208,	92.28,	84.57,	84.6,	
800000,	5.373,	164515,	17677,	181459,	17598,	92.3,	84.6,	84.59,	
850000,	5.678,	184838,	21623,	202595,	21154,	92.3,	84.6,	84.54,	
900000,	5.983,	184466,	19291,	204274,	19608,	92.68,	85.36,	85.33,	
950000,	6.293,	204426,	23268,	225671,	23052,	92.83,	85.66,	85.71,	
1000000,	6.608,	201410,	20989,	227281,	21514,	92.7,	85.41,	85.4,	

1000000,	6.608,	405836,	44257,	452952,	44566,	91.03,	82.05,	82.07,	





OzaBagHT-RandomRBF
Speed Change:,	0.0,	Centroids:,	100,	DriftCentroid:	100
GracePeriod:,	200,	TieThreshold:,	0.05,	BinarySplit:,	false,	BaseClassifier:,	HT,	
EnsembleSize:,	2
Count,	Time,	TP,	FN,	TN,	FP,	Accu,	Kappa,	Kpa_t,	Mem,	Depth,	TSize,	DcNod,	ActLf,	InacLf,	Reset,	Alter,	Switch,	Prune,	ClOp0,	ClOp1,	ClOp2,	ClOp3
50000,	0.657,	21107,	3936,	21073,	3880,	84.36,	68.72,	68.57,	
100000,	1.231,	22740,	2267,	22223,	2770,	89.93,	79.85,	79.76,	
150000,	1.779,	44137,	5920,	43800,	6138,	91.51,	83.03,	83.18,	
200000,	2.326,	45831,	4256,	44878,	5034,	91.49,	82.99,	83.04,	
250000,	2.902,	67553,	7775,	66400,	8267,	92.03,	84.06,	84.08,	
300000,	3.425,	69325,	6010,	67627,	7035,	92.49,	84.98,	85.06,	
350000,	3.941,	90638,	9493,	89469,	10167,	92.76,	85.53,	85.62,	
400000,	4.465,	92203,	7733,	90895,	8863,	92.9,	85.8,	85.89,	
450000,	4.977,	113760,	11103,	112538,	11981,	93.15,	86.3,	86.26,	
500000,	5.523,	115386,	9414,	113878,	10762,	92.84,	85.68,	85.61,	
550000,	6.057,	136500,	12625,	135635,	13818,	93.28,	86.56,	86.61,	
600000,	6.588,	135990,	10960,	137012,	12589,	93.25,	86.51,	86.49,	
650000,	7.137,	156673,	14106,	158710,	15656,	93.36,	86.72,	86.69,	
700000,	7.673,	155837,	12383,	160030,	14503,	93.33,	86.65,	86.75,	
750000,	8.213,	176246,	15539,	181744,	17482,	93.48,	86.96,	86.99,	
800000,	8.734,	175748,	13846,	183196,	16249,	93.58,	87.16,	87.16,	
850000,	9.275,	195780,	17015,	204965,	19175,	93.66,	87.32,	87.28,	
900000,	9.82,	195301,	15241,	206228,	18075,	93.56,	87.11,	87.08,	
950000,	10.338,	214645,	18426,	228232,	20923,	93.68,	87.36,	87.4,	
1000000,	10.878,	214651,	16681,	229402,	19861,	93.55,	87.1,	87.09,	

1000000,	10.878,	429296,	35107,	457634,	40784,	92.41,	84.82,	84.84,	





OzaBagHT-RandomRBF
Speed Change:,	0.0,	Centroids:,	100,	DriftCentroid:	100
GracePeriod:,	200,	TieThreshold:,	0.05,	BinarySplit:,	false,	BaseClassifier:,	HT,	
EnsembleSize:,	3
Count,	Time,	TP,	FN,	TN,	FP,	Accu,	Kappa,	Kpa_t,	Mem,	Depth,	TSize,	DcNod,	ActLf,	InacLf,	Reset,	Alter,	Switch,	Prune,	ClOp0,	ClOp1,	ClOp2,	ClOp3
50000,	0.921,	20862,	4181,	21143,	3812,	84.01,	68.02,	67.86,	
100000,	1.695,	22571,	2434,	22393,	2602,	89.93,	79.86,	79.76,	
150000,	2.467,	43965,	6092,	43773,	6168,	91.47,	82.93,	83.08,	
200000,	3.272,	45755,	4331,	45238,	4676,	92.06,	84.12,	84.17,	
250000,	4.082,	67294,	8036,	66578,	8090,	92.27,	84.53,	84.55,	
300000,	4.863,	69149,	6173,	68106,	6558,	92.55,	85.1,	85.18,	
350000,	5.671,	90553,	9808,	89734,	9903,	92.83,	85.66,	85.75,	
400000,	6.445,	92328,	7897,	91448,	8313,	93.04,	86.08,	86.18,	
450000,	7.26,	113872,	11480,	112906,	11613,	93.24,	86.47,	86.43,	
500000,	8.031,	114791,	9565,	114571,	10073,	93.14,	86.29,	86.22,	
550000,	8.834,	136827,	13080,	136097,	13358,	93.31,	86.62,	86.67,	
600000,	9.617,	136907,	11179,	137856,	11750,	93.42,	86.84,	86.82,	
650000,	10.408,	158983,	14602,	159385,	14984,	93.7,	87.41,	87.37,	
700000,	11.218,	159247,	12701,	161093,	13445,	93.57,	87.13,	87.23,	
750000,	12.021,	181788,	16094,	182630,	16598,	93.79,	87.58,	87.6,	
800000,	12.801,	181133,	14140,	184424,	15026,	93.96,	87.92,	87.91,	
850000,	13.609,	203303,	17549,	206023,	18119,	94.05,	88.1,	88.05,	
900000,	14.454,	202948,	15529,	207665,	16645,	93.98,	87.97,	87.94,	
950000,	15.265,	225035,	18919,	229461,	19696,	94.11,	88.21,	88.25,	
1000000,	16.085,	224826,	17010,	231048,	18217,	93.89,	87.79,	87.78,	

1000000,	16.085,	449861,	35929,	460509,	37913,	92.62,	85.23,	85.25,	





OzaBagHT-RandomRBF
Speed Change:,	0.0,	Centroids:,	100,	DriftCentroid:	100
GracePeriod:,	200,	TieThreshold:,	0.05,	BinarySplit:,	false,	BaseClassifier:,	HT,	
EnsembleSize:,	4
Count,	Time,	TP,	FN,	TN,	FP,	Accu,	Kappa,	Kpa_t,	Mem,	Depth,	TSize,	DcNod,	ActLf,	InacLf,	Reset,	Alter,	Switch,	Prune,	ClOp0,	ClOp1,	ClOp2,	ClOp3
50000,	1.261,	21303,	3742,	21486,	3467,	85.58,	71.16,	71.01,	
100000,	2.307,	23023,	1985,	22601,	2391,	91.25,	82.5,	82.41,	
150000,	3.277,	44651,	5410,	44360,	5577,	92.44,	84.89,	85.02,	
200000,	4.285,	46375,	3715,	45445,	4465,	92.39,	84.78,	84.83,	
250000,	5.342,	68283,	7050,	67178,	7487,	92.9,	85.8,	85.81,	
300000,	6.365,	70072,	5268,	68327,	6333,	93.16,	86.31,	86.39,	
350000,	7.41,	91814,	8551,	90398,	9235,	93.5,	87.0,	87.09,	
400000,	8.465,	93478,	6765,	91673,	8084,	93.5,	87.01,	87.1,	
450000,	9.542,	115426,	10055,	113564,	10953,	93.56,	87.11,	87.07,	
500000,	10.616,	117022,	8308,	114936,	9705,	93.67,	87.34,	87.28,	
550000,	11.714,	139056,	11489,	136827,	12626,	93.79,	87.57,	87.62,	
600000,	12.834,	140518,	9665,	138209,	11393,	93.91,	87.82,	87.81,	
650000,	13.928,	162275,	12811,	160013,	14352,	93.9,	87.81,	87.77,	
700000,	14.99,	163528,	10956,	161452,	13081,	94.04,	88.08,	88.17,	
750000,	16.054,	184729,	14107,	183207,	16018,	94.08,	88.15,	88.18,	
800000,	17.174,	186211,	12211,	184768,	14677,	94.3,	88.6,	88.59,	
850000,	18.249,	207307,	15364,	206555,	17583,	94.36,	88.71,	88.67,	
900000,	19.335,	208552,	13453,	208092,	16214,	94.44,	88.88,	88.86,	
950000,	20.393,	229049,	16597,	230048,	19107,	94.49,	88.97,	89.01,	
1000000,	21.499,	229951,	14748,	231492,	17771,	94.3,	88.59,	88.58,	

1000000,	21.499,	459000,	31345,	461540,	36878,	93.18,	86.35,	86.37,	





OzaBagHT-RandomRBF
Speed Change:,	0.0,	Centroids:,	100,	DriftCentroid:	100
GracePeriod:,	200,	TieThreshold:,	0.05,	BinarySplit:,	false,	BaseClassifier:,	HT,	
EnsembleSize:,	5
Count,	Time,	TP,	FN,	TN,	FP,	Accu,	Kappa,	Kpa_t,	Mem,	Depth,	TSize,	DcNod,	ActLf,	InacLf,	Reset,	Alter,	Switch,	Prune,	ClOp0,	ClOp1,	ClOp2,	ClOp3
50000,	1.517,	21051,	3994,	21221,	3732,	84.54,	69.09,	68.93,	
100000,	2.86,	22948,	2059,	22517,	2476,	90.93,	81.86,	81.77,	
150000,	4.144,	44337,	5723,	43911,	6027,	91.95,	83.9,	84.04,	
200000,	5.413,	46389,	3698,	45379,	4534,	92.61,	85.21,	85.26,	
250000,	6.729,	67911,	7424,	66803,	7860,	92.93,	85.86,	85.88,	
300000,	8.021,	70096,	5241,	68285,	6378,	93.23,	86.45,	86.52,	
350000,	9.335,	91445,	8921,	90009,	9623,	93.48,	86.96,	87.04,	
400000,	10.647,	93653,	6587,	91571,	8189,	93.69,	87.37,	87.46,	
450000,	11.943,	115176,	10305,	113120,	11397,	93.68,	87.37,	87.33,	
500000,	13.302,	117404,	7947,	114661,	9981,	93.7,	87.39,	87.33,	
550000,	14.877,	138797,	11591,	136303,	13149,	93.92,	87.85,	87.89,	
600000,	16.338,	141010,	9309,	137990,	11613,	94.01,	88.02,	88.01,	
650000,	17.993,	162530,	12943,	159554,	14810,	93.97,	87.95,	87.92,	
700000,	19.534,	164417,	10598,	161301,	13234,	94.18,	88.36,	88.45,	
750000,	21.067,	185820,	14306,	182766,	16457,	93.98,	87.96,	87.99,	
800000,	22.589,	186995,	11895,	184675,	14775,	94.32,	88.65,	88.64,	
850000,	24.051,	208494,	15617,	206099,	18039,	94.21,	88.43,	88.39,	
900000,	25.541,	209766,	13068,	207970,	16339,	94.53,	89.05,	89.03,	
950000,	26.982,	230977,	16822,	229623,	19530,	94.61,	89.22,	89.25,	
1000000,	28.346,	231649,	14355,	231407,	17859,	94.39,	88.77,	88.76,	

1000000,	28.346,	462626,	31177,	461030,	37389,	93.14,	86.29,	86.3,	





OzaBagHT-RandomRBF
Speed Change:,	0.0,	Centroids:,	100,	DriftCentroid:	100
GracePeriod:,	200,	TieThreshold:,	0.05,	BinarySplit:,	false,	BaseClassifier:,	HT,	
EnsembleSize:,	6
Count,	Time,	TP,	FN,	TN,	FP,	Accu,	Kappa,	Kpa_t,	Mem,	Depth,	TSize,	DcNod,	ActLf,	InacLf,	Reset,	Alter,	Switch,	Prune,	ClOp0,	ClOp1,	ClOp2,	ClOp3
50000,	1.851,	21293,	3751,	21468,	3486,	85.52,	71.04,	70.9,	
100000,	3.481,	23020,	1987,	22827,	2166,	91.69,	83.39,	83.31,	
150000,	5.318,	44677,	5384,	44413,	5524,	92.66,	85.32,	85.44,	
200000,	6.95,	46627,	3458,	45686,	4229,	92.93,	85.86,	85.91,	
250000,	8.533,	68505,	6830,	67221,	7442,	93.27,	86.54,	86.56,	
300000,	10.086,	70522,	4812,	68593,	6073,	93.6,	87.2,	87.28,	
350000,	11.688,	92198,	8169,	90493,	9138,	93.93,	87.86,	87.94,	
400000,	13.278,	94115,	6121,	91942,	7822,	93.88,	87.77,	87.85,	
450000,	14.874,	115962,	9521,	113711,	10804,	93.96,	87.93,	87.89,	
500000,	16.456,	117842,	7450,	115076,	9570,	93.85,	87.69,	87.63,	
550000,	18.119,	138288,	10725,	136917,	12533,	94.13,	88.27,	88.31,	
600000,	19.749,	140230,	8649,	138388,	11222,	94.3,	88.6,	88.58,	
650000,	21.342,	160863,	11930,	160165,	14197,	94.26,	88.52,	88.49,	
700000,	22.964,	162616,	9861,	161641,	12903,	94.21,	88.43,	88.52,	
750000,	24.606,	182487,	13144,	183331,	15892,	94.18,	88.36,	88.39,	
800000,	26.241,	184604,	11099,	184977,	14478,	94.37,	88.75,	88.74,	
850000,	27.879,	204761,	14364,	206654,	17484,	94.38,	88.75,	88.71,	
900000,	29.683,	207197,	12265,	208248,	16066,	94.49,	88.98,	88.96,	
950000,	31.553,	227101,	15499,	230104,	19049,	94.6,	89.2,	89.23,	
1000000,	33.294,	229171,	13467,	231706,	17566,	94.6,	89.19,	89.18,	

1000000,	33.294,	456272,	28966,	461810,	36615,	93.44,	86.88,	86.9,	





OzaBagHT-RandomRBF
Speed Change:,	0.0,	Centroids:,	100,	DriftCentroid:	100
GracePeriod:,	200,	TieThreshold:,	0.05,	BinarySplit:,	false,	BaseClassifier:,	HT,	
EnsembleSize:,	7
Count,	Time,	TP,	FN,	TN,	FP,	Accu,	Kappa,	Kpa_t,	Mem,	Depth,	TSize,	DcNod,	ActLf,	InacLf,	Reset,	Alter,	Switch,	Prune,	ClOp0,	ClOp1,	ClOp2,	ClOp3
50000,	2.061,	21354,	3691,	21322,	3631,	85.35,	70.7,	70.56,	
100000,	3.917,	23106,	1901,	22504,	2489,	91.22,	82.44,	82.36,	
150000,	5.85,	44621,	5438,	44249,	5690,	92.39,	84.78,	84.91,	
200000,	7.798,	46595,	3492,	45378,	4535,	92.73,	85.45,	85.5,	
250000,	9.672,	68330,	7001,	67074,	7593,	93.07,	86.13,	86.15,	
300000,	11.572,	70443,	4894,	68283,	6380,	93.51,	87.01,	87.08,	
350000,	13.507,	91937,	8426,	90362,	9273,	93.79,	87.58,	87.66,	
400000,	15.455,	93923,	6317,	91747,	8013,	93.89,	87.78,	87.86,	
450000,	17.469,	115336,	9817,	113629,	10891,	93.98,	87.96,	87.93,	
500000,	19.579,	116977,	7705,	114991,	9649,	93.95,	87.9,	87.84,	
550000,	21.688,	138478,	11088,	136896,	12559,	94.12,	88.24,	88.29,	
600000,	23.914,	140351,	9003,	138401,	11201,	94.3,	88.6,	88.59,	
650000,	25.957,	162272,	12383,	160172,	14194,	94.14,	88.28,	88.25,	
700000,	28.045,	163606,	10270,	161694,	12838,	94.19,	88.38,	88.47,	
750000,	30.171,	185645,	13593,	183392,	15836,	94.3,	88.59,	88.62,	
800000,	32.249,	186981,	11475,	185055,	14389,	94.49,	88.98,	88.97,	
850000,	34.247,	208346,	14826,	206782,	17360,	94.49,	88.97,	88.93,	
900000,	36.261,	209304,	12631,	208396,	15908,	94.65,	89.3,	89.28,	
950000,	38.306,	230513,	16018,	230291,	18866,	94.6,	89.21,	89.24,	
1000000,	40.346,	231332,	13852,	231857,	17406,	94.56,	89.12,	89.12,	

1000000,	40.346,	461845,	29870,	462148,	36272,	93.39,	86.77,	86.78,	





OzaBagHT-RandomRBF
Speed Change:,	0.0,	Centroids:,	100,	DriftCentroid:	100
GracePeriod:,	200,	TieThreshold:,	0.05,	BinarySplit:,	false,	BaseClassifier:,	HT,	
EnsembleSize:,	8
Count,	Time,	TP,	FN,	TN,	FP,	Accu,	Kappa,	Kpa_t,	Mem,	Depth,	TSize,	DcNod,	ActLf,	InacLf,	Reset,	Alter,	Switch,	Prune,	ClOp0,	ClOp1,	ClOp2,	ClOp3
50000,	2.311,	21446,	3598,	21335,	3619,	85.56,	71.12,	70.98,	
100000,	4.387,	22951,	2056,	22717,	2276,	91.34,	82.67,	82.59,	
150000,	6.466,	44683,	5373,	44369,	5573,	92.54,	85.08,	85.21,	
200000,	8.582,	46449,	3635,	45768,	4148,	93.1,	86.2,	86.24,	
250000,	10.752,	68394,	6935,	67334,	7335,	93.35,	86.7,	86.72,	
300000,	12.927,	70316,	5018,	68670,	5996,	93.54,	87.07,	87.14,	
350000,	15.101,	92055,	8305,	90610,	9028,	93.87,	87.75,	87.83,	
400000,	17.354,	93885,	6351,	92058,	7706,	93.91,	87.83,	87.91,	
450000,	19.575,	115775,	9703,	113885,	10635,	93.99,	87.98,	87.94,	
500000,	21.836,	117375,	7710,	115337,	9313,	94.07,	88.14,	88.07,	
550000,	24.13,	139579,	10964,	137210,	12245,	94.26,	88.52,	88.56,	
600000,	26.375,	140949,	8964,	138709,	10903,	94.31,	88.62,	88.61,	
650000,	28.653,	163410,	12220,	160477,	13891,	94.2,	88.39,	88.36,	
700000,	30.997,	164205,	10206,	162026,	12520,	94.28,	88.56,	88.65,	
750000,	33.341,	186459,	13426,	183759,	15471,	94.43,	88.85,	88.88,	
800000,	35.647,	187305,	11404,	185428,	14032,	94.58,	89.16,	89.15,	
850000,	37.999,	209693,	14613,	207173,	16973,	94.62,	89.24,	89.2,	
900000,	40.36,	210214,	12549,	208773,	15547,	94.68,	89.36,	89.34,	
950000,	42.628,	232690,	15785,	230719,	18443,	94.72,	89.43,	89.46,	
1000000,	44.895,	233057,	13778,	232261,	17017,	94.6,	89.2,	89.2,	

1000000,	44.895,	465747,	29563,	462980,	35460,	93.5,	86.99,	87.01,	





OzaBagHT-RandomRBF
Speed Change:,	0.0,	Centroids:,	100,	DriftCentroid:	100
GracePeriod:,	200,	TieThreshold:,	0.05,	BinarySplit:,	false,	BaseClassifier:,	HT,	
EnsembleSize:,	9
Count,	Time,	TP,	FN,	TN,	FP,	Accu,	Kappa,	Kpa_t,	Mem,	Depth,	TSize,	DcNod,	ActLf,	InacLf,	Reset,	Alter,	Switch,	Prune,	ClOp0,	ClOp1,	ClOp2,	ClOp3
50000,	2.627,	21464,	3578,	21808,	3148,	86.54,	73.09,	72.95,	
100000,	5.031,	23277,	1731,	22998,	1994,	92.55,	85.1,	85.03,	
150000,	7.408,	45031,	5027,	44929,	5011,	93.38,	86.75,	86.87,	
200000,	9.873,	46958,	3131,	46149,	3762,	93.66,	87.33,	87.37,	
250000,	12.229,	68916,	6415,	67969,	6698,	93.85,	87.7,	87.71,	
300000,	14.714,	70955,	4384,	69205,	5456,	94.11,	88.21,	88.27,	
350000,	17.192,	92738,	7622,	91384,	8254,	94.47,	88.95,	89.02,	
400000,	19.715,	94635,	5608,	92750,	7007,	94.45,	88.9,	88.98,	
450000,	22.287,	116591,	8886,	114793,	9728,	94.52,	89.05,	89.02,	
500000,	24.913,	118504,	6856,	116148,	8492,	94.53,	89.07,	89.01,	
550000,	27.54,	140504,	10036,	138209,	11249,	94.66,	89.32,	89.35,	
600000,	30.225,	142379,	8020,	139632,	9969,	94.72,	89.44,	89.42,	
650000,	32.83,	163980,	11218,	161595,	12773,	94.59,	89.18,	89.15,	
700000,	35.417,	166152,	9168,	163091,	11444,	94.75,	89.51,	89.59,	
750000,	38.011,	187570,	12399,	185006,	14222,	94.74,	89.48,	89.5,	
800000,	40.629,	189573,	10282,	186630,	12816,	95.03,	90.06,	90.05,	
850000,	43.205,	211056,	13561,	208502,	15640,	94.84,	89.68,	89.64,	
900000,	45.9,	213319,	11323,	210032,	14275,	95.0,	90.0,	89.98,	
950000,	48.635,	234383,	14623,	232089,	17066,	95.02,	90.05,	90.08,	
1000000,	51.318,	236448,	12491,	233610,	15653,	94.91,	89.82,	89.81,	

1000000,	51.318,	470831,	27114,	465699,	32719,	94.02,	88.03,	88.04,	





OzaBagHT-RandomRBF
Speed Change:,	0.0,	Centroids:,	100,	DriftCentroid:	100
GracePeriod:,	200,	TieThreshold:,	0.05,	BinarySplit:,	false,	BaseClassifier:,	HT,	
EnsembleSize:,	10
Count,	Time,	TP,	FN,	TN,	FP,	Accu,	Kappa,	Kpa_t,	Mem,	Depth,	TSize,	DcNod,	ActLf,	InacLf,	Reset,	Alter,	Switch,	Prune,	ClOp0,	ClOp1,	ClOp2,	ClOp3
50000,	3.019,	21411,	3629,	21587,	3371,	86.0,	71.99,	71.85,	
100000,	5.653,	23246,	1759,	22736,	2259,	91.96,	83.93,	83.85,	
150000,	8.295,	44797,	5260,	44578,	5363,	92.75,	85.51,	85.63,	
200000,	10.936,	46818,	3265,	45870,	4047,	93.41,	86.82,	86.87,	
250000,	13.684,	68578,	6749,	67654,	7017,	93.71,	87.43,	87.44,	
300000,	16.418,	70710,	4621,	68947,	5722,	93.94,	87.87,	87.94,	
350000,	19.117,	92298,	8056,	91022,	8622,	94.18,	88.35,	88.43,	
400000,	21.931,	94323,	5910,	92483,	7284,	94.3,	88.6,	88.68,	
450000,	24.802,	116151,	9315,	114329,	10203,	94.32,	88.64,	88.61,	
500000,	27.58,	118213,	7136,	115803,	8848,	94.42,	88.84,	88.78,	
550000,	30.498,	140090,	10437,	137682,	11789,	94.58,	89.17,	89.21,	
600000,	33.386,	142138,	8246,	139214,	10402,	94.67,	89.34,	89.33,	
650000,	36.353,	163882,	11617,	161009,	13375,	94.47,	88.94,	88.91,	
700000,	39.277,	165570,	9361,	162612,	11939,	94.7,	89.39,	89.47,	
750000,	42.234,	187640,	12764,	184364,	14881,	94.69,	89.39,	89.41,	
800000,	45.252,	188857,	10516,	186095,	13372,	94.82,	89.65,	89.64,	
850000,	48.144,	210909,	13929,	207850,	16311,	94.81,	89.62,	89.58,	
900000,	51.328,	211939,	11536,	209505,	14822,	95.06,	90.12,	90.1,	
950000,	54.363,	233910,	15029,	231425,	17750,	94.92,	89.84,	89.88,	
1000000,	57.202,	235103,	12707,	233038,	16247,	94.81,	89.62,	89.61,	

1000000,	57.202,	469013,	27736,	464463,	33997,	93.83,	87.65,	87.66,	





OzaBagHT-RandomRBF
Speed Change:,	0.0,	Centroids:,	100,	DriftCentroid:	100
GracePeriod:,	200,	TieThreshold:,	0.05,	BinarySplit:,	false,	BaseClassifier:,	HT,	
EnsembleSize:,	5
Count,	Time,	TP,	FN,	TN,	FP,	Accu,	Kappa,	Kpa_t,	Mem,	Depth,	TSize,	DcNod,	ActLf,	InacLf,	Reset,	Alter,	Switch,	Prune,	ClOp0,	ClOp1,	ClOp2,	ClOp3
50000,	1.517,	21051,	3994,	21221,	3732,	84.54,	69.09,	68.93,	
100000,	2.849,	22948,	2059,	22517,	2476,	90.93,	81.86,	81.77,	
150000,	4.174,	44337,	5723,	43911,	6027,	91.95,	83.9,	84.04,	
200000,	5.439,	46389,	3698,	45379,	4534,	92.61,	85.21,	85.26,	
250000,	6.746,	67911,	7424,	66803,	7860,	92.93,	85.86,	85.88,	
300000,	8.028,	70096,	5241,	68285,	6378,	93.23,	86.45,	86.52,	
350000,	9.366,	91445,	8921,	90009,	9623,	93.48,	86.96,	87.04,	
400000,	10.714,	93653,	6587,	91571,	8189,	93.69,	87.37,	87.46,	
450000,	12.006,	115176,	10305,	113120,	11397,	93.68,	87.37,	87.33,	
500000,	13.371,	117404,	7947,	114661,	9981,	93.7,	87.39,	87.33,	
550000,	14.731,	138797,	11591,	136303,	13149,	93.92,	87.85,	87.89,	
600000,	16.116,	141010,	9309,	137990,	11613,	94.01,	88.02,	88.01,	
650000,	17.546,	162530,	12943,	159554,	14810,	93.97,	87.95,	87.92,	
700000,	18.956,	164417,	10598,	161301,	13234,	94.18,	88.36,	88.45,	
750000,	20.379,	185820,	14306,	182766,	16457,	93.98,	87.96,	87.99,	
800000,	21.784,	186995,	11895,	184675,	14775,	94.32,	88.65,	88.64,	
850000,	23.195,	208494,	15617,	206099,	18039,	94.21,	88.43,	88.39,	
900000,	24.6,	209766,	13068,	207970,	16339,	94.53,	89.05,	89.03,	
950000,	26.013,	230977,	16822,	229623,	19530,	94.61,	89.22,	89.25,	
1000000,	27.421,	231649,	14355,	231407,	17859,	94.39,	88.77,	88.76,	

1000000,	27.421,	462626,	31177,	461030,	37389,	93.14,	86.29,	86.3,	





OzaBagHT-RandomRBF
Speed Change:,	0.001,	Centroids:,	100,	DriftCentroid:	100
GracePeriod:,	200,	TieThreshold:,	0.05,	BinarySplit:,	false,	BaseClassifier:,	HT,	
EnsembleSize:,	5
Count,	Time,	TP,	FN,	TN,	FP,	Accu,	Kappa,	Kpa_t,	Mem,	Depth,	TSize,	DcNod,	ActLf,	InacLf,	Reset,	Alter,	Switch,	Prune,	ClOp0,	ClOp1,	ClOp2,	ClOp3
50000,	1.7,	16291,	8753,	16889,	8065,	66.36,	32.72,	32.38,	
100000,	3.343,	14955,	10056,	17075,	7914,	64.06,	28.12,	27.78,	
150000,	4.964,	30301,	19760,	34452,	15485,	63.15,	26.3,	26.93,	
200000,	6.618,	29661,	20430,	33930,	15979,	63.12,	26.27,	26.48,	
250000,	8.342,	45773,	29560,	50650,	24015,	63.34,	26.71,	26.74,	
300000,	10.089,	44966,	30375,	49847,	24812,	62.44,	24.91,	25.28,	
350000,	11.793,	60778,	39585,	66791,	32844,	62.29,	24.59,	25.06,	
400000,	13.517,	59606,	40638,	66096,	33660,	61.78,	23.54,	24.09,	
450000,	15.233,	75088,	50391,	82873,	41646,	60.78,	21.6,	21.33,	
500000,	16.969,	73846,	51515,	82225,	42414,	60.74,	21.51,	21.07,	
550000,	18.691,	89559,	60984,	98858,	50597,	60.91,	21.84,	22.1,	
600000,	20.483,	88310,	62088,	98193,	51409,	60.86,	21.74,	21.64,	
650000,	22.262,	104353,	71280,	114646,	59719,	61.16,	22.34,	22.12,	
700000,	24.098,	102878,	72588,	113966,	60568,	60.68,	21.37,	21.96,	
750000,	25.873,	119053,	81724,	130078,	69143,	60.26,	20.54,	20.7,	
800000,	27.61,	116924,	83630,	129748,	69698,	59.66,	19.33,	19.26,	
850000,	29.365,	133254,	92607,	145958,	78179,	60.16,	20.34,	20.03,	
900000,	31.102,	131036,	94659,	145546,	78759,	59.82,	19.67,	19.47,	
950000,	32.909,	147645,	103201,	161817,	87335,	60.5,	21.0,	21.25,	
1000000,	34.702,	145174,	105563,	161327,	87936,	59.84,	19.69,	19.62,	

1000000,	34.702,	292819,	208764,	323144,	175271,	61.6,	23.21,	23.27,	





OzaBagHT-RandomRBF
Speed Change:,	0.01,	Centroids:,	100,	DriftCentroid:	100
GracePeriod:,	200,	TieThreshold:,	0.05,	BinarySplit:,	false,	BaseClassifier:,	HT,	
EnsembleSize:,	5
Count,	Time,	TP,	FN,	TN,	FP,	Accu,	Kappa,	Kpa_t,	Mem,	Depth,	TSize,	DcNod,	ActLf,	InacLf,	Reset,	Alter,	Switch,	Prune,	ClOp0,	ClOp1,	ClOp2,	ClOp3
50000,	1.537,	12479,	12567,	15324,	9628,	55.61,	11.23,	10.77,	
100000,	3.01,	12429,	12578,	14813,	10180,	54.48,	8.97,	8.54,	
150000,	4.476,	24865,	25196,	30078,	19859,	54.28,	8.57,	9.35,	
200000,	5.996,	25317,	24775,	29103,	20805,	54.36,	8.73,	9.0,	
250000,	7.472,	37578,	37758,	44263,	30399,	53.8,	7.66,	7.67,	
300000,	8.994,	38195,	37148,	43150,	31507,	53.85,	7.75,	8.18,	
350000,	10.491,	50479,	49887,	58298,	41334,	53.87,	7.75,	8.33,	
400000,	11.991,	50533,	49713,	57728,	42026,	53.83,	7.63,	8.31,	
450000,	13.529,	62813,	62671,	73040,	51474,	54.15,	8.35,	8.03,	
500000,	15.089,	62923,	62443,	72307,	52327,	53.94,	7.92,	7.39,	
550000,	16.597,	74981,	75568,	87826,	61623,	53.91,	7.84,	8.15,	
600000,	18.107,	75525,	74880,	86901,	62694,	54.39,	8.8,	8.68,	
650000,	19.622,	87350,	88287,	102409,	71952,	53.9,	7.84,	7.56,	
700000,	21.098,	88069,	87403,	101426,	73102,	54.14,	8.3,	8.98,	
750000,	22.62,	99813,	100965,	116775,	82445,	53.66,	7.36,	7.52,	
800000,	24.112,	100398,	100162,	115974,	83466,	53.75,	7.54,	7.45,	
850000,	25.623,	112075,	113790,	131360,	92773,	53.69,	7.42,	7.05,	
900000,	27.164,	112729,	112971,	130368,	93932,	53.45,	6.95,	6.7,	
950000,	28.724,	124424,	126427,	145885,	103262,	53.75,	7.49,	7.78,	
1000000,	30.275,	125179,	125563,	145014,	104244,	54.19,	8.4,	8.32,	

1000000,	30.275,	249603,	251990,	290899,	207506,	54.05,	8.13,	8.19,	





OzaBagHT-RandomRBF
Speed Change:,	0.1,	Centroids:,	100,	DriftCentroid:	100
GracePeriod:,	200,	TieThreshold:,	0.05,	BinarySplit:,	false,	BaseClassifier:,	HT,	
EnsembleSize:,	5
Count,	Time,	TP,	FN,	TN,	FP,	Accu,	Kappa,	Kpa_t,	Mem,	Depth,	TSize,	DcNod,	ActLf,	InacLf,	Reset,	Alter,	Switch,	Prune,	ClOp0,	ClOp1,	ClOp2,	ClOp3
50000,	1.411,	11075,	13968,	15453,	9502,	53.06,	6.14,	5.64,	
100000,	2.716,	12705,	12302,	14460,	10533,	54.33,	8.66,	8.23,	
150000,	4.0,	23804,	26254,	30209,	19731,	54.97,	9.94,	10.72,	
200000,	5.354,	25520,	24569,	29255,	20656,	55.22,	10.46,	10.72,	
250000,	6.743,	37236,	38094,	44366,	30302,	55.18,	10.39,	10.43,	
300000,	8.137,	39376,	35964,	43118,	31542,	55.44,	10.89,	11.34,	
350000,	9.58,	50827,	49534,	58409,	41228,	55.27,	10.54,	11.1,	
400000,	10.983,	52610,	47631,	57938,	41821,	56.11,	12.2,	12.83,	
450000,	12.417,	64188,	61290,	73050,	51470,	56.0,	12.03,	11.74,	
500000,	13.928,	66068,	59291,	72584,	52057,	56.21,	12.44,	11.96,	
550000,	15.479,	77601,	72942,	87544,	61911,	55.81,	11.64,	11.94,	
600000,	16.95,	79846,	70552,	86809,	62793,	56.01,	12.01,	11.91,	
650000,	18.42,	91292,	84337,	101881,	72488,	56.06,	12.12,	11.87,	
700000,	19.906,	93650,	81815,	100924,	73611,	55.84,	11.68,	12.35,	
750000,	21.371,	104876,	95894,	116419,	82809,	56.24,	12.51,	12.68,	
800000,	22.884,	107490,	93061,	115410,	84039,	56.65,	13.31,	13.25,	
850000,	24.382,	118523,	107332,	130935,	93208,	56.33,	12.66,	12.33,	
900000,	25.918,	121317,	104370,	129684,	94629,	56.2,	12.42,	12.22,	
950000,	27.493,	132301,	118540,	145300,	103857,	56.29,	12.57,	12.84,	
1000000,	28.97,	135198,	115530,	144255,	105017,	56.9,	13.81,	13.75,	

1000000,	28.97,	267499,	234070,	289555,	208874,	55.71,	11.42,	11.5,	





OzaBagHT-RandomRBF
Speed Change:,	1.0,	Centroids:,	100,	DriftCentroid:	100
GracePeriod:,	200,	TieThreshold:,	0.05,	BinarySplit:,	false,	BaseClassifier:,	HT,	
EnsembleSize:,	5
Count,	Time,	TP,	FN,	TN,	FP,	Accu,	Kappa,	Kpa_t,	Mem,	Depth,	TSize,	DcNod,	ActLf,	InacLf,	Reset,	Alter,	Switch,	Prune,	ClOp0,	ClOp1,	ClOp2,	ClOp3
50000,	1.461,	12359,	12685,	16672,	8282,	58.06,	16.15,	15.7,	
100000,	2.961,	14741,	10266,	16368,	8625,	62.22,	24.44,	24.08,	
150000,	4.52,	28268,	21793,	33157,	16780,	64.79,	29.58,	30.19,	
200000,	6.062,	31051,	19036,	33071,	16842,	66.03,	32.06,	32.27,	
250000,	7.643,	45139,	30195,	49393,	25271,	66.21,	32.42,	32.48,	
300000,	9.26,	48371,	26964,	49509,	25156,	67.52,	35.02,	35.37,	
350000,	10.886,	62486,	37880,	66110,	33522,	68.13,	36.25,	36.66,	
400000,	12.535,	65602,	34637,	66572,	33189,	68.59,	37.18,	37.61,	
450000,	14.187,	79823,	45658,	83321,	41196,	69.1,	38.19,	38.01,	
500000,	15.874,	83123,	42236,	83796,	40845,	69.49,	38.98,	38.66,	
550000,	17.639,	97340,	53205,	100638,	48815,	69.67,	39.34,	39.55,	
600000,	19.361,	100851,	49546,	101067,	48536,	70.0,	39.99,	39.93,	
650000,	21.098,	115203,	60432,	117887,	56476,	70.22,	40.44,	40.29,	
700000,	22.879,	118947,	56514,	118336,	56203,	70.73,	41.46,	41.91,	
750000,	24.608,	133413,	67360,	135160,	64065,	70.97,	41.92,	42.06,	
800000,	26.378,	137350,	63198,	135739,	63713,	71.61,	43.22,	43.19,	
850000,	28.171,	151828,	74032,	152618,	71520,	71.75,	43.49,	43.28,	
900000,	30.073,	156018,	69670,	153103,	71209,	72.06,	44.11,	44.01,	
950000,	31.945,	170344,	80498,	170174,	78982,	72.14,	44.29,	44.46,	
1000000,	33.75,	174519,	76210,	170756,	78515,	72.31,	44.61,	44.58,	

1000000,	33.75,	344863,	156708,	340930,	157497,	68.58,	37.16,	37.22,	





OzaBagHT-RandomRBF
Speed Change:,	0.01,	Centroids:,	50,	DriftCentroid:	50
GracePeriod:,	200,	TieThreshold:,	0.05,	BinarySplit:,	false,	BaseClassifier:,	HT,	
EnsembleSize:,	5
Count,	Time,	TP,	FN,	TN,	FP,	Accu,	Kappa,	Kpa_t,	Mem,	Depth,	TSize,	DcNod,	ActLf,	InacLf,	Reset,	Alter,	Switch,	Prune,	ClOp0,	ClOp1,	ClOp2,	ClOp3
50000,	1.523,	12479,	12567,	15324,	9628,	55.61,	11.23,	10.77,	
100000,	2.986,	12429,	12578,	14813,	10180,	54.48,	8.97,	8.54,	
150000,	4.419,	24865,	25196,	30078,	19859,	54.28,	8.57,	9.35,	
200000,	5.897,	25317,	24775,	29103,	20805,	54.36,	8.73,	9.0,	
250000,	7.33,	37578,	37758,	44263,	30399,	53.8,	7.66,	7.67,	
300000,	8.82,	38195,	37148,	43150,	31507,	53.85,	7.75,	8.18,	
350000,	10.288,	50479,	49887,	58298,	41334,	53.87,	7.75,	8.33,	
400000,	11.785,	50533,	49713,	57728,	42026,	53.83,	7.63,	8.31,	
450000,	13.275,	62813,	62671,	73040,	51474,	54.15,	8.35,	8.03,	
500000,	14.835,	62923,	62443,	72307,	52327,	53.94,	7.92,	7.39,	
550000,	16.318,	74981,	75568,	87826,	61623,	53.91,	7.84,	8.15,	
600000,	17.896,	75525,	74880,	86901,	62694,	54.39,	8.8,	8.68,	
650000,	19.438,	87350,	88287,	102409,	71952,	53.9,	7.84,	7.56,	
700000,	20.985,	88069,	87403,	101426,	73102,	54.14,	8.3,	8.98,	
750000,	22.547,	99813,	100965,	116775,	82445,	53.66,	7.36,	7.52,	
800000,	24.096,	100398,	100162,	115974,	83466,	53.75,	7.54,	7.45,	
850000,	25.668,	112075,	113790,	131360,	92773,	53.69,	7.42,	7.05,	
900000,	27.291,	112729,	112971,	130368,	93932,	53.45,	6.95,	6.7,	
950000,	28.912,	124424,	126427,	145885,	103262,	53.75,	7.49,	7.78,	
1000000,	30.577,	125179,	125563,	145014,	104244,	54.19,	8.4,	8.32,	

1000000,	30.577,	249603,	251990,	290899,	207506,	54.05,	8.13,	8.19,	





OzaBagHT-RandomRBF
Speed Change:,	0.01,	Centroids:,	100,	DriftCentroid:	100
GracePeriod:,	200,	TieThreshold:,	0.05,	BinarySplit:,	false,	BaseClassifier:,	HT,	
EnsembleSize:,	5
Count,	Time,	TP,	FN,	TN,	FP,	Accu,	Kappa,	Kpa_t,	Mem,	Depth,	TSize,	DcNod,	ActLf,	InacLf,	Reset,	Alter,	Switch,	Prune,	ClOp0,	ClOp1,	ClOp2,	ClOp3
50000,	1.571,	12479,	12567,	15324,	9628,	55.61,	11.23,	10.77,	
100000,	3.11,	12429,	12578,	14813,	10180,	54.48,	8.97,	8.54,	
150000,	4.603,	24865,	25196,	30078,	19859,	54.28,	8.57,	9.35,	
200000,	6.139,	25317,	24775,	29103,	20805,	54.36,	8.73,	9.0,	
250000,	7.642,	37578,	37758,	44263,	30399,	53.8,	7.66,	7.67,	
300000,	9.156,	38195,	37148,	43150,	31507,	53.85,	7.75,	8.18,	
350000,	10.657,	50479,	49887,	58298,	41334,	53.87,	7.75,	8.33,	
400000,	12.156,	50533,	49713,	57728,	42026,	53.83,	7.63,	8.31,	
450000,	13.651,	62813,	62671,	73040,	51474,	54.15,	8.35,	8.03,	
500000,	15.205,	62923,	62443,	72307,	52327,	53.94,	7.92,	7.39,	
550000,	16.718,	74981,	75568,	87826,	61623,	53.91,	7.84,	8.15,	
600000,	18.282,	75525,	74880,	86901,	62694,	54.39,	8.8,	8.68,	
650000,	19.817,	87350,	88287,	102409,	71952,	53.9,	7.84,	7.56,	
700000,	21.286,	88069,	87403,	101426,	73102,	54.14,	8.3,	8.98,	
750000,	22.789,	99813,	100965,	116775,	82445,	53.66,	7.36,	7.52,	
800000,	24.289,	100398,	100162,	115974,	83466,	53.75,	7.54,	7.45,	
850000,	25.806,	112075,	113790,	131360,	92773,	53.69,	7.42,	7.05,	
900000,	27.359,	112729,	112971,	130368,	93932,	53.45,	6.95,	6.7,	
950000,	28.927,	124424,	126427,	145885,	103262,	53.75,	7.49,	7.78,	
1000000,	30.51,	125179,	125563,	145014,	104244,	54.19,	8.4,	8.32,	

1000000,	30.51,	249603,	251990,	290899,	207506,	54.05,	8.13,	8.19,	





OzaBagHT-RandomRBF
Speed Change:,	0.01,	Centroids:,	150,	DriftCentroid:	100
GracePeriod:,	200,	TieThreshold:,	0.05,	BinarySplit:,	false,	BaseClassifier:,	HT,	
EnsembleSize:,	5
Count,	Time,	TP,	FN,	TN,	FP,	Accu,	Kappa,	Kpa_t,	Mem,	Depth,	TSize,	DcNod,	ActLf,	InacLf,	Reset,	Alter,	Switch,	Prune,	ClOp0,	ClOp1,	ClOp2,	ClOp3
50000,	1.551,	12479,	12567,	15324,	9628,	55.61,	11.23,	10.77,	
100000,	3.013,	12429,	12578,	14813,	10180,	54.48,	8.97,	8.54,	
150000,	4.432,	24865,	25196,	30078,	19859,	54.28,	8.57,	9.35,	
200000,	5.926,	25317,	24775,	29103,	20805,	54.36,	8.73,	9.0,	
250000,	7.362,	37578,	37758,	44263,	30399,	53.8,	7.66,	7.67,	
300000,	8.843,	38195,	37148,	43150,	31507,	53.85,	7.75,	8.18,	
350000,	10.317,	50479,	49887,	58298,	41334,	53.87,	7.75,	8.33,	
400000,	11.877,	50533,	49713,	57728,	42026,	53.83,	7.63,	8.31,	
450000,	13.424,	62813,	62671,	73040,	51474,	54.15,	8.35,	8.03,	
500000,	15.013,	62923,	62443,	72307,	52327,	53.94,	7.92,	7.39,	
550000,	16.532,	74981,	75568,	87826,	61623,	53.91,	7.84,	8.15,	
600000,	18.113,	75525,	74880,	86901,	62694,	54.39,	8.8,	8.68,	
650000,	19.673,	87350,	88287,	102409,	71952,	53.9,	7.84,	7.56,	
700000,	21.213,	88069,	87403,	101426,	73102,	54.14,	8.3,	8.98,	
750000,	22.803,	99813,	100965,	116775,	82445,	53.66,	7.36,	7.52,	
800000,	24.424,	100398,	100162,	115974,	83466,	53.75,	7.54,	7.45,	
850000,	26.06,	112075,	113790,	131360,	92773,	53.69,	7.42,	7.05,	
900000,	27.729,	112729,	112971,	130368,	93932,	53.45,	6.95,	6.7,	
950000,	29.322,	124424,	126427,	145885,	103262,	53.75,	7.49,	7.78,	
1000000,	30.914,	125179,	125563,	145014,	104244,	54.19,	8.4,	8.32,	

1000000,	30.914,	249603,	251990,	290899,	207506,	54.05,	8.13,	8.19,	





OzaBagHT-RandomRBF
Speed Change:,	0.01,	Centroids:,	200,	DriftCentroid:	100
GracePeriod:,	200,	TieThreshold:,	0.05,	BinarySplit:,	false,	BaseClassifier:,	HT,	
EnsembleSize:,	5
Count,	Time,	TP,	FN,	TN,	FP,	Accu,	Kappa,	Kpa_t,	Mem,	Depth,	TSize,	DcNod,	ActLf,	InacLf,	Reset,	Alter,	Switch,	Prune,	ClOp0,	ClOp1,	ClOp2,	ClOp3
50000,	1.544,	12479,	12567,	15324,	9628,	55.61,	11.23,	10.77,	
100000,	3.004,	12429,	12578,	14813,	10180,	54.48,	8.97,	8.54,	
150000,	4.432,	24865,	25196,	30078,	19859,	54.28,	8.57,	9.35,	
200000,	5.947,	25317,	24775,	29103,	20805,	54.36,	8.73,	9.0,	
250000,	7.493,	37578,	37758,	44263,	30399,	53.8,	7.66,	7.67,	
300000,	9.049,	38195,	37148,	43150,	31507,	53.85,	7.75,	8.18,	
350000,	10.562,	50479,	49887,	58298,	41334,	53.87,	7.75,	8.33,	
400000,	12.098,	50533,	49713,	57728,	42026,	53.83,	7.63,	8.31,	
450000,	13.607,	62813,	62671,	73040,	51474,	54.15,	8.35,	8.03,	
500000,	15.118,	62923,	62443,	72307,	52327,	53.94,	7.92,	7.39,	
550000,	16.59,	74981,	75568,	87826,	61623,	53.91,	7.84,	8.15,	
600000,	18.149,	75525,	74880,	86901,	62694,	54.39,	8.8,	8.68,	
650000,	19.71,	87350,	88287,	102409,	71952,	53.9,	7.84,	7.56,	
700000,	21.23,	88069,	87403,	101426,	73102,	54.14,	8.3,	8.98,	
750000,	22.783,	99813,	100965,	116775,	82445,	53.66,	7.36,	7.52,	
800000,	24.345,	100398,	100162,	115974,	83466,	53.75,	7.54,	7.45,	
850000,	25.906,	112075,	113790,	131360,	92773,	53.69,	7.42,	7.05,	
900000,	27.466,	112729,	112971,	130368,	93932,	53.45,	6.95,	6.7,	
950000,	29.041,	124424,	126427,	145885,	103262,	53.75,	7.49,	7.78,	
1000000,	30.624,	125179,	125563,	145014,	104244,	54.19,	8.4,	8.32,	

1000000,	30.624,	249603,	251990,	290899,	207506,	54.05,	8.13,	8.19,	





OzaBagHT-RandomRBF
Speed Change:,	0.01,	Centroids:,	250,	DriftCentroid:	100
GracePeriod:,	200,	TieThreshold:,	0.05,	BinarySplit:,	false,	BaseClassifier:,	HT,	
EnsembleSize:,	5
Count,	Time,	TP,	FN,	TN,	FP,	Accu,	Kappa,	Kpa_t,	Mem,	Depth,	TSize,	DcNod,	ActLf,	InacLf,	Reset,	Alter,	Switch,	Prune,	ClOp0,	ClOp1,	ClOp2,	ClOp3
50000,	1.515,	12479,	12567,	15324,	9628,	55.61,	11.23,	10.77,	
100000,	2.952,	12429,	12578,	14813,	10180,	54.48,	8.97,	8.54,	
150000,	4.362,	24865,	25196,	30078,	19859,	54.28,	8.57,	9.35,	
200000,	5.843,	25317,	24775,	29103,	20805,	54.36,	8.73,	9.0,	
250000,	7.289,	37578,	37758,	44263,	30399,	53.8,	7.66,	7.67,	
300000,	8.776,	38195,	37148,	43150,	31507,	53.85,	7.75,	8.18,	
350000,	10.252,	50479,	49887,	58298,	41334,	53.87,	7.75,	8.33,	
400000,	11.75,	50533,	49713,	57728,	42026,	53.83,	7.63,	8.31,	
450000,	13.301,	62813,	62671,	73040,	51474,	54.15,	8.35,	8.03,	
500000,	14.865,	62923,	62443,	72307,	52327,	53.94,	7.92,	7.39,	
550000,	16.555,	74981,	75568,	87826,	61623,	53.91,	7.84,	8.15,	
600000,	18.121,	75525,	74880,	86901,	62694,	54.39,	8.8,	8.68,	
650000,	19.724,	87350,	88287,	102409,	71952,	53.9,	7.84,	7.56,	
700000,	21.313,	88069,	87403,	101426,	73102,	54.14,	8.3,	8.98,	
750000,	22.902,	99813,	100965,	116775,	82445,	53.66,	7.36,	7.52,	
800000,	24.485,	100398,	100162,	115974,	83466,	53.75,	7.54,	7.45,	
850000,	26.043,	112075,	113790,	131360,	92773,	53.69,	7.42,	7.05,	
900000,	27.607,	112729,	112971,	130368,	93932,	53.45,	6.95,	6.7,	
950000,	29.173,	124424,	126427,	145885,	103262,	53.75,	7.49,	7.78,	
1000000,	30.765,	125179,	125563,	145014,	104244,	54.19,	8.4,	8.32,	

1000000,	30.765,	249603,	251990,	290899,	207506,	54.05,	8.13,	8.19,	





OzaBagHT-RandomRBF
Speed Change:,	0.01,	Centroids:,	100,	DriftCentroid:	20
GracePeriod:,	200,	TieThreshold:,	0.05,	BinarySplit:,	false,	BaseClassifier:,	HT,	
EnsembleSize:,	5
Count,	Time,	TP,	FN,	TN,	FP,	Accu,	Kappa,	Kpa_t,	Mem,	Depth,	TSize,	DcNod,	ActLf,	InacLf,	Reset,	Alter,	Switch,	Prune,	ClOp0,	ClOp1,	ClOp2,	ClOp3
50000,	1.449,	19473,	5570,	19053,	5902,	77.05,	54.1,	53.87,	
100000,	2.777,	21806,	3201,	18906,	6087,	81.42,	62.85,	62.67,	
150000,	4.073,	41802,	8256,	38036,	11904,	82.62,	65.25,	65.55,	
200000,	5.368,	44354,	5734,	37921,	11991,	83.13,	66.24,	66.36,	
250000,	6.681,	64701,	10630,	56717,	17950,	83.16,	66.26,	66.35,	
300000,	7.985,	67553,	7785,	56799,	17863,	84.15,	68.26,	68.47,	
350000,	9.294,	87711,	12650,	75669,	23968,	83.92,	67.84,	68.05,	
400000,	10.713,	90432,	9807,	75960,	23801,	84.08,	68.18,	68.38,	
450000,	12.021,	110830,	14647,	94736,	29785,	84.37,	68.72,	68.65,	
500000,	13.346,	113604,	11754,	94936,	29706,	84.3,	68.57,	68.43,	
550000,	14.721,	134134,	16407,	113731,	35726,	84.6,	69.18,	69.31,	
600000,	16.056,	136922,	13475,	114027,	35576,	84.82,	69.63,	69.6,	
650000,	17.438,	157488,	18140,	132669,	41701,	84.58,	69.15,	69.08,	
700000,	18.867,	160309,	15157,	132933,	41601,	84.59,	69.16,	69.41,	
750000,	20.297,	180965,	19803,	151548,	47682,	84.71,	69.39,	69.49,	
800000,	21.697,	183823,	16731,	151951,	47495,	85.06,	70.11,	70.11,	
850000,	23.106,	204360,	21494,	170575,	53569,	84.84,	69.67,	69.58,	
900000,	24.445,	207486,	18209,	170894,	53411,	85.21,	70.39,	70.36,	
950000,	25.801,	227793,	23045,	189638,	59522,	84.99,	69.99,	70.08,	
1000000,	27.141,	231089,	19647,	189929,	59335,	85.28,	70.54,	70.53,	

1000000,	27.141,	458882,	42692,	379567,	118857,	83.84,	67.67,	67.72,	





OzaBagHT-RandomRBF
Speed Change:,	0.01,	Centroids:,	100,	DriftCentroid:	40
GracePeriod:,	200,	TieThreshold:,	0.05,	BinarySplit:,	false,	BaseClassifier:,	HT,	
EnsembleSize:,	5
Count,	Time,	TP,	FN,	TN,	FP,	Accu,	Kappa,	Kpa_t,	Mem,	Depth,	TSize,	DcNod,	ActLf,	InacLf,	Reset,	Alter,	Switch,	Prune,	ClOp0,	ClOp1,	ClOp2,	ClOp3
50000,	1.41,	13444,	11602,	17806,	7146,	62.5,	25.02,	24.62,	
100000,	2.754,	12777,	12230,	18832,	6161,	63.22,	26.44,	26.09,	
150000,	4.087,	26182,	23878,	36560,	13378,	62.98,	25.98,	26.61,	
200000,	5.435,	25386,	24702,	37687,	12225,	62.93,	25.92,	26.09,	
250000,	6.78,	39384,	35949,	55036,	19629,	63.36,	26.89,	26.77,	
300000,	8.219,	38770,	36564,	55953,	18713,	63.3,	26.75,	26.99,	
350000,	9.638,	52775,	47585,	73377,	26261,	63.46,	26.95,	27.39,	
400000,	11.007,	51947,	48291,	74528,	25234,	63.5,	26.95,	27.52,	
450000,	12.385,	65758,	59719,	92248,	32273,	63.71,	27.5,	27.2,	
500000,	13.849,	64796,	60558,	93257,	31389,	63.16,	26.4,	25.93,	
550000,	15.264,	78942,	71599,	110772,	38685,	63.42,	26.87,	27.09,	
600000,	16.711,	77998,	72396,	111733,	37873,	63.36,	26.74,	26.63,	
650000,	18.189,	92016,	83615,	129137,	45230,	62.88,	25.81,	25.55,	
700000,	19.674,	91264,	84199,	130176,	44361,	63.42,	26.88,	27.39,	
750000,	21.15,	105037,	95735,	147707,	51519,	63.18,	26.46,	26.52,	
800000,	22.686,	104367,	96181,	149023,	50429,	63.9,	27.86,	27.76,	
850000,	24.235,	118116,	107745,	166280,	57857,	63.3,	26.66,	26.34,	
900000,	25.727,	117278,	108261,	167724,	56589,	63.52,	27.13,	26.88,	
950000,	27.178,	130409,	119877,	185232,	63920,	63.61,	27.21,	27.45,	
1000000,	28.64,	129558,	120412,	186613,	62658,	63.56,	27.15,	27.07,	

1000000,	28.64,	259967,	240289,	371845,	126578,	63.31,	26.68,	26.7,	





OzaBagHT-RandomRBF
Speed Change:,	0.01,	Centroids:,	100,	DriftCentroid:	60
GracePeriod:,	200,	TieThreshold:,	0.05,	BinarySplit:,	false,	BaseClassifier:,	HT,	
EnsembleSize:,	5
Count,	Time,	TP,	FN,	TN,	FP,	Accu,	Kappa,	Kpa_t,	Mem,	Depth,	TSize,	DcNod,	ActLf,	InacLf,	Reset,	Alter,	Switch,	Prune,	ClOp0,	ClOp1,	ClOp2,	ClOp3
50000,	1.561,	12479,	12567,	15324,	9628,	55.61,	11.23,	10.77,	
100000,	3.018,	12429,	12578,	14813,	10180,	54.48,	8.97,	8.54,	
150000,	4.452,	24865,	25196,	30078,	19859,	54.28,	8.57,	9.35,	
200000,	5.92,	25317,	24775,	29103,	20805,	54.36,	8.73,	9.0,	
250000,	7.342,	37578,	37758,	44263,	30399,	53.8,	7.66,	7.67,	
300000,	8.831,	38195,	37148,	43150,	31507,	53.85,	7.75,	8.18,	
350000,	10.299,	50479,	49887,	58298,	41334,	53.87,	7.75,	8.33,	
400000,	11.766,	50533,	49713,	57728,	42026,	53.83,	7.63,	8.31,	
450000,	13.254,	62813,	62671,	73040,	51474,	54.15,	8.35,	8.03,	
500000,	14.774,	62923,	62443,	72307,	52327,	53.94,	7.92,	7.39,	
550000,	16.263,	74981,	75568,	87826,	61623,	53.91,	7.84,	8.15,	
600000,	17.798,	75525,	74880,	86901,	62694,	54.39,	8.8,	8.68,	
650000,	19.38,	87350,	88287,	102409,	71952,	53.9,	7.84,	7.56,	
700000,	20.962,	88069,	87403,	101426,	73102,	54.14,	8.3,	8.98,	
750000,	22.554,	99813,	100965,	116775,	82445,	53.66,	7.36,	7.52,	
800000,	24.155,	100398,	100162,	115974,	83466,	53.75,	7.54,	7.45,	
850000,	25.791,	112075,	113790,	131360,	92773,	53.69,	7.42,	7.05,	
900000,	27.418,	112729,	112971,	130368,	93932,	53.45,	6.95,	6.7,	
950000,	29.022,	124424,	126427,	145885,	103262,	53.75,	7.49,	7.78,	
1000000,	30.598,	125179,	125563,	145014,	104244,	54.19,	8.4,	8.32,	

1000000,	30.598,	249603,	251990,	290899,	207506,	54.05,	8.13,	8.19,	





OzaBagHT-RandomRBF
Speed Change:,	0.01,	Centroids:,	100,	DriftCentroid:	80
GracePeriod:,	200,	TieThreshold:,	0.05,	BinarySplit:,	false,	BaseClassifier:,	HT,	
EnsembleSize:,	5
Count,	Time,	TP,	FN,	TN,	FP,	Accu,	Kappa,	Kpa_t,	Mem,	Depth,	TSize,	DcNod,	ActLf,	InacLf,	Reset,	Alter,	Switch,	Prune,	ClOp0,	ClOp1,	ClOp2,	ClOp3
50000,	1.503,	12479,	12567,	15324,	9628,	55.61,	11.23,	10.77,	
100000,	2.976,	12429,	12578,	14813,	10180,	54.48,	8.97,	8.54,	
150000,	4.423,	24865,	25196,	30078,	19859,	54.28,	8.57,	9.35,	
200000,	5.921,	25317,	24775,	29103,	20805,	54.36,	8.73,	9.0,	
250000,	7.368,	37578,	37758,	44263,	30399,	53.8,	7.66,	7.67,	
300000,	8.859,	38195,	37148,	43150,	31507,	53.85,	7.75,	8.18,	
350000,	10.341,	50479,	49887,	58298,	41334,	53.87,	7.75,	8.33,	
400000,	11.815,	50533,	49713,	57728,	42026,	53.83,	7.63,	8.31,	
450000,	13.333,	62813,	62671,	73040,	51474,	54.15,	8.35,	8.03,	
500000,	14.882,	62923,	62443,	72307,	52327,	53.94,	7.92,	7.39,	
550000,	16.346,	74981,	75568,	87826,	61623,	53.91,	7.84,	8.15,	
600000,	17.873,	75525,	74880,	86901,	62694,	54.39,	8.8,	8.68,	
650000,	19.441,	87350,	88287,	102409,	71952,	53.9,	7.84,	7.56,	
700000,	20.976,	88069,	87403,	101426,	73102,	54.14,	8.3,	8.98,	
750000,	22.578,	99813,	100965,	116775,	82445,	53.66,	7.36,	7.52,	
800000,	24.128,	100398,	100162,	115974,	83466,	53.75,	7.54,	7.45,	
850000,	25.696,	112075,	113790,	131360,	92773,	53.69,	7.42,	7.05,	
900000,	27.275,	112729,	112971,	130368,	93932,	53.45,	6.95,	6.7,	
950000,	28.831,	124424,	126427,	145885,	103262,	53.75,	7.49,	7.78,	
1000000,	30.383,	125179,	125563,	145014,	104244,	54.19,	8.4,	8.32,	

1000000,	30.383,	249603,	251990,	290899,	207506,	54.05,	8.13,	8.19,	





OzaBagHT-RandomRBF
Speed Change:,	0.01,	Centroids:,	100,	DriftCentroid:	100
GracePeriod:,	200,	TieThreshold:,	0.05,	BinarySplit:,	false,	BaseClassifier:,	HT,	
EnsembleSize:,	5
Count,	Time,	TP,	FN,	TN,	FP,	Accu,	Kappa,	Kpa_t,	Mem,	Depth,	TSize,	DcNod,	ActLf,	InacLf,	Reset,	Alter,	Switch,	Prune,	ClOp0,	ClOp1,	ClOp2,	ClOp3
50000,	1.53,	12479,	12567,	15324,	9628,	55.61,	11.23,	10.77,	
100000,	2.981,	12429,	12578,	14813,	10180,	54.48,	8.97,	8.54,	
150000,	4.46,	24865,	25196,	30078,	19859,	54.28,	8.57,	9.35,	
200000,	5.961,	25317,	24775,	29103,	20805,	54.36,	8.73,	9.0,	
250000,	7.419,	37578,	37758,	44263,	30399,	53.8,	7.66,	7.67,	
300000,	8.932,	38195,	37148,	43150,	31507,	53.85,	7.75,	8.18,	
350000,	10.427,	50479,	49887,	58298,	41334,	53.87,	7.75,	8.33,	
400000,	11.918,	50533,	49713,	57728,	42026,	53.83,	7.63,	8.31,	
450000,	13.418,	62813,	62671,	73040,	51474,	54.15,	8.35,	8.03,	
500000,	14.95,	62923,	62443,	72307,	52327,	53.94,	7.92,	7.39,	
550000,	16.43,	74981,	75568,	87826,	61623,	53.91,	7.84,	8.15,	
600000,	17.997,	75525,	74880,	86901,	62694,	54.39,	8.8,	8.68,	
650000,	19.576,	87350,	88287,	102409,	71952,	53.9,	7.84,	7.56,	
700000,	21.102,	88069,	87403,	101426,	73102,	54.14,	8.3,	8.98,	
750000,	22.631,	99813,	100965,	116775,	82445,	53.66,	7.36,	7.52,	
800000,	24.16,	100398,	100162,	115974,	83466,	53.75,	7.54,	7.45,	
850000,	25.77,	112075,	113790,	131360,	92773,	53.69,	7.42,	7.05,	
900000,	27.308,	112729,	112971,	130368,	93932,	53.45,	6.95,	6.7,	
950000,	28.862,	124424,	126427,	145885,	103262,	53.75,	7.49,	7.78,	
1000000,	30.422,	125179,	125563,	145014,	104244,	54.19,	8.4,	8.32,	

1000000,	30.422,	249603,	251990,	290899,	207506,	54.05,	8.13,	8.19,	





OzaBagHT-RandomRBF
Speed Change:,	0.01,	Centroids:,	100,	DriftCentroid:	100
GracePeriod:,	200,	TieThreshold:,	0.05,	BinarySplit:,	false,	BaseClassifier:,	HT,	
EnsembleSize:,	5
Count,	Time,	TP,	FN,	TN,	FP,	Accu,	Kappa,	Kpa_t,	Mem,	Depth,	TSize,	DcNod,	ActLf,	InacLf,	Reset,	Alter,	Switch,	Prune,	ClOp0,	ClOp1,	ClOp2,	ClOp3
50000,	1.534,	12479,	12567,	15324,	9628,	55.61,	11.23,	10.77,	
100000,	3.075,	12429,	12578,	14813,	10180,	54.48,	8.97,	8.54,	
150000,	4.541,	24865,	25196,	30078,	19859,	54.28,	8.57,	9.35,	
200000,	6.016,	25317,	24775,	29103,	20805,	54.36,	8.73,	9.0,	
250000,	7.434,	37578,	37758,	44263,	30399,	53.8,	7.66,	7.67,	
300000,	8.909,	38195,	37148,	43150,	31507,	53.85,	7.75,	8.18,	
350000,	10.377,	50479,	49887,	58298,	41334,	53.87,	7.75,	8.33,	
400000,	11.864,	50533,	49713,	57728,	42026,	53.83,	7.63,	8.31,	
450000,	13.36,	62813,	62671,	73040,	51474,	54.15,	8.35,	8.03,	
500000,	14.877,	62923,	62443,	72307,	52327,	53.94,	7.92,	7.39,	
550000,	16.359,	74981,	75568,	87826,	61623,	53.91,	7.84,	8.15,	
600000,	17.912,	75525,	74880,	86901,	62694,	54.39,	8.8,	8.68,	
650000,	19.466,	87350,	88287,	102409,	71952,	53.9,	7.84,	7.56,	
700000,	21.013,	88069,	87403,	101426,	73102,	54.14,	8.3,	8.98,	
750000,	22.552,	99813,	100965,	116775,	82445,	53.66,	7.36,	7.52,	
800000,	24.097,	100398,	100162,	115974,	83466,	53.75,	7.54,	7.45,	
850000,	25.673,	112075,	113790,	131360,	92773,	53.69,	7.42,	7.05,	
900000,	27.222,	112729,	112971,	130368,	93932,	53.45,	6.95,	6.7,	
950000,	28.807,	124424,	126427,	145885,	103262,	53.75,	7.49,	7.78,	
1000000,	30.394,	125179,	125563,	145014,	104244,	54.19,	8.4,	8.32,	

1000000,	30.394,	249603,	251990,	290899,	207506,	54.05,	8.13,	8.19,	





OzaBagHT-RandomRBF
Speed Change:,	0.01,	Centroids:,	100,	DriftCentroid:	100
GracePeriod:,	400,	TieThreshold:,	0.05,	BinarySplit:,	false,	BaseClassifier:,	HT,	
EnsembleSize:,	5
Count,	Time,	TP,	FN,	TN,	FP,	Accu,	Kappa,	Kpa_t,	Mem,	Depth,	TSize,	DcNod,	ActLf,	InacLf,	Reset,	Alter,	Switch,	Prune,	ClOp0,	ClOp1,	ClOp2,	ClOp3
50000,	1.5,	12124,	12921,	15571,	9382,	55.39,	10.8,	10.33,	
100000,	2.961,	12394,	12611,	15073,	9922,	54.93,	9.87,	9.44,	
150000,	4.399,	24008,	26052,	30879,	19059,	54.38,	8.78,	9.56,	
200000,	5.824,	24676,	25409,	29948,	19967,	54.31,	8.66,	8.92,	
250000,	7.246,	36710,	38621,	44979,	29688,	53.6,	7.28,	7.29,	
300000,	8.643,	37414,	37920,	44061,	30605,	53.7,	7.46,	7.89,	
350000,	10.138,	49449,	50911,	59437,	40201,	54.39,	8.8,	9.37,	
400000,	11.619,	49573,	50665,	58988,	40774,	54.17,	8.31,	8.98,	
450000,	13.039,	61540,	63934,	74472,	50052,	54.25,	8.56,	8.23,	
500000,	14.525,	61798,	63554,	73730,	50918,	53.93,	7.91,	7.39,	
550000,	15.969,	73651,	76886,	89185,	60276,	53.65,	7.32,	7.63,	
600000,	17.357,	73997,	76395,	88592,	61016,	54.12,	8.26,	8.14,	
650000,	18.845,	85808,	89816,	103956,	70418,	53.86,	7.75,	7.46,	
700000,	20.33,	86322,	89139,	103147,	71392,	53.76,	7.54,	8.22,	
750000,	21.826,	98210,	102554,	118475,	80759,	53.84,	7.73,	7.88,	
800000,	23.351,	98564,	101985,	117665,	81786,	53.52,	7.07,	6.98,	
850000,	24.896,	110607,	115242,	133128,	91021,	54.1,	8.23,	7.86,	
900000,	26.421,	110949,	114741,	132053,	92257,	53.55,	7.14,	6.89,	
950000,	27.918,	122666,	128169,	147760,	101403,	53.38,	6.76,	7.05,	
1000000,	29.446,	123348,	127387,	146698,	102567,	54.09,	8.19,	8.11,	

1000000,	29.446,	246014,	255556,	294458,	203970,	54.05,	8.12,	8.18,	





OzaBagHT-RandomRBF
Speed Change:,	0.01,	Centroids:,	100,	DriftCentroid:	100
GracePeriod:,	800,	TieThreshold:,	0.05,	BinarySplit:,	false,	BaseClassifier:,	HT,	
EnsembleSize:,	5
Count,	Time,	TP,	FN,	TN,	FP,	Accu,	Kappa,	Kpa_t,	Mem,	Depth,	TSize,	DcNod,	ActLf,	InacLf,	Reset,	Alter,	Switch,	Prune,	ClOp0,	ClOp1,	ClOp2,	ClOp3
50000,	1.479,	12169,	12872,	15514,	9443,	55.37,	10.75,	10.28,	
100000,	2.879,	12326,	12679,	15024,	9971,	54.7,	9.4,	8.97,	
150000,	4.28,	24874,	25182,	30112,	19830,	54.61,	9.22,	10.0,	
200000,	5.628,	24757,	25330,	29735,	20178,	54.28,	8.6,	8.86,	
250000,	6.98,	37714,	37612,	44409,	30263,	54.27,	8.62,	8.62,	
300000,	8.341,	37454,	37881,	43754,	30911,	53.43,	6.92,	7.35,	
350000,	9.714,	50479,	49879,	58544,	41096,	53.8,	7.61,	8.19,	
400000,	11.086,	49839,	50398,	58450,	41313,	54.16,	8.29,	8.96,	
450000,	12.442,	62652,	62824,	73439,	51083,	54.14,	8.32,	8.0,	
500000,	13.834,	62126,	63225,	73335,	51314,	54.34,	8.73,	8.21,	
550000,	15.177,	75005,	75535,	88091,	61367,	54.01,	8.04,	8.35,	
600000,	16.585,	74485,	75907,	87950,	61658,	53.95,	7.91,	7.79,	
650000,	17.946,	87258,	88371,	103017,	71352,	54.36,	8.75,	8.47,	
700000,	19.336,	87005,	88456,	102430,	72109,	54.0,	8.02,	8.7,	
750000,	20.761,	99699,	101070,	117488,	81741,	53.82,	7.69,	7.85,	
800000,	22.152,	99400,	101147,	117031,	82422,	53.99,	8.01,	7.93,	
850000,	23.573,	112292,	113564,	131797,	92345,	53.8,	7.63,	7.27,	
900000,	24.946,	111695,	113992,	131520,	92793,	53.57,	7.18,	6.94,	
950000,	26.359,	124506,	126334,	146424,	102734,	53.68,	7.36,	7.65,	
1000000,	27.778,	124009,	126721,	146045,	103225,	53.68,	7.37,	7.29,	

1000000,	27.778,	248515,	253055,	292469,	205959,	54.1,	8.22,	8.28,	





OzaBagHT-RandomRBF
Speed Change:,	0.01,	Centroids:,	100,	DriftCentroid:	100
GracePeriod:,	1600,	TieThreshold:,	0.05,	BinarySplit:,	false,	BaseClassifier:,	HT,	
EnsembleSize:,	5
Count,	Time,	TP,	FN,	TN,	FP,	Accu,	Kappa,	Kpa_t,	Mem,	Depth,	TSize,	DcNod,	ActLf,	InacLf,	Reset,	Alter,	Switch,	Prune,	ClOp0,	ClOp1,	ClOp2,	ClOp3
50000,	1.43,	12507,	12537,	15142,	9812,	55.3,	10.61,	10.15,	
100000,	2.793,	11651,	13356,	15599,	9394,	54.5,	9.0,	8.57,	
150000,	4.106,	24011,	26047,	30709,	19231,	54.14,	8.29,	9.08,	
200000,	5.412,	23609,	26480,	30605,	19306,	53.93,	7.89,	8.15,	
250000,	6.719,	36563,	38768,	44949,	29718,	53.58,	7.25,	7.25,	
300000,	8.076,	36356,	38984,	44784,	29876,	53.85,	7.77,	8.19,	
350000,	9.48,	49187,	51176,	59189,	40446,	53.73,	7.46,	8.04,	
400000,	10.864,	48516,	51727,	59551,	40206,	53.85,	7.67,	8.35,	
450000,	12.233,	61209,	64270,	74259,	50260,	54.18,	8.42,	8.09,	
500000,	13.565,	60500,	64862,	74566,	50072,	54.0,	8.05,	7.52,	
550000,	14.95,	73362,	77184,	89132,	60320,	54.05,	8.13,	8.43,	
600000,	16.371,	72835,	77566,	89196,	60403,	53.93,	7.87,	7.76,	
650000,	17.771,	85615,	90019,	103730,	70634,	53.7,	7.44,	7.15,	
700000,	19.12,	85092,	90376,	103911,	70621,	53.94,	7.91,	8.59,	
750000,	20.522,	97858,	102915,	118301,	80924,	53.63,	7.31,	7.46,	
800000,	21.907,	97228,	103327,	118517,	80928,	53.48,	7.0,	6.91,	
850000,	23.324,	110171,	115686,	132900,	91241,	53.82,	7.68,	7.31,	
900000,	24.733,	109365,	116329,	133188,	91118,	53.62,	7.29,	7.03,	
950000,	26.108,	121987,	128855,	147732,	101424,	53.3,	6.59,	6.88,	
1000000,	27.506,	121486,	129252,	148039,	101223,	53.94,	7.91,	7.83,	

1000000,	27.506,	243473,	258107,	295771,	202647,	53.92,	7.88,	7.94,	





OzaBagHT-RandomRBF
Speed Change:,	0.01,	Centroids:,	100,	DriftCentroid:	100
GracePeriod:,	3200,	TieThreshold:,	0.05,	BinarySplit:,	false,	BaseClassifier:,	HT,	
EnsembleSize:,	5
Count,	Time,	TP,	FN,	TN,	FP,	Accu,	Kappa,	Kpa_t,	Mem,	Depth,	TSize,	DcNod,	ActLf,	InacLf,	Reset,	Alter,	Switch,	Prune,	ClOp0,	ClOp1,	ClOp2,	ClOp3
50000,	1.404,	11983,	13063,	15503,	9449,	54.97,	9.97,	9.49,	
100000,	2.735,	11354,	13652,	16014,	8980,	54.74,	9.48,	9.05,	
150000,	4.004,	23626,	26436,	31184,	18752,	54.65,	9.31,	10.08,	
200000,	5.299,	23204,	26883,	31250,	18663,	54.17,	8.39,	8.63,	
250000,	6.565,	36167,	39169,	45680,	28982,	54.07,	8.24,	8.23,	
300000,	7.803,	35759,	39575,	45546,	29120,	53.7,	7.48,	7.89,	
350000,	9.01,	48216,	52151,	60511,	39120,	53.76,	7.53,	8.11,	
400000,	10.274,	47687,	52548,	60556,	39209,	53.88,	7.71,	8.39,	
450000,	11.544,	59836,	65646,	75663,	48853,	53.54,	7.15,	6.81,	
500000,	12.835,	59426,	65927,	75831,	48816,	54.03,	8.12,	7.58,	
550000,	14.157,	71694,	78854,	90764,	58686,	53.92,	7.87,	8.17,	
600000,	15.512,	71198,	79193,	90941,	58668,	53.76,	7.55,	7.42,	
650000,	16.802,	83352,	92283,	105920,	68443,	53.63,	7.3,	7.0,	
700000,	18.084,	83236,	92223,	105921,	68620,	54.04,	8.1,	8.77,	
750000,	19.384,	95208,	105565,	120767,	78458,	53.41,	6.88,	7.01,	
800000,	20.721,	95188,	105360,	120996,	78456,	54.05,	8.15,	8.05,	
850000,	22.124,	107018,	118841,	135659,	88480,	53.4,	6.85,	6.46,	
900000,	23.614,	107200,	118488,	135859,	88453,	53.75,	7.56,	7.3,	
950000,	24.972,	118638,	132206,	150874,	98280,	53.67,	7.33,	7.63,	
1000000,	26.351,	119222,	131510,	150683,	98585,	53.69,	7.4,	7.32,	

1000000,	26.351,	237860,	263716,	301557,	196865,	53.94,	7.92,	7.97,	





OzaBagHT-RandomRBF
Speed Change:,	0.01,	Centroids:,	100,	DriftCentroid:	100
GracePeriod:,	200,	TieThreshold:,	0.001,	BinarySplit:,	false,	BaseClassifier:,	HT,	
EnsembleSize:,	5
Count,	Time,	TP,	FN,	TN,	FP,	Accu,	Kappa,	Kpa_t,	Mem,	Depth,	TSize,	DcNod,	ActLf,	InacLf,	Reset,	Alter,	Switch,	Prune,	ClOp0,	ClOp1,	ClOp2,	ClOp3
50000,	1.439,	8980,	16064,	17438,	7516,	52.84,	5.73,	5.2,	
100000,	2.856,	9124,	15883,	17498,	7495,	53.24,	6.5,	6.05,	
150000,	4.266,	18093,	31967,	35019,	14919,	53.39,	6.8,	7.59,	
200000,	5.689,	18218,	31870,	35026,	14886,	53.24,	6.59,	6.78,	
250000,	7.1,	27524,	47809,	52037,	22628,	52.9,	6.12,	5.88,	
300000,	8.506,	27551,	47787,	52171,	22491,	52.96,	6.21,	6.41,	
350000,	9.936,	36842,	63522,	69197,	30437,	52.96,	5.95,	6.51,	
400000,	11.371,	36823,	63418,	69616,	30143,	53.43,	6.75,	7.52,	
450000,	12.797,	45998,	79483,	86764,	37753,	53.45,	7.04,	6.61,	
500000,	14.249,	46129,	79230,	87160,	37481,	53.7,	7.55,	6.92,	
550000,	15.745,	55267,	95279,	104204,	45248,	53.42,	6.92,	7.17,	
600000,	17.223,	55506,	94892,	104644,	44958,	53.72,	7.49,	7.34,	
650000,	18.699,	64421,	111213,	121514,	52850,	52.93,	5.97,	5.6,	
700000,	20.179,	64813,	110653,	121962,	52572,	53.25,	6.58,	7.21,	
750000,	21.653,	73635,	127139,	138796,	60428,	52.99,	6.16,	6.19,	
800000,	23.125,	73967,	126587,	139332,	60114,	53.05,	6.21,	6.04,	
850000,	24.546,	82745,	143115,	156210,	67928,	53.05,	6.2,	5.75,	
900000,	25.954,	83157,	142537,	156705,	67601,	53.13,	6.43,	6.05,	
950000,	27.377,	91799,	159046,	173641,	75512,	52.97,	5.92,	6.23,	
1000000,	28.798,	92428,	158309,	174143,	75120,	53.42,	6.89,	6.77,	

1000000,	28.798,	184227,	317355,	347784,	150632,	53.2,	6.5,	6.49,	





OzaBagHT-RandomRBF
Speed Change:,	0.01,	Centroids:,	100,	DriftCentroid:	100
GracePeriod:,	200,	TieThreshold:,	0.005,	BinarySplit:,	false,	BaseClassifier:,	HT,	
EnsembleSize:,	5
Count,	Time,	TP,	FN,	TN,	FP,	Accu,	Kappa,	Kpa_t,	Mem,	Depth,	TSize,	DcNod,	ActLf,	InacLf,	Reset,	Alter,	Switch,	Prune,	ClOp0,	ClOp1,	ClOp2,	ClOp3
50000,	1.426,	8980,	16064,	17438,	7516,	52.84,	5.73,	5.2,	
100000,	2.829,	9124,	15883,	17498,	7495,	53.24,	6.5,	6.05,	
150000,	4.226,	18093,	31967,	35019,	14919,	53.39,	6.8,	7.59,	
200000,	5.634,	18218,	31870,	35026,	14886,	53.24,	6.59,	6.78,	
250000,	7.027,	27524,	47809,	52037,	22628,	52.9,	6.12,	5.88,	
300000,	8.41,	27551,	47787,	52171,	22491,	52.96,	6.21,	6.41,	
350000,	9.817,	37209,	63155,	68883,	30751,	53.06,	6.16,	6.72,	
400000,	11.223,	36689,	63552,	69679,	30080,	53.29,	6.46,	7.23,	
450000,	12.612,	46270,	79211,	86651,	37866,	53.66,	7.47,	7.04,	
500000,	14.03,	45959,	79400,	87282,	37359,	53.75,	7.64,	7.01,	
550000,	15.44,	55519,	95027,	104150,	45302,	53.5,	7.07,	7.33,	
600000,	16.837,	55506,	94892,	104566,	45036,	53.66,	7.37,	7.22,	
650000,	18.229,	64715,	110919,	121503,	52861,	53.1,	6.3,	5.94,	
700000,	19.645,	65140,	110325,	121777,	52758,	53.69,	7.46,	8.09,	
750000,	21.034,	74054,	126720,	138726,	60498,	53.12,	6.42,	6.45,	
800000,	22.441,	74395,	126158,	139244,	60203,	53.44,	7.0,	6.83,	
850000,	23.832,	83398,	142462,	156023,	68115,	53.28,	6.67,	6.22,	
900000,	25.241,	83756,	141937,	156552,	67755,	53.34,	6.84,	6.48,	
950000,	26.65,	92648,	158196,	173397,	75757,	53.25,	6.48,	6.79,	
1000000,	28.033,	93333,	157403,	173760,	75504,	53.57,	7.19,	7.08,	

1000000,	28.033,	185981,	315599,	347157,	151261,	53.31,	6.72,	6.72,	





OzaBagHT-RandomRBF
Speed Change:,	0.01,	Centroids:,	100,	DriftCentroid:	100
GracePeriod:,	200,	TieThreshold:,	0.01,	BinarySplit:,	false,	BaseClassifier:,	HT,	
EnsembleSize:,	5
Count,	Time,	TP,	FN,	TN,	FP,	Accu,	Kappa,	Kpa_t,	Mem,	Depth,	TSize,	DcNod,	ActLf,	InacLf,	Reset,	Alter,	Switch,	Prune,	ClOp0,	ClOp1,	ClOp2,	ClOp3
50000,	1.403,	8980,	16064,	17438,	7516,	52.84,	5.73,	5.2,	
100000,	2.88,	9715,	15292,	16913,	8080,	53.26,	6.52,	6.07,	
150000,	4.27,	18537,	31523,	34577,	15361,	53.39,	6.8,	7.59,	
200000,	5.67,	19867,	30221,	33691,	16221,	53.86,	7.8,	8.01,	
250000,	7.09,	29451,	45882,	50427,	24238,	53.53,	7.27,	7.13,	
300000,	8.469,	30029,	45309,	50180,	24482,	53.3,	6.85,	7.09,	
350000,	9.794,	39096,	61268,	67542,	32092,	53.52,	7.07,	7.63,	
400000,	11.163,	39412,	60829,	67742,	32017,	53.89,	7.66,	8.42,	
450000,	12.577,	48250,	77231,	85314,	39203,	53.85,	7.85,	7.43,	
500000,	14.014,	49771,	75587,	84489,	40153,	54.21,	8.54,	7.95,	
550000,	15.414,	58748,	91798,	101720,	47732,	53.81,	7.67,	7.95,	
600000,	16.801,	60247,	90150,	101040,	48563,	54.05,	8.14,	8.0,	
650000,	18.18,	68789,	106845,	118363,	56001,	53.37,	6.82,	6.48,	
700000,	19.587,	70723,	104742,	117424,	57111,	53.72,	7.5,	8.15,	
750000,	20.944,	78875,	121899,	135080,	64144,	53.61,	7.35,	7.41,	
800000,	22.299,	80578,	119975,	134305,	65142,	53.47,	7.04,	6.89,	
850000,	23.629,	88553,	137307,	152170,	71968,	53.54,	7.17,	6.73,	
900000,	24.985,	90707,	134986,	150835,	73472,	53.32,	6.77,	6.44,	
950000,	26.298,	98301,	152544,	169132,	80021,	53.42,	6.82,	7.13,	
1000000,	27.606,	100271,	150465,	168067,	81197,	53.59,	7.23,	7.12,	

1000000,	27.606,	198572,	303009,	337199,	161218,	53.58,	7.24,	7.24,	





OzaBagHT-RandomRBF
Speed Change:,	0.01,	Centroids:,	100,	DriftCentroid:	100
GracePeriod:,	200,	TieThreshold:,	0.05,	BinarySplit:,	false,	BaseClassifier:,	HT,	
EnsembleSize:,	5
Count,	Time,	TP,	FN,	TN,	FP,	Accu,	Kappa,	Kpa_t,	Mem,	Depth,	TSize,	DcNod,	ActLf,	InacLf,	Reset,	Alter,	Switch,	Prune,	ClOp0,	ClOp1,	ClOp2,	ClOp3
50000,	1.503,	12479,	12567,	15324,	9628,	55.61,	11.23,	10.77,	
100000,	2.914,	12429,	12578,	14813,	10180,	54.48,	8.97,	8.54,	
150000,	4.314,	24865,	25196,	30078,	19859,	54.28,	8.57,	9.35,	
200000,	5.761,	25317,	24775,	29103,	20805,	54.36,	8.73,	9.0,	
250000,	7.177,	37578,	37758,	44263,	30399,	53.8,	7.66,	7.67,	
300000,	8.639,	38195,	37148,	43150,	31507,	53.85,	7.75,	8.18,	
350000,	10.084,	50479,	49887,	58298,	41334,	53.87,	7.75,	8.33,	
400000,	11.533,	50533,	49713,	57728,	42026,	53.83,	7.63,	8.31,	
450000,	13.027,	62813,	62671,	73040,	51474,	54.15,	8.35,	8.03,	
500000,	14.535,	62923,	62443,	72307,	52327,	53.94,	7.92,	7.39,	
550000,	16.029,	74981,	75568,	87826,	61623,	53.91,	7.84,	8.15,	
600000,	17.599,	75525,	74880,	86901,	62694,	54.39,	8.8,	8.68,	
650000,	19.162,	87350,	88287,	102409,	71952,	53.9,	7.84,	7.56,	
700000,	20.7,	88069,	87403,	101426,	73102,	54.14,	8.3,	8.98,	
750000,	22.272,	99813,	100965,	116775,	82445,	53.66,	7.36,	7.52,	
800000,	23.833,	100398,	100162,	115974,	83466,	53.75,	7.54,	7.45,	
850000,	25.426,	112075,	113790,	131360,	92773,	53.69,	7.42,	7.05,	
900000,	27.028,	112729,	112971,	130368,	93932,	53.45,	6.95,	6.7,	
950000,	28.628,	124424,	126427,	145885,	103262,	53.75,	7.49,	7.78,	
1000000,	30.237,	125179,	125563,	145014,	104244,	54.19,	8.4,	8.32,	

1000000,	30.237,	249603,	251990,	290899,	207506,	54.05,	8.13,	8.19,	





OzaBagHT-RandomRBF
Speed Change:,	0.01,	Centroids:,	100,	DriftCentroid:	100
GracePeriod:,	200,	TieThreshold:,	0.1,	BinarySplit:,	false,	BaseClassifier:,	HT,	
EnsembleSize:,	5
Count,	Time,	TP,	FN,	TN,	FP,	Accu,	Kappa,	Kpa_t,	Mem,	Depth,	TSize,	DcNod,	ActLf,	InacLf,	Reset,	Alter,	Switch,	Prune,	ClOp0,	ClOp1,	ClOp2,	ClOp3
50000,	1.857,	14014,	11024,	14413,	10547,	56.85,	13.71,	13.27,	
100000,	3.66,	13227,	11781,	14324,	10668,	55.1,	10.21,	9.78,	
150000,	5.578,	27624,	22429,	28359,	21586,	55.11,	10.22,	11.0,	
200000,	7.519,	26765,	23327,	28088,	21820,	54.6,	9.21,	9.49,	
250000,	9.489,	41636,	33684,	41559,	33119,	54.42,	8.83,	8.92,	
300000,	11.497,	40433,	34907,	41432,	33228,	54.02,	8.05,	8.53,	
350000,	13.504,	55297,	45051,	55126,	44524,	54.46,	8.91,	9.49,	
400000,	15.644,	53761,	46484,	55264,	44491,	54.32,	8.63,	9.28,	
450000,	17.683,	68500,	56962,	68965,	55571,	54.08,	8.18,	7.89,	
500000,	19.752,	66895,	58468,	69086,	55551,	53.91,	7.84,	7.34,	
550000,	21.865,	81593,	68936,	82802,	66667,	53.86,	7.73,	8.05,	
600000,	23.967,	80111,	70291,	82861,	66737,	53.98,	7.97,	7.86,	
650000,	26.066,	94564,	81050,	96522,	77862,	53.38,	6.77,	6.51,	
700000,	28.251,	93523,	81947,	96456,	78074,	54.01,	8.03,	8.73,	
750000,	30.419,	107750,	93002,	110173,	89073,	53.67,	7.36,	7.55,	
800000,	32.54,	106681,	93879,	110056,	89384,	53.52,	7.04,	6.98,	
850000,	34.68,	121050,	104788,	123693,	100467,	53.64,	7.28,	6.94,	
900000,	36.783,	119868,	105834,	123668,	100630,	53.6,	7.21,	7.0,	
950000,	39.047,	134000,	116825,	137371,	111802,	53.26,	6.51,	6.8,	
1000000,	41.134,	133014,	117728,	137499,	111759,	53.95,	7.91,	7.85,	

1000000,	41.134,	267014,	234553,	274870,	223561,	54.19,	8.38,	8.46,	





OzaBagHT-RandomRBF
Speed Change:,	0.01,	Centroids:,	100,	DriftCentroid:	100
GracePeriod:,	200,	TieThreshold:,	0.01,	BinarySplit:,	true,	BaseClassifier:,	HT,	
EnsembleSize:,	5
Count,	Time,	TP,	FN,	TN,	FP,	Accu,	Kappa,	Kpa_t,	Mem,	Depth,	TSize,	DcNod,	ActLf,	InacLf,	Reset,	Alter,	Switch,	Prune,	ClOp0,	ClOp1,	ClOp2,	ClOp3
50000,	1.515,	8980,	16064,	17438,	7516,	52.84,	5.73,	5.2,	
100000,	3.0,	9715,	15292,	16913,	8080,	53.26,	6.52,	6.07,	
150000,	4.459,	18537,	31523,	34577,	15361,	53.39,	6.8,	7.59,	
200000,	5.887,	19867,	30221,	33691,	16221,	53.86,	7.8,	8.01,	
250000,	7.357,	29451,	45882,	50427,	24238,	53.53,	7.27,	7.13,	
300000,	8.719,	30029,	45309,	50180,	24482,	53.3,	6.85,	7.09,	
350000,	10.078,	39096,	61268,	67542,	32092,	53.52,	7.07,	7.63,	
400000,	11.448,	39412,	60829,	67742,	32017,	53.89,	7.66,	8.42,	
450000,	12.843,	48250,	77231,	85314,	39203,	53.85,	7.85,	7.43,	
500000,	14.262,	49771,	75587,	84489,	40153,	54.21,	8.54,	7.95,	
550000,	15.684,	58748,	91798,	101720,	47732,	53.81,	7.67,	7.95,	
600000,	17.078,	60247,	90150,	101040,	48563,	54.05,	8.14,	8.0,	
650000,	18.449,	68789,	106845,	118363,	56001,	53.37,	6.82,	6.48,	
700000,	19.849,	70723,	104742,	117424,	57111,	53.72,	7.5,	8.15,	
750000,	21.201,	78875,	121899,	135080,	64144,	53.61,	7.35,	7.41,	
800000,	22.551,	80578,	119975,	134305,	65142,	53.47,	7.04,	6.89,	
850000,	23.884,	88553,	137307,	152170,	71968,	53.54,	7.17,	6.73,	
900000,	25.247,	90707,	134986,	150835,	73472,	53.32,	6.77,	6.44,	
950000,	26.538,	98301,	152544,	169132,	80021,	53.42,	6.82,	7.13,	
1000000,	27.846,	100271,	150465,	168067,	81197,	53.59,	7.23,	7.12,	

1000000,	27.846,	198572,	303009,	337199,	161218,	53.58,	7.24,	7.24,	





OzaBagHT-RandomRBF
Speed Change:,	0.01,	Centroids:,	100,	DriftCentroid:	100
GracePeriod:,	200,	TieThreshold:,	0.01,	BinarySplit:,	true,	BaseClassifier:,	HT,	
EnsembleSize:,	5
Count,	Time,	TP,	FN,	TN,	FP,	Accu,	Kappa,	Kpa_t,	Mem,	Depth,	TSize,	DcNod,	ActLf,	InacLf,	Reset,	Alter,	Switch,	Prune,	ClOp0,	ClOp1,	ClOp2,	ClOp3
50000,	1.451,	8980,	16064,	17438,	7516,	52.84,	5.73,	5.2,	
100000,	2.909,	9715,	15292,	16913,	8080,	53.26,	6.52,	6.07,	
150000,	4.354,	18537,	31523,	34577,	15361,	53.39,	6.8,	7.59,	
200000,	5.751,	19867,	30221,	33691,	16221,	53.86,	7.8,	8.01,	
250000,	7.145,	29451,	45882,	50427,	24238,	53.53,	7.27,	7.13,	
300000,	8.576,	30029,	45309,	50180,	24482,	53.3,	6.85,	7.09,	
350000,	9.919,	39096,	61268,	67542,	32092,	53.52,	7.07,	7.63,	
400000,	11.293,	39412,	60829,	67742,	32017,	53.89,	7.66,	8.42,	
450000,	12.665,	48250,	77231,	85314,	39203,	53.85,	7.85,	7.43,	
500000,	14.063,	49771,	75587,	84489,	40153,	54.21,	8.54,	7.95,	
550000,	15.464,	58748,	91798,	101720,	47732,	53.81,	7.67,	7.95,	
600000,	16.848,	60247,	90150,	101040,	48563,	54.05,	8.14,	8.0,	
650000,	18.224,	68789,	106845,	118363,	56001,	53.37,	6.82,	6.48,	
700000,	19.634,	70723,	104742,	117424,	57111,	53.72,	7.5,	8.15,	
750000,	20.976,	78875,	121899,	135080,	64144,	53.61,	7.35,	7.41,	
800000,	22.301,	80578,	119975,	134305,	65142,	53.47,	7.04,	6.89,	
850000,	23.628,	88553,	137307,	152170,	71968,	53.54,	7.17,	6.73,	
900000,	25.008,	90707,	134986,	150835,	73472,	53.32,	6.77,	6.44,	
950000,	26.286,	98301,	152544,	169132,	80021,	53.42,	6.82,	7.13,	
1000000,	27.562,	100271,	150465,	168067,	81197,	53.59,	7.23,	7.12,	

1000000,	27.562,	198572,	303009,	337199,	161218,	53.58,	7.24,	7.24,	





OzaBagHT-RandomRBF
Speed Change:,	0.01,	Centroids:,	100,	DriftCentroid:	100
GracePeriod:,	200,	TieThreshold:,	0.01,	BinarySplit:,	true,	BaseClassifier:,	HT,	
EnsembleSize:,	5
Count,	Time,	TP,	FN,	TN,	FP,	Accu,	Kappa,	Kpa_t,	Mem,	Depth,	TSize,	DcNod,	ActLf,	InacLf,	Reset,	Alter,	Switch,	Prune,	ClOp0,	ClOp1,	ClOp2,	ClOp3
50000,	1.434,	8980,	16064,	17438,	7516,	52.84,	5.73,	5.2,	
100000,	2.874,	9715,	15292,	16913,	8080,	53.26,	6.52,	6.07,	
150000,	4.265,	18537,	31523,	34577,	15361,	53.39,	6.8,	7.59,	
200000,	5.679,	19867,	30221,	33691,	16221,	53.86,	7.8,	8.01,	
250000,	7.123,	29451,	45882,	50427,	24238,	53.53,	7.27,	7.13,	
300000,	8.507,	30029,	45309,	50180,	24482,	53.3,	6.85,	7.09,	
350000,	9.826,	39096,	61268,	67542,	32092,	53.52,	7.07,	7.63,	
400000,	11.24,	39412,	60829,	67742,	32017,	53.89,	7.66,	8.42,	
450000,	12.686,	48250,	77231,	85314,	39203,	53.85,	7.85,	7.43,	
500000,	14.09,	49771,	75587,	84489,	40153,	54.21,	8.54,	7.95,	
550000,	15.471,	58748,	91798,	101720,	47732,	53.81,	7.67,	7.95,	
600000,	16.837,	60247,	90150,	101040,	48563,	54.05,	8.14,	8.0,	
650000,	18.218,	68789,	106845,	118363,	56001,	53.37,	6.82,	6.48,	
700000,	19.595,	70723,	104742,	117424,	57111,	53.72,	7.5,	8.15,	
750000,	20.93,	78875,	121899,	135080,	64144,	53.61,	7.35,	7.41,	
800000,	22.237,	80578,	119975,	134305,	65142,	53.47,	7.04,	6.89,	
850000,	23.56,	88553,	137307,	152170,	71968,	53.54,	7.17,	6.73,	
900000,	24.921,	90707,	134986,	150835,	73472,	53.32,	6.77,	6.44,	
950000,	26.233,	98301,	152544,	169132,	80021,	53.42,	6.82,	7.13,	
1000000,	27.523,	100271,	150465,	168067,	81197,	53.59,	7.23,	7.12,	

1000000,	27.523,	198572,	303009,	337199,	161218,	53.58,	7.24,	7.24,	





OzaBagHT-RandomRBF
Speed Change:,	0.01,	Centroids:,	100,	DriftCentroid:	100
GracePeriod:,	200,	TieThreshold:,	0.01,	BinarySplit:,	true,	BaseClassifier:,	HT,	
EnsembleSize:,	5
Count,	Time,	TP,	FN,	TN,	FP,	Accu,	Kappa,	Kpa_t,	Mem,	Depth,	TSize,	DcNod,	ActLf,	InacLf,	Reset,	Alter,	Switch,	Prune,	ClOp0,	ClOp1,	ClOp2,	ClOp3
50000,	1.435,	8980,	16064,	17438,	7516,	52.84,	5.73,	5.2,	
100000,	2.927,	9715,	15292,	16913,	8080,	53.26,	6.52,	6.07,	
150000,	4.329,	18537,	31523,	34577,	15361,	53.39,	6.8,	7.59,	
200000,	5.77,	19867,	30221,	33691,	16221,	53.86,	7.8,	8.01,	
250000,	7.203,	29451,	45882,	50427,	24238,	53.53,	7.27,	7.13,	
300000,	8.616,	30029,	45309,	50180,	24482,	53.3,	6.85,	7.09,	
350000,	9.929,	39096,	61268,	67542,	32092,	53.52,	7.07,	7.63,	
400000,	11.26,	39412,	60829,	67742,	32017,	53.89,	7.66,	8.42,	
450000,	12.614,	48250,	77231,	85314,	39203,	53.85,	7.85,	7.43,	
500000,	14.014,	49771,	75587,	84489,	40153,	54.21,	8.54,	7.95,	
550000,	15.402,	58748,	91798,	101720,	47732,	53.81,	7.67,	7.95,	
600000,	16.75,	60247,	90150,	101040,	48563,	54.05,	8.14,	8.0,	
650000,	18.1,	68789,	106845,	118363,	56001,	53.37,	6.82,	6.48,	
700000,	19.53,	70723,	104742,	117424,	57111,	53.72,	7.5,	8.15,	
750000,	20.847,	78875,	121899,	135080,	64144,	53.61,	7.35,	7.41,	
800000,	22.165,	80578,	119975,	134305,	65142,	53.47,	7.04,	6.89,	
850000,	23.477,	88553,	137307,	152170,	71968,	53.54,	7.17,	6.73,	
900000,	24.808,	90707,	134986,	150835,	73472,	53.32,	6.77,	6.44,	
950000,	26.094,	98301,	152544,	169132,	80021,	53.42,	6.82,	7.13,	
1000000,	27.399,	100271,	150465,	168067,	81197,	53.59,	7.23,	7.12,	

1000000,	27.399,	198572,	303009,	337199,	161218,	53.58,	7.24,	7.24,	





OzaBagHT-RandomRBF
Speed Change:,	0.01,	Centroids:,	100,	DriftCentroid:	100
GracePeriod:,	200,	TieThreshold:,	0.01,	BinarySplit:,	true,	BaseClassifier:,	HT,	
EnsembleSize:,	5
Count,	Time,	TP,	FN,	TN,	FP,	Accu,	Kappa,	Kpa_t,	Mem,	Depth,	TSize,	DcNod,	ActLf,	InacLf,	Reset,	Alter,	Switch,	Prune,	ClOp0,	ClOp1,	ClOp2,	ClOp3
50000,	1.427,	8980,	16064,	17438,	7516,	52.84,	5.73,	5.2,	
100000,	2.865,	9715,	15292,	16913,	8080,	53.26,	6.52,	6.07,	
150000,	4.248,	18537,	31523,	34577,	15361,	53.39,	6.8,	7.59,	
200000,	5.658,	19867,	30221,	33691,	16221,	53.86,	7.8,	8.01,	
250000,	7.054,	29451,	45882,	50427,	24238,	53.53,	7.27,	7.13,	
300000,	8.437,	30029,	45309,	50180,	24482,	53.3,	6.85,	7.09,	
350000,	9.757,	39096,	61268,	67542,	32092,	53.52,	7.07,	7.63,	
400000,	11.148,	39412,	60829,	67742,	32017,	53.89,	7.66,	8.42,	
450000,	12.527,	48250,	77231,	85314,	39203,	53.85,	7.85,	7.43,	
500000,	13.918,	49771,	75587,	84489,	40153,	54.21,	8.54,	7.95,	
550000,	15.337,	58748,	91798,	101720,	47732,	53.81,	7.67,	7.95,	
600000,	16.721,	60247,	90150,	101040,	48563,	54.05,	8.14,	8.0,	
650000,	18.097,	68789,	106845,	118363,	56001,	53.37,	6.82,	6.48,	
700000,	19.473,	70723,	104742,	117424,	57111,	53.72,	7.5,	8.15,	
750000,	20.803,	78875,	121899,	135080,	64144,	53.61,	7.35,	7.41,	
800000,	22.113,	80578,	119975,	134305,	65142,	53.47,	7.04,	6.89,	
850000,	23.426,	88553,	137307,	152170,	71968,	53.54,	7.17,	6.73,	
900000,	24.777,	90707,	134986,	150835,	73472,	53.32,	6.77,	6.44,	
950000,	26.061,	98301,	152544,	169132,	80021,	53.42,	6.82,	7.13,	
1000000,	27.34,	100271,	150465,	168067,	81197,	53.59,	7.23,	7.12,	

1000000,	27.34,	198572,	303009,	337199,	161218,	53.58,	7.24,	7.24,	





